24.925,15.806,-9.3772,-13.118,-1.1254,-6.1062,-9.5584,-4.6059,-7.5661,-5.186,-0.11342,-2.6947,2.0486,2.7879,-7.8308,-3.5152,5.8217,1.2206,-2.7972,-6.0222,-6.6879,5.6787,13.225,12.372,11.997,-2.5652,-13.696,0.41476,2.6796,-10.484,3.2723,23.121,12.445,-2.686,-1.0597,1.6306,0.8465,0.75918,-3.0838,-4.1749,4.7316,5.0747,-11.869,-22.218,-19.935,-18.142,-14.829,-19.437,-30.575,-6.6852,37.568,40.617,25.859,29.323,15.19,-1.6858,19.193,24.388,-6.0737,-7.2406,6.1107,-15.67,-29.314,-9.3076,-2.927,-15.677,-15.274,-7.7919,-10.088,-9.6118,4.0092,11.559,5.1774,4.5592,3.1265,-9.4787,-4.0304,14.837,13.581,10.426,11.782,-3.5052,-5.3093,14.045,11.759,-1.7265,-7.0753,-17.819,-13.264,7.4742,5.6016,-2.6191,6.7146,6.768,-7.7287,-14.14,-7.7891,1.3026,3.115,1.4847,-1.8435,-10.917,-8.6212,2.3084,-0.34235,5.8917,23.192,11.189,-8.9683,-4.675,-0.49522,-0.73504,4.5068,4.8066,5.0844,1.1655,-11.696,-7.1391,7.2133,4.0458,0.25017,5.09,6.1066,5.4644,2.0734,-4.8127,-12.779,-21.64,-15.106,1.0289,0.69081,-0.052268,7.6462,5.4437,7.0013,7.4638,-11.683,-11.046,13.045,10.968,2.4977,14.479,10.478,-6.3584,0.29434,10.262,-3.8348,-16.464,-7.2221,-4.1731,-15.837,-5.1775,17.735,8.0437,-8.92,2.9083,10.721,-4.0236,-11.7,-3.3382,3.8165,0.44836,-9.3438,-13.087,-2.4878,14.241,18.771,7.5959,-0.026919,2.7113,-2.4803,-13.703,-4.552,13.923,4.3385,-13.432,-0.96227,9.8645,-2.4628,3.7576,22.841,14.724,-3.7899,-9.7587,-3.9193,4.3912,-8.4051,-20.354,-4.4146,-8.5467,-30.748,-19.746,-9.1684,-9.6784,11.565,18.504,17.686,36.56,16.734,-12.32,13.984,19.857,-0.63407,17.076,10.454,-20.669,0.84172,12.122,-20.573,-22.953,-9.2297,-13.248,-9.9987,-8.7981,-13.175,-4.7629,2.4879,6.8094,14.313,9.9483,-1.3565,-5.6659,-4.347,-0.76247,5.0373,16.902,15.796,-8.3766,-7.5651,14.577,-1.5527,-17.796,5.2737,10.345,0.15799,14.169,16.913,2.5578,2.2233,0.41314,-9.3847,-14.209,-15.229,-6.8769,0.50545,-6.8149,-9.5719,-5.4697,-5.247,0.2112,-0.71695,-13.37,-9.6894,3.7263,4.0342,5.1253,12.538,16.201,18.361,13.421,1.6041,1.2538,6.5833,3.0647,5.6152,12.556,-2.5069,-21.336,-11.833,2.2355,0.82003,-0.31172,-6.7483,-14.489,0.57239,7.9455,-14.569,-18.545,1.2294,0.83389,-7.9736,0.81434,13.328,12.025,-5.9436,-15.602,6.494,23.335,1.6469,-19.978,-11.138,1.3658,1.9591,10.714,24.448,16.775,3.5891,10.542,14.456,6.8586,4.8948,-4.5581,-13.816,-2.286,-1.4093,-16.239,-17.623,-18.31,-13.593,3.8189,-6.0583,-21.64,-2.2922,8.4941,0.89114,0.26122,-7.4704,-2.1566,9.771,-14.829,-13.438,24.376,-0.24547,-26.749,24.766,49.214,24.936,31.881,40.681,30.873,31.11,21.797,2.6128,-17.836,-44.65,-45.14,-34.611,-48.142,-43.438,-32.44,-52.371,-41.775,-11.579,-29.966,-30.532,21.455,47.366,53.141,73.142,67.7,46.544,51.126,51.528,28.458,16.623,10.108,-22.959,-48.123,-30.552,-16.937,-34.46,-46.571,-45.454,-42.396,-33.659,-30.022,-25.436,-2.6434,17.523,21.693,22.05,26.94,41.887,43.102,20.244,16.988,18.359,-13.916,-21.005,8.934,4.1832,-15.441,-6.9287,0.22523,0.80481,4.3713,1.9589,4.4154,4.0436,-8.2081,-7.1912,-5.9177,-21.668,-18.472,1.5551,2.5993,-6.6132,-12.912,-11.371,9.5856,23.18,6.2294,-2.696,10.306,3.7199,-13.39,1.0343,16.847,-0.18752,-12.464,-5.0582,1.8314,17.222,23.459,-1.5153,-9.0942,12.627,13,-1.5436,-7.0411,-11.801,-9.5477,-10.053,-22.928,-15.272,5.672,7.6941,10.303,14.699,5.0885,7.8186,13.907,-8.1756,-20.868,-1.1925,7.8222,-5.3522,-17.062,-20.932,-13.312,-4.2011,-8.2713,4.3779,39.382,39.347,16.243,22.413,7.9349,-38.352,-20.244,29.528,6.1582,-29.363,-7.1537,9.7122,-7.6799,-20.548,-15.819,-1.5206,7.8875,13.235,23.969,15.855,-8.4577,-7.076,3.0075,-8.2745,-13.047,-6.1255,-14.231,-22.79,-11.373,-1.2113,-1.2824,13.308,31.932,22.068,7.2242,11.183,13.87,13.708,3.5484,-18.701,-1.7027,27.742,-4.7902,-35.362,-18.475,-18.32,-13.839,12.5,-3.8843,-20.686,9.5304,16.105,-3.3519,0.84945,9.8925,7.6728,-3.4989,-7.9173,11.503,8.865,-18.172,-7.7065,7.374,-0.10173,17.685,25.346,-4.6002,-8.733,5.9701,0.16566,-10.358,-20.458,-14.532,11.586,12.033,-5.2565,-5.3111,0.99843,11.586,7.7503,-16.107,-1.2985,22.412,-7.1365,-13.735,14.331,-9.5174,-23.3,24.975,28.434,-17.01,-15.263,5.6014,-7.665,-18.583,-7.5319,1.141,1.4713,0.21554,3.2338,14.305,13.601,-9.0136,-11.004,19.847,23.168,-4.2388,3.679,34.728,24.438,-14.394,-28.839,-20.731,-22.25,-25.034,-6.8798,5.567,-4.3751,-1.7102,10.639,3.5714,0.47003,7.2276,-5.5462,-11.443,13.103,19.709,-4.9544,-7.8277,13.772,10.655,-11.14,-7.6602,13.396,18.904,7.3292,-6.931,-5.8152,10.966,9.2302,-12.549,-15.009,-4.6516,-11.554,-17.369,2.7364,19.175,-5.9768,-29.617,3.867,29.737,-7.7944,-30.523,-7.5655,4.4727,9.2447,15.499,13.06,27.437,27.071,-12.698,-14.087,14.071,-3.5652,-20.443,-8.3607,-13.271,-9.4457,15.325,14.184,-3.5416,-9.445,-0.48493,13.132,0.93955,-13.01,5.4601,1.1759,-23.666,-2.6327,16.848,-5.2433,-10.468,-0.82392,-4.1417,6.0183,24.023,25.729,11.081,-11.23,-10.626,3.8989,-9.58,-18.011,-2.6502,-10.064,-16.826,4.046,5.0686,-1.79,15.788,18.903,7.7989,9.9867,3.4364,-2.4204,12.991,9.4812,-20.131,-27.542,-8.5912,1.6176,-6.7386,-11.398,2.043,12.051,1.7292,-9.73,-4.7636,12.997,26.979,17.426,-8.3303,-21.712,-15.874,-7.1097,-5.7017,-0.39898,16.014,21.232,10.472,4.9007,-6.3389,-21.888,-7.4316,10.365,-1.401,-0.14537,16.066,5.817,-2.9241,9.4132,6.8194,-8.9032,-14.356,-11.516,-10.892,-21.631,-17.741,17.142,25.651,2.0833,9.0851,18.208,-4.6736,-5.483,7.5351,-10.018,-21.798,-11.601,-6.7373,-0.96519,9.1795,16.783,17.469,-1.3791,-10.304,14.207,22.766,5.5377,-0.14677,-7.0302,-11.219,7.861,9.5478,-13.558,-15.835,-6.1634,-7.2165,-5.632,1.1531,0.77314,-16.223,-28.016,-1.1684,20.625,-1.5264,-2.8185,23.261,3.6037,-22.788,9.2786,41.149,22.368,-7.1188,-7.5965,11.362,11.4,-11.182,-17.057,-3.1306,7.657,12.567,2.3154,-14.974,-12.951,-10.21,-14.492,4.3916,20.051,-3.3935,-27.724,-20.31,-0.024554,5.2998,-2.448,14.068,39.35,15.039,-16.72,-4.7138,-4.0026,-15.216,0.79846,-9.8008,-37.367,-7.0143,24.336,8.833,18.387,49.836,39.562,10.601,3.6867,8.2639,1.9782,-11.488,-7.9314,-2.5392,-22.763,-35.235,-24.649,-27.272,-35.747,-25.398,-11.097,-1.8981,6.385,8.6299,-0.010379,-7.8542,7.3602,29.864,32.275,35.498,35.631,11.551,5.5226,18.002,12.721,27.94,45.8,7.9376,-23.485,-21.63,-28.826,-14.596,-9.1992,-51.74,-42.687,-3.7213,-40.024,-61.614,-31.105,-38.972,-30.772,21.347,24.039,13.281,47.21,69.38,65.142,58.528,54.695,55.441,27.448,-13.394,-2.5351,15.065,-14.155,-38.211,-42.038,-53.327,-59.363,-54.096,-36.758,-10.123,-6.4962,-16.54,-1.4864,17.52,13.332,5.6277,8.1978,16.339,23.386,16.191,2.0211,14.782,41.678,29.674,6.8703,27.403,33.181,-8.6318,-21.525,-9.4984,-23.955,-19.127,3.7823,-23.406,-56.463,-25.821,20.997,23.004,0.85131,-0.5575,11.463,3.5058,-18.645,-31.868,-18.22,20.068,24.5,-15.117,-19.763,7.9471,16.434,26.827,26.446,-2.7442,-0.10207,23.616,12.535,1.9609,8.351,4.5425,0.39057,-7.6421,-18.057,-4.9434,7.074,-7.8375,-25.91,-25.705,-6.9709,0.41475,-14.923,-11.716,3.7791,1.5409,2.4535,-1.8773,-11.063,11.118,19.912,-1.2939,9.6204,19.984,7.7079,24.629,23.056,-11.057,1.6865,15.002,-11.433,-0.69478,22.463,-5.8636,-40.685,-41.393,-10.207,16.953,-1.8261,-13.342,13.507,4.4455,-30.027,-19.344,7.0359,6.8982,-5.0372,-8.0003,2.7726,9.0148,12.437,30.6,35.264,21.533,25.449,23.519,-7.3139,-24.066,-14.054,-14.005,-31.929,-32.771,-5.3792,4.0583,-14.296,-14.475,0.47565,7.9401,10.511,-1.6185,-3.1945,19.909,7.7555,-14.722,15.709,25.616,-1.897,17.498,30.381,-13.014,-18.734,8.9805,-9.9284,-25.157,4.4691,9.0695,-20.978,-22.059,-3.6361,-3.5495,6.3473,24.586,2.9731,-20.301,3.1789,14.325,-9.8067,-8.5913,15.348,12.436,-10.959,-11.008,16.875,19.585,-9.2117,-6.1953,17.94,10.609,-1.8421,-4.0779,-14.797,-7.952,9.0122,-2.4546,-8.878,7.4919,-1.7534,-30.672,-29.316,-5.713,2.5832,0.29572,13.878,32.597,28.508,9.4057,-4.5238,-8.6389,-1.9299,4.2583,0.3766,2.2286,11.126,4.1305,-11.67,-8.1136,3.2458,-7.2226,-19.643,-5.8038,2.7343,-14.577,-18.657,5.2337,25.923,18.32,-10.945,-15.133,14.364,13.389,-13.405,-4.4659,12.541,9.6506,13.053,-5.5182,-36.259,-3.5587,36.691,8.4082,-1.7545,30.77,8.1076,-36.565,-19.124,6.2988,-4.9402,-13.344,-11.787,-8.5653,0.053179,-0.98022,-1.5024,8.972,2.5351,-6.5628,3.3277,1.9493,5.8494,29.731,12.841,-17.543,11.569,30.68,-9.5459,-27.624,-2.9304,9.2144,-0.42771,-7.7635,2.2661,9.5789,-8.5743,-20.439,-10.543,-5.9611,-2.2283,2.8255,-4.0872,-5.1656,0.070033,-1.7529,1.0955,4.3148,11.534,28.779,15.512,-11.224,6.4286,21.798,-1.0131,-11.386,-6.6407,-1.0558,8.9568,-11.046,-35.47,-9.285,8.9797,-13.764,-12.368,12.691,16.966,4.4171,-10.629,-5.4893,21.681,20.786,-7.3279,-5.634,16.607,10.907,-10.375,-9.0274,-3.1396,-23.662,-29.801,6.3013,20.066,-5.3587,-3.7192,16.594,8.5704,1.0593,15.143,22.994,18.513,5.3801,-15.841,-24.673,-18.384,-16.934,-16.36,-8.6511,-6.1592,-5.4022,9.3622,22.911,15.611,7.0093,11.681,10.892,5.1283,3.8374,-10.506,-22.814,-2.7866,8.8529,-10.927,-10.868,1.6792,-12.792,-13.357,11.743,13.505,9.7654,24.932,22.123,0.21225,-16.728,-25.072,-5.5222,22.858,8.4737,-19.564,-17.652,-9.3411,-4.1285,3.3489,0.85366,0.27611,4.8277,2.1657,9.7036,16.539,-2.5907,-11.01,4.7574,10.416,11.159,7.9762,-10.658,-14.637,-7.1368,-14.893,-11.832,-0.62674,-4.8693,5.1937,18.289,4.4041,5.6268,15.615,-5.6061,-8.789,13.035,5.4289,-0.61788,10.239,-3.3789,-12.077,-4.6712,-18.398,-14.031,15.841,6.967,-10.309,4.5678,2.6688,-13.629,-8.6095,-5.3204,-5.8467,5.4617,9.2815,5.9695,8.3665,10.773,17.053,19.731,4.5282,-6.4052,-0.045082,0.054042,-10.962,-11.718,-0.06576,-1.0901,-17.191,-14.261,7.0683,9.5813,-6.3143,-18.495,-17.056,1.0239,12.419,6.6498,11.305,14.252,-3.2026,-1.9249,15.953,8.3576,-2.3176,3.6154,-1.8465,-13.98,-13.744,-7.7059,4.3035,18.35,16.966,1.2239,-9.5434,-2.4888,7.9924,-0.28027,-13.12,-9.419,-2.7369,-6.0283,-8.0576,3.9482,17.566,4.9209,-16.238,-7.7021,3.0109,-7.864,-2.4255,13.809,5.3696,-2.5206,4.3609,1.0409,-1.347,9.668,10.916,0.015419,-2.186,4.8966,3.7503,-5.21,1.321,12.739,-4.6071,-22.387,-6.659,1.1583,-13.907,-7.8969,10.02,6.3549,0.93613,5.9561,4.7089,2.0597,2.4634,-4.5065,-10.433,-8.5359,-11.364,-11.82,3.1772,13.08,9.9982,17.274,20.239,-4.3145,-13.705,10.532,11.71,-12.016,-8.9531,5.4053,4.3918,10.501,15.234,-4.7219,-23.977,-25.547,-21.409,-7.3203,14.315,19.973,8.647,1.2286,-1.3207,-10.509,-12.547,2.1866,4.7646,-8.59,-5.6605,4.7854,6.0347,12.841,13.912,4.092,9.873,13.168,-4.3442,-9.8086,-2.5516,-3.3012,-3.2796,2.3723,17.256,19.845,-23.701,-48.831,-4.9553,17.201,-9.4676,-10.831,-0.78336,-4.74,6.459,13.181,2.7317,1.2987,2.0365,3.1673,5.5932,-2.454,7.286,26.203,6.1339,-11.974,4.9415,6.8264,-7.5033,-13.205,-16.892,-4.4201,7.2163,-11.761,-16.895,4.3369,7.8547,5.9954,10.123,-1.4988,-7.1881,2.6407,-1.0031,-4.1563,13.623,22.967,8.2802,-4.0211,0.27067,6.6225,0.54981,-23.064,-46.226,-28.921,15.632,28.076,15.718,10.685,-5.2298,-20.688,-11.273,-1.8134,8.8487,26.167,21.405,19.744,29.757,-5.3365,-45.795,-24.186,0.68814,-6.4563,-3.5618,2.2403,-3.694,-3.0027,2.1735,7.8725,12.303,3.5839,-11.223,-18.598,-8.571,16.346,17.617,-7.2051,-7.2435,9.057,4.0775,-0.93817,6.8937,7.2755,2.4051,-0.78014,-3.3315,0.040147,2.6004,-6.1542,-17.678,-15,5.0738,16.125,-2.8789,-21.37,-8.6658,12.93,19.18,15.531,9.0101,7.8481,11.403,-2.4838,-20.26,-5.3578,3.6475,-28.972,-34.887,5.5556,17.099,4.2179,8.3767,3.871,-3.3924,8.9242,11.552,6.2144,6.7849,-0.67615,1.8784,7.4012,-9.1805,-6.2988,4.8604,-23.449,-27.332,8.1349,4.6083,-9.6834,4.256,8.1822,13.047,18.457,-2.2019,-5.1989,7.2678,-9.3656,-10.635,17.624,19.264,-3.2821,-13.912,4.4625,23.723,-7.7905,-35.806,-5.7593,-2.4822,-28.785,-0.92908,20.427,-6.6902,-5.2361,9.7594,-5.6744,-6.4165,12.3,16.303,13.725,11.43,4.4811,-1.7957,0.21241,5.1822,-3.4379,-6.0234,17.094,21.855,-1.8288,-13.089,-18.694,-18.727,-1.1118,-1.2323,-10.463,-4.637,-18.699,-25.593,6.4395,8.2406,-13.073,6.813,22.343,9.2568,9.4247,9.5041,3.6389,7.7269,-0.045548,-8.1141,6.2973,16.664,16.884,11.822,-7.773,-12.341,7.2265,6.5099,-13.883,-18.106,-6.6314,3.8824,3.8367,-3.3262,-3.3145,-4.7036,-23.045,-33.937,-13.285,6.3047,-4.4853,-7.3912,20.313,26.984,-4.1526,-13.891,18.505,40.547,14.602,-21.181,-10.244,20.046,14.439,-0.9531,4.4642,9.0146,11.307,12.329,-0.12907,-4.3544,-1.3384,-15.493,-16.031,2.2573,-10.72,-33.715,-21.434,-10.997,-24.105,-16.871,9.4456,5.3775,-16.834,-8.7816,8.0309,0.32255,3.2134,22.849,21.423,21.345,35.867,25.032,13.287,31.496,32.989,20.277,24.364,3.226,-29.851,-12.297,5.3055,-23.489,-45.141,-53.205,-61.642,-35.887,-12.043,-36.55,-51.702,-35.736,-19.286,19.118,57.853,49.867,43.244,56.657,49.018,46.355,51.167,25.019,11.941,22.076,-2.6214,-27.955,-20.035,-25.678,-35.143,-26.889,-31.466,-34.076,-20.79,-15.303,-2.1693,6.8384,-21.573,-35.116,-11.204,-2.9051,0.67392,17.556,16.555,15.736,27.012,19.14,16.538,31.672,21.263,7.623,22.922,19.961,-7.5787,-8.0941,8.8321,0.91884,-18.909,-12.233,6.1806,-8.2576,-32.054,-19.595,-5.5154,-18.793,-24.124,-15.64,-9.5157,-2.8487,-7.288,-13.191,2.8463,12.323,7.0183,17.009,23.629,17.073,23.253,23.534,12.797,21.092,18.634,-13.822,-19.61,6.0662,3.2958,-21.327,-15.052,6.4495,-1.8963,-13.002,-0.5195,-7.0558,-24.459,-6.0506,4.7753,-15.528,-11.173,3.3727,-4.6744,0.69095,8.175,-6.366,0.13559,19.218,10.204,7.6646,21.723,9.4083,-9.5251,2.8383,17.123,4.7864,-12.533,-9.1157,13.536,20.596,-15.599,-37.652,6.1268,25.611,-24.957,-27.519,19.112,1.8067,-21.054,14.169,20.18,-2.1722,-1.8327,-16.665,-18.538,17.281,1.2367,-41.279,-7.6818,38.014,15.973,-14.595,-4.5397,15.221,17.834,18.762,21.728,1.3883,-16.524,3.7955,14.64,-6.0215,-13.821,-11.897,-16.974,-21.257,-27.095,-7.3721,29.166,11.719,-17.986,10.477,21.359,-8.6169,-0.31551,13.41,-8.1638,1.146,32.862,18.617,-14.503,-20.292,-11.481,-7.2733,-10.007,-8.3646,-1.4604,-7.0348,-8.1689,15.962,26.95,6.7109,-6.5927,-0.86514,13.061,22.288,2.6251,-16.811,6.8512,19.467,-17.497,-36.364,-10.533,6.7797,-5.1113,-19.653,-11.028,6.6447,2.901,0.83211,19.445,21.808,8.4749,5.9875,1.4443,0.3175,9.7308,0.37674,-16.998,-13.902,-7.0988,-4.9498,1.5156,5.3483,-0.57532,-10.768,-4.1528,15.143,11.292,0.73343,5.9461,-3.6439,-8.9906,6.6153,-9.0342,-22.337,12.841,18.103,-9.1763,3.8375,14.854,-2.7872,-3.6401,-2.5649,-6.7396,6.6031,11.997,2.614,-5.7178,-18.263,-18.186,-7.9616,-13.014,-5.5578,23.076,30.362,15.323,1.8532,0.85006,12.57,6.6654,-19.088,-20.53,-3.2806,-2.7518,-11.766,-13.376,-5.0627,3.9075,1.5404,3.4448,18.057,19.904,10.077,10.408,12.108,8.2886,6.1742,-6.1591,-26.861,-25.862,-8.8437,-7.493,-16.17,-18.34,-10.361,9.1288,11.841,-3.6908,13.124,28.322,-1.3334,7.3119,43.208,5.4267,-22.71,19.022,15.518,-23.521,-21.491,-19.544,-15.797,1.5636,-5.317,4.3107,21.888,-10.554,-14.35,22.097,6.4657,-9.43,7.7628,-0.88136,3.4946,18.076,-14.006,-24.866,1.77,-2.4123,-10.429,-8.9481,-16.346,4.4369,31.005,25.382,16.305,0.27333,-12.413,3.6222,0.88289,-10.43,12.798,11.149,-14.472,-3.0421,3.8712,-8.6796,-5.5066,-14.659,-23.489,2.3577,18.919,14.73,11.969,0.24493,-5.0653,-3.4936,-11.495,2.9972,15.609,-18.181,-28.849,1.7746,0.0015612,-8.7267,9.0394,9.3396,8.0912,22.173,9.5432,-1.7819,20.492,21.126,-6.9853,-14.515,-7.1281,-5.3181,-5.5369,-8.1018,-7.4278,-0.29611,4.6373,4.3006,-3.8334,-8.7667,3.7737,3.8165,-22.601,-25.652,3.4457,15.628,4.7516,-1.8726,2.5336,6.5888,-1.685,-4.1734,15.395,19.102,-4.3426,-8.2631,0.84779,-7.5435,1.668,31.886,22.611,-12.891,-13.169,1.4851,-2.8774,3.0377,16.482,0.52781,-20.464,-17.97,-11.208,-2.1586,5.4145,-7.6903,-13.837,3.3929,8.5549,-1.2222,-11.107,-21.555,-12.004,8.9182,4.6801,-7.5974,-3.3357,12.11,30.032,22.413,-2.0895,4.7275,19.863,18.023,29.751,26.98,-8.7542,-14.932,4.0703,2.5711,-0.89248,-8.1356,-32.413,-36.356,-17.125,-12,-20.745,-21.916,-15.315,-23.278,-39.799,-21.362,18.267,26.219,16.822,22.761,32.113,27.984,15.48,25.657,56.574,44.725,-3.2212,-9.6594,15.82,22.309,12.782,-5.0571,-15.02,-1.9307,-5.2132,-36.613,-52.14,-55.714,-65.354,-55.107,-34.869,-37.55,-40.586,-29.288,-21.138,9.0766,68.283,97.492,91.66,87.018,68.995,48.968,50.537,30.935,-4.7622,-12.109,-24.224,-43.848,-37.081,-47.111,-71.932,-49.697,-12.966,-8.8627,-18.216,-23.36,-16.597,-13.888,-20.245,7.0911,36.074,12.195,1.0512,25.631,23.742,14.582,22.947,24.385,28.918,28.012,5.9531,-2.5248,5.966,6.831,-0.078407,-8.119,-0.53355,4.2997,-22.626,-30.02,-6.1246,-10.244,-19.813,-12.356,-19.318,-14.438,-0.060348,-16.45,-19.568,4.0748,6.4814,6.1477,16.694,9.9844,0.09077,6.1125,14.761,12.219,10.037,26.869,29,5.305,11.465,18.439,-13.933,-11.449,15.311,-8.0504,-30.369,-21.77,-17.437,-7.4087,-12.428,-31.006,-3.363,23.656,0.90517,-8.0077,-0.079892,-12.027,-12.645,9.3101,27.73,24.271,6.3499,5.2981,4.0843,-10.58,5.74,20.709,-7.4374,-15.181,-3.9495,-16.098,-4.5712,20.293,8.3415,1.9484,14.782,11.127,2.1982,-3.0622,-9.5359,-10.304,-5.3017,3.6467,-3.4147,-25.431,-16.003,3.8519,-10.751,-18.886,-4.7844,5.8417,22.018,23.634,-0.48425,-6.1723,5.7586,12.256,11.13,-4.0559,-0.65629,22.144,5.8114,-13.754,1.8011,-5.961,-12.085,20.205,11.697,-26.622,-14.569,6.9849,0.51833,-4.1918,-11.883,-17.351,0.237,10.957,-4.7803,-14.319,4.9076,27.707,21.085,2.0231,0.13551,-1.1344,-13.499,-13.348,3.6789,10.209,-5.7576,-12.674,6.5452,8.7515,-12.453,-5.5371,15.808,11.989,4.8838,0.6068,-7.5762,6.46,21.563,3.9375,-11.637,-13.852,-23.977,-18.353,4.2197,10.622,8.4931,2.9598,-12.068,-9.7982,5.9926,5.0031,2.6998,6.8649,2.3862,5.6909,13.984,2.347,-7.1756,-0.43892,-3.1624,-9.4026,-3.5494,-4.0036,-10.216,-0.079932,12.416,2.9404,-7.3525,7.3466,22.901,11.639,-11.606,-17.683,2.8182,18.48,1.0987,-11.025,0.14906,-7.1834,-15.56,-1.6542,-11.08,-21.885,10.305,26.796,5.7007,-7.3852,-9.5282,3.4529,22.464,8.7379,-8.6847,-2.3016,-1.1689,0.74741,4.1108,-2.5424,7.7777,14.91,-0.59823,2.1764,-2.0744,-30.293,-18.685,8.2864,0.46401,-3.906,-0.5097,1.649,18.566,14.629,-9.6856,-8.6936,-0.7945,1.4862,8.3123,0.44405,-9.1614,-3.3762,-0.09247,0.28543,-4.7524,-11.414,-3.1362,-0.63161,4.7265,31.862,26.419,-5.7717,-5.7147,-4.9759,-15.217,-3.4442,5.4902,5.6753,5.3342,-10.115,-9.567,5.3814,-2.4875,-2.9553,3.4249,-10.922,-13.652,-8.6075,-6.1485,12.359,8.2422,-3.0024,24.52,18.079,-21.984,-9.8682,12.294,10.519,12.59,1.9682,6.9999,21.078,-20.581,-35.782,13.545,6.4797,-29.391,-17.308,-16.761,-15.444,15.275,10.514,-2.4637,23.565,33.625,22.798,18.873,-1.8933,-25.005,-19.588,-9.025,-8.5486,-1.943,6.326,-3.9443,-18.828,-12.002,2.2087,8.3827,12.146,5.5891,-0.57859,11.306,15.677,3.5324,-4.2785,-7.3352,-6.6786,-9.663,-15.912,3.5059,21.913,2.9528,-3.8134,8.4821,-3.0393,-4.4296,12.745,3.1055,-8.3972,0.95517,0.10768,-9.9424,-16.43,-15.23,5.739,21.237,4.4114,-12.501,-5.2064,0.91783,-5.2672,0.43206,13.925,6.4943,-2.6571,4.6348,-1.3734,-5.9036,16.839,18.844,-7.9568,-10.249,3.6137,1.2089,-4.2466,3.5826,9.6772,-9.4646,-25.851,-3.4865,13.754,2.0031,-1.0191,-2.4474,-4.4356,7.1432,-5.7175,-23.024,-0.6827,7.9433,-2.2583,4.6629,-10.126,-19.783,15.051,24.453,14.122,25.248,5.4683,-19.145,1.4103,11.003,8.1724,12.171,-13.406,-24.194,7.5341,12.527,-5.7625,-11.606,-16.513,-7.9867,2.9607,-4.9997,-2.3679,-0.41131,-15.008,-9.8094,-2.2247,-9.0902,5.4861,16.2,1.6646,2.0656,6.4563,1.2291,18.545,37.09,21.389,-4.4237,-10.079,0.028165,-2.4389,-13.103,-0.024636,8.4312,-6.9389,-3.8933,-2.5996,-21.299,-3.0719,17.708,-13.451,-22.084,6.3902,2.8299,-13.379,-17.574,-19.7,0.75039,11.928,-14.808,-10.927,30.351,38.112,18.82,9.0546,8.6467,15.398,14.053,-5.7516,-21.963,-15.816,10.07,26.714,9.6508,-12.238,-13.699,-9.2822,-1.7317,2.4965,-9.3376,-18.66,-16.784,-9.8033,2.6718,-3.1592,-19.93,-1.1111,22.732,4.0336,-18.086,-14.174,-2.5483,4.7206,-4.0249,-12.657,8.8631,32.261,29.048,21.318,19.754,20.593,23.558,20.096,18.384,23.394,8.802,-19.376,-19.769,-4.8558,-23.415,-59.636,-59.436,-39.634,-45.545,-50.202,-25.665,-4.13,2.5681,9.7764,19.507,40.008,59.255,50.106,37.702,50.028,59.292,39.99,2.6077,-19.348,-6.913,0.41229,-21.993,-28.072,-10.104,-15.344,-32.669,-28.59,-29.94,-46.81,-34.484,-0.41594,-0.24597,-17.522,-6.5323,13.136,24.85,33.054,12.635,-10.251,19.202,42.969,9.2109,-4.2908,28.555,33.354,7.0845,-4.4662,-6.3906,-2.8821,11.292,7.0744,-19.653,-25.729,-8.2098,-7.5651,-22.423,-19.346,-4.7411,-7.5965,-17.532,-9.5831,2.8549,6.9633,14.528,10.908,-5.8378,4.8404,16.151,-15.964,-24.708,11.263,11.41,-3.8932,18.12,24.826,5.6163,4.4971,9.5705,14.038,17.002,-0.56905,-9.2572,2.3316,-3.4926,-12.089,-7.0867,-12.95,-16.028,-6.1549,-8.2317,-14.959,-8.55,1.5608,-2.3938,-18.235,-8.2775,24.829,25.166,4.6975,0.90082,-8.7566,-14.374,7.8087,15.115,-1.3284,4.1517,23.081,15.571,-4.6853,0.49531,9.1885,-12.073,-16.469,9.8914,4.3575,-10.476,5.4115,1.4893,-13.255,-2.1042,-4.7886,-5.933,18.57,6.2624,-27.164,-14.42,10.413,7.4871,-6.398,-9.5261,4.3271,5.4414,-6.0643,5.3596,4.018,-22.986,-10.757,21.843,18.464,-0.43664,-13.985,-11.26,8.7576,15.567,24.884,36.693,-5.5058,-42.645,5.6217,43.713,6.1527,-15.189,6.9821,-3.6554,-37.961,-20.215,12.732,-10.558,-22.168,13.724,2.9369,-31.532,-3.6044,18.012,-12.217,-22.743,1.709,19.463,5.0502,-18.627,3.1048,29.661,6.2114,0.52496,22.732,13.102,8.9052,18.788,4.9523,9.4438,27.04,12.051,2.9748,0.40246,-27.02,-35.87,-15.785,-3.9592,-9.3767,-28.411,-25.289,0.04042,-18.255,-41.938,-8.416,6.5707,-14.262,4.4475,29.075,16.612,12.232,18.609,11.788,13.445,29.635,35.063,20.602,3.8512,4.7745,18.353,24.072,15.624,12.106,19.214,-2.3423,-43.888,-39.553,-27.577,-62.039,-60.67,-25.962,-60.951,-82.948,-11.029,20.824,-10.965,16.64,64.299,59.197,59.348,70.324,49.137,31.995,39.609,36.418,14.119,-10.923,-24.388,-23.991,-22.231,-19.07,-21.457,-40.703,-44.566,-28.866,-34.547,-35.546,-10.775,-4.9645,0.52499,20.222,0.58777,-12.382,25.081,26.158,6.0848,35.824,36.44,-4.1497,6.0058,26.996,12.965,11.866,13.44,-2.0215,-10.08,-15.859,-14.619,-3.4268,-7.839,-7.0172,4.0623,-12.043,-20.298,4.1249,6.2368,-11.758,-10.464,-5.3563,-9.9228,-19.601,-22.551,1.1741,18.71,-2.4116,-8.2449,23.446,31.942,11.01,5.573,11.417,15.418,21.985,8.2861,-16.654,-5.1848,7.818,-15.244,-4.8751,28.827,-7.425,-48.433,-12.453,12.656,-9.9105,-14.055,-2.6596,1.2948,0.039441,-11.868,-4.1864,23.393,14.91,-6.9384,3.1303,4.5822,-15.024,-10.62,13.501,18.355,2.1147,-1.5073,13.184,10.578,-3.4554,0.62106,-0.31087,-8.1945,5.3463,6.4621,-16.807,-12.642,1.8235,-12.318,-13.306,8.067,5.3504,-4.7232,9.0752,15.779,-1.218,-13.174,-4.0216,14.399,19.41,4.0005,-12.513,-17.146,-7.2328,11.029,4.0884,-20.131,-4.7034,17.64,-10.719,-21.497,17.483,22.47,-1.1103,6.7482,13.921,5.9465,5.5056,-12.895,-28.34,2.6231,15.933,-16.534,-11.517,19.476,0.027522,-21.103,5.5196,17.41,-2.5001,-7.2816,3.6604,14.69,8.6531,-22.45,-21.037,19.272,13.944,-18.956,-10.249,3.8541,3.4158,10.622,5.2378,2.4102,13.62,-7.9498,-29.714,0.74951,25.579,7.6539,-13.676,-7.1026,23.562,24.454,-18.425,-27.659,2.0073,2.7613,-17.53,-21.847,-4.4956,16.524,5.8904,-10.794,9.1517,24.825,13.836,3.1094,-4.0485,6.4686,20.397,-3.1389,-21.266,-8.0163,-5.6015,2.2648,15.946,-3.2484,-15.281,-7.2734,-15.628,-6.7118,15.726,-0.35576,-21.661,-14.848,2.063,18.915,13.139,-4.8768,2.4243,4.1238,-12.941,-2.3665,25.535,35.374,30.914,18.986,4.7835,-11.496,-20.926,-4.0969,7.396,-11.988,-25.984,-35.055,-53.313,-44.699,-8.5152,23.438,34.838,14.452,3.2976,29.581,29.869,1.4074,7.9121,17.49,-4.6705,-8.7987,9.9629,6.1004,-10.335,-3.1383,7.8697,-8.721,-18.334,-4.3645,-11.447,-20.616,0.18855,-1.4085,-19.988,-2.4837,13.41,9.4508,22.394,35.434,32.816,19.798,-7.5826,-17.089,-8.8472,-21.142,-25.157,-17.041,-33.391,-31.674,-4.8152,-4.1194,2.3417,22.827,14.906,18.296,36.523,15.661,1.2586,18.606,12.198,4.8952,20.196,4.4631,-26.341,-18.865,-1.9584,-6.9058,-11.62,-2.3589,3.8076,-3.9743,-6.0931,0.5146,-12.104,-24.607,-4.9064,4.6607,-17.314,-21.546,-7.138,-8.7388,-6.3355,15.741,23.856,2.5627,-12.488,9.7914,34.915,24.086,19.057,42.986,42.824,23.051,26.17,20.807,-5.0516,-13.749,-18.273,-30.654,-31.797,-41.725,-64.172,-66.172,-59.187,-57.985,-45.27,-25.284,-0.39228,36.791,62.447,67.555,73.053,71.375,52.747,43.414,47.584,31.489,1.0075,-6.7243,-11.159,-37.523,-46.902,-32.078,-26.797,-19.355,-18.06,-44.955,-45.818,-11.387,-6.0116,-11.866,1.7271,1.4977,-0.08355,17.68,22.989,11.907,3.5128,7.17,23.1,23.876,15.42,23.818,14.593,-3.7002,17.266,23.777,-7.9287,-6.2764,9.9246,-8.2737,-20.893,-14.274,-9.8641,-2.8356,-4.7265,-21.309,-28.16,-13.476,6.9069,-5.6754,-41.318,-29.86,10.097,8.7725,-0.64479,13.793,18.022,18.98,26.025,17.904,9.66,11.517,13.565,24.306,23.969,-4.5449,-16.981,1.1934,10.256,3.9261,-5.5392,-22.929,-32.497,-16.933,-6.6167,-23.918,-31.794,-15.775,-12.408,-13.826,9.7367,30.51,24.669,8.3368,-0.88159,12.902,27.379,8.7383,1.4242,24.925,11.731,-24.287,-12.769,12.728,5.7716,-4.9671,-2.7722,-3.1779,-9.7044,-7.2298,5.7869,-5.9471,-36.138,-21.584,20.953,22.832,2.538,-1.3938,-4.5588,-8.943,-0.70931,7.3721,-1.1274,-13.684,-2.9704,16.603,9.1568,-1.7104,10.357,14.243,6.0005,4.8538,-6.6907,-21.033,-10.657,4.1731,5.8556,4.0582,-2.8399,-3.8766,15.225,24.567,-2.4025,-30.188,-18.227,4.8202,-0.84192,-10.372,-5.4494,-5.2967,6.3852,24.275,-0.67308,-24.388,12.136,33.996,-1.0643,-17.439,-2.1813,1.1186,7.711,17.381,-5.3299,-26.217,-1.9368,15.191,-8.5267,-17.187,-2.1328,-0.0043266,10.478,23.836,2.849,-12.099,-1.2492,-0.73017,6.7447,12.628,-14.238,-15.653,10.565,-0.10815,-5.9322,11.141,-0.87035,-7.1006,1.8019,-18.176,-18.707,11.907,14.671,10.805,13.381,-3.0139,-12.946,-12.456,-5.3818,17.854,5.2989,-23.21,14.307,43.118,3.8041,-9.7996,6.2346,-2.9212,-4.7907,-5.7257,-25.209,-19.569,-1.7651,-4.7702,-1.0173,7.0637,1.3628,-0.376,-2.7335,-11.232,-2.8208,12.338,5.743,-6.2986,10.041,39.783,33.019,-0.44743,-1.8824,12.238,-6.9289,-21.79,-4.555,-3.3885,-16.306,-8.9959,-11.32,-28.309,-23.779,-11.023,3.1451,22.985,11.512,-6.2628,16.844,26.434,7.2119,5.8536,-1.4409,-8.249,13.583,10.263,-3.1129,15.199,0.67767,-24.682,0.26672,3.825,-12.451,3.8233,-8.7488,-27.722,8.4514,21.971,-4.3238,-15.776,-21.023,-3.6011,14.625,-11.622,-1.9293,33.694,-2.5205,-13.273,38.525,15.884,-26.333,7.0404,11.823,-21.679,-4.5702,13.731,-4.7139,-3.0163,11.206,-2.6286,-17.927,-8.6216,1.9514,7.4513,21.414,17.204,-13.904,-25.998,-15.522,-7.8764,3.8127,6.7105,-3.4114,3.1464,5.9419,-7.5109,5.5327,21.556,1.2574,-5.0082,16.419,10.694,-13.986,-15.7,-2.7298,3.754,1.0174,-2.8554,2.115,3.9898,-4.0206,5.4978,19.921,-2.3792,-19.732,-0.5211,-7.3354,-27.018,0.52168,16.797,-3.141,1.0654,6.608,-2.7672,9.9107,10.106,-7.8582,-1.5797,1.7701,5.2902,22.768,-1.0244,-28.521,-2.9628,5.2646,-9.7859,1.9621,8.5055,10.097,11.541,-15.374,-16.389,11.077,-2.9011,-5.0909,25.98,8.0327,-23.3,-13.207,-5.1487,-1.3277,6.492,-1.8821,-6.2978,-5.4367,-9.8489,1.1733,9.8139,1.9904,5.5431,15.814,23.864,28.11,7.2574,-12.902,-2.2679,3.6707,-7.5198,-17.858,-30.358,-29.136,-3.2944,16.611,10.888,-7.4317,-13.209,-1.1706,7.6082,8.7948,6.5005,0.42525,5.5215,8.8567,-5.8458,-3.0867,13.14,6.6837,1.0136,1.604,-5.9168,5.4294,14.421,-3.7064,0.096635,13.47,-5.9993,-16.808,-12.807,-20.715,-5.1266,20.862,2.3821,-22.433,-7.829,6.167,-2.9287,6.2587,27.11,-1.4533,-40.437,-9.6043,25.058,0.83754,-6.7797,18.405,23.347,19.584,6.9215,-13.343,1.6646,15.582,-10.913,-18.968,-0.45109,0.92153,-3.1113,-5.2845,-10.69,-5.5217,1.4822,3.3627,5.4562,-1.7942,-12.414,-16.005,-10.486,8.5854,9.6999,-13.971,-5.338,19.442,6.6811,-0.23365,23.082,25.504,3.8542,-7.4782,-2.7943,2.8519,-5.2315,-13.693,-7.234,3.0101,11.685,9.5825,-4.6665,-3.5277,1.145,-11.083,-14.924,-20.249,-29.722,-2.2207,21.676,6.175,12.209,32.075,20.773,7.3222,-6.4153,-20.723,-3.3408,5.8632,-18.754,-26.842,-11.624,6.6615,14.39,-4.5516,-10.269,14.256,17.414,5.5692,6.2164,7.7045,18.225,21.802,2.2672,-3.5276,-7.6894,-22.456,-8.672,-3.5964,-23.174,-1.0266,21.342,-5.3816,-12.388,1.6204,-5.584,-3.951,5.3975,-1.6505,-16.324,-31.757,-19.652,14.638,10.639,-9.2303,6.923,26.346,28.236,27.21,22.626,22.295,20.475,8.8627,10.747,20.838,11.829,-12.305,-35.625,-41.393,-38.239,-49.047,-45.837,-22.126,-22.446,-23.869,3.4836,17.492,19.332,35.044,34.583,19.833,25.928,35.807,27.298,16.29,9.2071,-6.1372,-19.551,-11.434,-2.9152,-13.785,-15.932,-1.0618,8.2328,8.9999,-1.5957,-12.647,-3.0194,-4.5721,-31.876,-36.52,-14.65,1.7788,8.171,0.51401,-8.0578,-0.52189,5.8969,12.634,23.862,19.235,16.503,23.72,9.3048,-9.7722,-9.7636,-2.2046,15.103,16.269,-13.156,-12.002,14.975,3.2935,-14.703,-4.965,-8.4757,-24.089,-17.404,6.2918,17.357,-5.4826,-27.191,-4.991,11.747,-13.432,-20.42,2.0702,4.4341,6.9797,32.177,33.226,7.9941,-0.41006,-5.2484,-14.673,4.2269,25.442,7.6919,-11.968,-7.907,-6.7345,-5.9774,3.1058,-0.33157,-8.2539,2.4547,6.3392,-14.249,-11.058,23.667,17.121,-22.093,-18.029,-2.7308,-18.716,-16.831,1.4976,5.0914,13.558,12.556,2.7992,16.794,11.519,-9.4245,10.821,11.045,-18.765,1.5832,11.659,-14.664,10.607,24.614,-16.795,-8.7411,10.552,-19.091,-0.93133,35.514,-5.7076,-37.529,-9.8205,-1.0478,-11.985,-7.834,-7.2523,-6.4655,8.59,16.708,8.7897,2.7673,4.6727,9.4153,12.835,-0.22242,-17.759,3.2671,30.643,5.3175,-18.788,-1.2408,0.33458,-6.0873,15.231,13.091,-17.512,-19.771,-6.4238,-9.7675,-15.289,-2.5916,20.94,17.35,-11.024,-10.44,8.1452,2.9839,-3.8813,-2.465,-5.5431,6.0624,19.8,5.9514,-10.297,-9.4081,-3.0623,9.7955,18.794,5.7672,-8.919,-0.81326,7.7028,-6.2147,-12.937,3.3222,3.9885,-13.476,-15.673,-8.8089,1.3849,11.335,-2.7427,-5.6039,30.376,35.285,-2.2391,-13.709,-3.3921,-1.5066,-9.6944,-27.051,-16.909,13.604,-2.174,-24.17,8.1292,29.282,7.243,-7.8036,-7.3491,-2.0445,4.9841,7.7103,16.491,19.837,6.4796,1.0405,-4.6143,-12.294,13.758,34.404,5.2999,-21.727,-26.228,-28.875,-14.097,-4.796,-25.065,-20.269,15.976,17.234,-7.7839,-3.04,9.4132,-13.63,-30.355,1.9227,29.405,17.072,18.599,45.603,44.167,11.94,-4.0654,7.7407,17.297,8.9086,-6.185,-22.243,-31.239,-28.706,-31.584,-23.68,5.6039,-5.9689,-47.539,-29.737,7.4207,-5.889,-14.131,3.2973,3.3313,6.748,29.111,31.801,14.526,19.191,42.561,40.541,29.195,40.075,21.683,-19.179,-4.6466,11.124,-22.161,-24.74,-8.4645,-30.318,-45.723,-50.512,-59.062,-46.028,-42.965,-38.629,1.0173,2.032,-10.862,54.759,100.99,68.285,54.204,52.91,22.242,5.5209,9.495,15.151,12.85,-9.8542,-26.22,-31.23,-49.012,-58.262,-51.061,-31.599,7.4941,20.782,1.8071,2.8797,3.1015,-5.3984,8.7783,8.1566,-4.2394,8.0501,2.6959,-7.8091,16.852,24.666,15.147,20.055,9.0394,6.2413,18.622,-8.9671,-22.29,8.5985,-7.8693,-40.99,-12.984,9.2694,-2.2252,6.7537,14.654,-3.7803,-9.1761,8.4283,15.57,-3.5438,-25.08,-17.635,4.5566,3.4881,-13.166,-11.282,1.9633,0.30703,-4.8013,3.477,14.63,24.756,29.072,11.74,-7.2173,2.8283,20.037,9.1585,-18.362,-25.662,-9.2735,2.6572,5.2356,1.7388,-18.126,-27.384,-3.2358,9.388,-10.163,-18.742,0.99971,18.648,7.7199,-7.2287,8.2232,17.867,0.28319,2.5492,14.87,9.9035,19.21,18.727,-13.03,-12.023,2.4571,-24.071,-25.786,9.645,3.6953,-18.604,-7.8338,-1.9269,-7.375,7.2267,16.378,-1.1822,-5.2761,12.796,12.215,4.1434,8.9051,-9.2656,-29.895,-6.2389,9.2784,-5.5918,-0.59928,8.9055,12.469,28.03,10.887,-22.762,-10.46,3.2631,7.269,34.21,13.662,-38.698,-15.665,15.607,-16.173,-29.408,-16.897,-14.556,13.097,31.366,5.3461,1.5796,10.903,-15.701,-22.318,1.8825,-3.3084,-11.49,10.599,24.678,20.051,8.6232,-7.0441,-4.2248,10.27,6.7714,0.6039,-1.4847,-14.704,-20.112,-9.9014,6.4803,34.176,41.481,10.129,-5.5748,0.30375,-17.395,-33.411,-16.696,-3.8623,-17.208,-29.69,-22.757,-15.217,-15.475,-1.2222,14.084,7.8728,11.796,25.378,15.839,10.507,23.446,30.649,36.157,26.456,4.5599,17.112,26.55,-9.9481,-25.474,-8.0679,-14.464,-31.573,-37.537,-38.295,-29.171,-20.004,-12.687,-4.242,-4.6243,4.8281,14.334,-5.172,-6.3863,13.375,-1.3783,-3.8404,23.046,11.07,-0.021742,26.495,18.918,-7.8308,14.223,53.623,60.381,33.534,5.0766,8.2597,23.34,17.523,-4.4073,-25.491,-32.054,-42.257,-77.289,-99.777,-91.184,-79.911,-67.186,-49.877,-18.432,40.418,77.381,79.645,100.71,108.74,68.187,40.354,46.108,46.703,21.059,-14.356,-14.417,-8.912,-45.724,-53.057,-21.942,-32.285,-40.376,-24.686,-43.394,-41.427,-4.0936,-11.918,-26.822,-10.317,-3.4917,11.801,31.47,21.955,17.994,22.465,17.914,22.951,13.617,-3.3937,19.159,32.55,-1.6984,-22.446,-2.4654,25.456,33.127,20.709,8.7068,-1.9683,-11.625,-18.278,-34.891,-31.621,-3.5162,-13.656,-35.001,-19.607,-15.846,-18.239,-9.5205,-23.933,-11.308,27.256,8.6193,-4.7446,25.782,23.366,21.931,38.154,17.613,16.251,38.474,20.452,8.1405,2.5755,-24.913,-12.589,8.499,-13.449,-20.155,-21.757,-31.758,-4.4049,4.2422,-20.834,-7.4508,-0.89038,-25.096,-13.112,6.179,1.1511,7.4715,13.021,8.3667,6.9359,2.4184,6.8939,9.6716,-2.6842,8.0232,19.11,-2.039,11.403,46.229,16.898,-19.898,-2.8465,-1.4644,-28.101,-22.875,-4.8592,-2.739,8.3215,8.0159,-25.875,-30.939,7.383,16.142,-3.164,-1.6538,1.2586,-9.175,-7.5015,3.0141,2.41,-4.7393,3.272,22.792,17.25,-8.0576,-12.102,0.63277,10.68,17.728,18.888,17.38,4.777,-19.587,-18.428,-0.88899,-4.1736,-9.495,-9.6964,-2.1944,27.674,19.075,-33.266,-29.984,3.0682,-1.1928,3.7378,10.048,-10.717,-4.2064,14.997,1.5748,-12.823,-13.967,-2.5721,18.907,16.482,4.624,3.9451,-6.7387,-0.92368,19.434,7.556,1.5787,12.105,-7.6806,-14.942,3.1677,-6.8686,-10.936,4.8102,-5.3692,-5.771,16.97,6.7162,-15.809,-13.923,-11.222,-7.3616,1.675,-3.9268,-2.719,18.204,13.743,-10.084,2.6334,19.036,-9.8689,-22.142,13.091,26.108,5.253,-5.5122,-2.6169,7.003,11.253,1.1217,-1.0005,2.1322,-6.6401,-11.854,-10.161,-4.0729,2.172,-15.83,-29.703,-4.8411,13.5,7.3762,-0.28414,-5.0274,18.167,38.195,0.17166,-18.939,10.636,2.4137,-9.1102,14.749,-1.3838,-22.365,10.029,13.3,-21.806,-13.693,12.014,2.2809,-6.9289,10.198,10.947,-11.857,-11.218,-2.3593,-8.85,10.724,26.266,-6.3113,-13.491,10.649,-1.9437,-12.554,1.6757,3.2518,4.1191,-3.9345,-18.628,1.7093,15.671,7.6072,23.362,13.63,-22.033,-8.8056,-0.53775,-20.86,-4.1757,3.5819,-12.04,14.025,26.561,-5.3237,-7.5456,5.0504,-5.9497,-10.476,-2.6465,9.8193,14.433,-6.8196,-14.46,6.7985,5.9903,-10.085,-4.2836,8.6269,13.478,6.202,-10.484,-8.1132,10.404,10.64,0.23319,-1.4185,-5.6966,-11.901,-8.7187,-8.1734,-12.189,-4.4012,5.0163,5.9029,11.754,9.6337,-5.6128,4.2761,24.443,7.2684,-15.503,-8.8561,0.78548,2.1443,-2.0212,-7.7097,8.624,22.466,-4.6862,-21.408,0.66022,0.25811,-12.048,15.946,24.671,-17.544,-24.074,6.792,0.34492,-17.435,-12.241,-7.2181,7.7571,17.18,-5.04,-3.0676,19.335,3.3421,-1.0702,21.081,3.4131,-16.217,3.002,11.198,2.2362,-2.0677,5.3684,22.817,5.537,-25.953,-7.0483,5.5549,-15.493,-11.374,-15.438,-28.377,5.6718,13.535,-22.39,-4.4185,28.506,10.188,-9.8151,-4.8642,16.395,31.762,11.421,-6.3684,-3.8435,-13.224,-7.5917,7.5876,-10.315,-14.163,12.975,19.768,15.229,13.206,3.1606,-2.6054,-5.7552,-2.6688,1.6551,-20.006,-20.213,18.598,6.5445,-34.254,-20.75,-3.4995,-9.7035,-5.1533,-17.83,-26.553,17.501,43.991,10.901,-5.94,19.223,32.544,13.795,-3.7891,6.6507,20.131,4.4326,-8.5606,11.806,13.298,-23.816,-23.226,11.168,-1.3969,-23.269,-3.5562,-1.35,-19.02,-12.058,-6.7397,-8.2527,-8.2705,-25.4,-22.173,6.7403,4.7555,-1.3891,13.588,11.425,9.6924,18.382,11.768,16.132,30.319,27.125,26.239,17.891,-2.4711,3.033,10.456,-1.9463,-3.503,-9.009,-25.693,-25.354,-21.118,-22.386,-25.571,-34.726,-27.026,-19.265,-40.397,-36.376,-0.30333,8.3156,9.2687,29.317,48.387,66.578,66.386,40.535,28.39,23.588,8.9255,10.058,11.507,-12.661,-30.145,-21.316,-16.283,-32.53,-38.738,-23.771,-31.544,-49.477,-28.05,-4.3748,-2.2583,11.151,12.421,2.1566,21.832,27.638,4.9459,15.136,29.371,3.7945,-6.2634,23.772,41.867,19.412,-9.3464,-6.2312,3.6486,-3.6975,-1.9937,-2.1613,-21.525,-19.382,0.16867,-5.1842,-16.055,-11.828,-6.2564,0.36029,-1.9278,-20.898,-23.766,-0.85805,9.737,2.0721,4.7521,11.715,7.6813,6.8441,6.7554,3.3741,15.641,18.844,-2.7403,1.9664,17.667,-4.3356,-11.594,12.805,9.9925,-3.9949,-2.3093,-4.4129,0.57703,4.7031,-13.292,-18.777,-6.442,-9.7302,-14.826,-3.7111,3.575,-11.568,-27.245,-4.439,25.619,14.772,4.4394,14.683,2.5755,-12.505,5.9543,33.799,32.416,-11.659,-38.614,2.2576,25.317,-13.299,-21.371,4.7413,0.62197,0.6949,24.344,15.545,-17.987,-12.997,15.002,4.5005,-18.885,-9.9668,-5.382,-10.261,2.321,-4.059,-17.588,2.5251,8,-8.6719,-11.197,-12.534,11.886,41.391,8.9745,-1.275,33.728,0.99294,-23.7,21.901,9.8575,-21.149,11.152,5.6545,-30.177,-21.068,-8.2338,7.0052,16.141,-13.945,-10.748,16.507,-8.1715,-13.624,17.824,10.157,5.3917,23.636,3.5842,-29.772,-24.897,4.6382,9.8037,-23.73,-23.306,20.368,20.331,-0.65258,7.0665,4.5839,6.4646,21.469,3.0581,-10.732,4.2801,4.9142,9.1447,14.713,-12.098,-29.247,-19.641,-10.417,-3.3038,-12.843,-14.255,19.222,20.931,-2.6654,15.693,20.163,-9.8204,-6.8677,7.3939,6.1122,2.9288,-19.627,-22.186,14.589,11.048,-12.092,5.7576,-0.37267,-29.173,-3.4219,25.909,6.2305,-5.1725,9.4237,17.351,15.495,3.3403,-11.332,-5.8013,2.8164,-10.573,-19.622,-6.7136,2.815,2.7008,2.1132,-5.3691,-9.8735,0.75164,10.16,7.3639,-1.4813,-3.4639,7.6182,12.146,11.082,17.772,-3.9773,-39.324,-14.881,23.367,3.4837,-19.02,-8.321,3.4381,6.6644,-5.3216,-13.154,6.6078,12.377,0.95788,4.6006,0.2185,7.0801,38.679,20.33,-21.743,-9.3355,2.7546,-10.53,-5.0214,-7.8489,-22.259,-11.722,2.3748,7.4825,8.1369,-1.8469,-2.0312,-2.2735,-18.44,-9.1447,10.287,-3.8685,-4.9543,20.474,17.39,-1.7334,0.98441,9.8424,8.7846,7.0807,6.9191,0.76155,1.8202,16.462,13.175,-3.1481,-7.3855,-23.738,-31.056,-0.067535,2.9832,-13.862,8.8821,3.8161,-28.05,-5.3196,2.0106,-28.382,-4.6646,17.187,-10.653,-3.7609,20.961,10.929,5.2646,13.898,27.072,35.716,12.302,-1.8118,20.832,23.513,9.1809,-0.36681,-32.706,-52.343,-28.947,-10.77,-6.5293,-4.1582,-17.432,-25.691,-14.784,-0.74977,13.42,15.916,9.7347,19.677,22.143,-0.83946,-9.3265,3.3715,5.7924,2.1635,9.892,17.408,7.8982,-3.7694,1.5272,3.2866,-8.4196,-4.0906,11.011,3.9382,-9.237,0.31373,10.537,-1.5836,-10.165,-7.3477,-23.955,-34.912,-7.1563,4.1902,-12.505,0.47043,12.864,-0.43109,13.679,24.223,-3.7327,-2.3698,16.25,-2.7588,-10.105,2.0126,-9.0775,-9.5723,6.2301,6.009,15.977,28.934,14.299,10.891,22.134,9.6633,-1.9246,-2.9067,-20.308,-29.88,-18.247,-14.003,-12.772,-9.26,-17.005,-22.613,-21.387,-20.123,-6.1223,4.1024,-3.6204,5.3401,22.977,22.457,38.934,60.829,38.969,15.889,18.126,4.4034,-6.6945,-1.5156,-17.024,-27.07,-16.263,-27.923,-34.505,-10.085,-8.1261,-21.326,-7.6566,3.4221,-2.3855,-0.57766,6.6733,9.6452,5.6338,5.0019,20.213,19.933,-4.5257,-3.7825,13.55,5.3912,-7.4407,-8.4396,-4.9702,8.4381,9.7252,-6.4272,-0.28467,17.918,18.933,15.099,1.0541,-16.762,-9.6959,-10.592,-28.215,-7.0575,18.767,-9.1632,-32.032,-9.9987,11.437,12.099,-2.6523,-18.73,-8.7618,10.324,11.514,11.617,16.507,16.279,7.258,-11.256,-7.8086,16.463,4.3421,-14.347,9.564,12.615,-10.596,0.75182,4.7981,-8.5532,11.502,10.833,-23.594,-13.144,4.2361,-16.049,-12.954,6.2782,1.9008,-1.5384,-6.9829,-15.825,-3.0346,10.701,19.82,28.977,1.1265,-28.48,-2.9846,17.248,0.67583,-0.51429,0.95144,-12.826,2.8034,32.434,18.816,-16.436,-22.374,-5.2882,7.1313,8.7376,-1.1543,-11.468,-3.1807,3.6404,-7.2216,-2.3749,11.893,1.084,-6.8675,-1.4411,-8.212,-4.5514,4.941,-12.369,-16.671,3.4928,5.5264,9.1841,19.166,4.4592,1.6381,16.5,2.2969,-9.2468,5.9346,6.3217,-1.4185,-0.70392,-9.3274,-13.955,-6.3344,-1.2734,1.1477,-9.0813,-14.877,17.512,34.463,-0.93781,-17.839,1.5102,10.795,9.0598,-11.017,-38.182,-14.947,21.146,5.825,-2.5022,18.594,4.6389,-19.142,-0.91315,20.012,12.881,-4.6987,-12.097,1.8399,5.2701,-19.636,-17.434,14.948,17.212,6.6771,9.7133,-5.4644,-12.614,17.06,18.377,-19.975,-27.906,-7.8309,3.0884,9.7138,4.1799,-7.9172,5.1368,14.22,-7.5435,-8.9807,17.757,19.48,-3.5662,-25.282,-29.607,-0.92996,13.91,-20.78,-26.942,17.962,24.921,-1.3813,6.7693,25.149,17.243,6.1584,14.918,26.806,4.3805,-27.236,-9.9703,8.2388,-25.079,-41.002,-11.651,6.1063,4.1574,-4.4279,-14.622,-9.7951,-6.6864,-9.387,6.9239,18.166,14.248,18.081,10.631,3.1208,17.282,9.9516,-1.2154,15.266,-3,-27.672,3.3087,3.863,-23.679,14.287,31.772,-21.901,-31.94,-5.1292,-8.2362,-2.5592,9.2954,4.0272,9.397,-2.7431,-35.691,-15.716,27.681,18.491,0.15499,11.793,7.4571,-12.721,-2.2392,18.147,8.1945,-3.7965,-0.96518,-12.519,-16.16,8.5564,9.9584,-8.7053,-1.2642,4.6019,1.9523,17.496,11.961,-15.234,-8.6287,8.1367,3.3636,-0.34718,-4.5633,-11.52,-11.827,-9.8027,5.8278,11.873,-20.869,-27.873,8.3453,11.505,-2.4546,11.484,19.627,15.17,5.8525,-9.4504,1.337,10.444,-13.557,-4.7368,21.015,-5.8393,-20.629,4.3575,4.1425,4.9539,20.326,-0.35044,-13.366,12.009,6.0064,-28.137,-24.422,9.4215,23.501,-2.7101,-31.646,-14.232,13.773,0.32769,-13.6,3.3019,6.9594,-6.8589,-3.9569,-0.50723,-4.5699,6.1512,12.869,11.441,23.855,16.549,-0.88105,25.314,32.248,-4.4205,3.323,3.6328,-48.829,-28.886,22.122,-21.22,-45.237,0.93498,0.92525,-16.355,-2.7979,-4.8401,6.6737,25.121,-8.7506,-23.758,17.33,24.931,-2.8723,-4.128,10.199,12.089,5.2394,2.3068,2.2751,0.32872,8.2441,14.941,3.4012,0.70178,8.7456,4.275,3.899,5.5908,-2.8085,-0.077171,-1.8066,-20.233,-21.3,-16.356,-18.398,-5.6183,-5.6108,-23.537,-19.274,-16.553,-23.763,-1.2153,22.272,15.725,8.1167,10.553,20.927,27.439,13.307,14.306,40.216,39.149,21.209,24.798,28.337,12.58,-12.141,-22.98,-8.482,-10.47,-45.169,-65.689,-68.114,-64.26,-43.099,-39.624,-50.186,-14.21,29.556,32.875,44.54,61.329,54.005,62.279,70.704,43.113,27.825,24.548,-7.3527,-22.062,-4.8843,-11.417,-31.82,-33.279,-25.709,-15.438,-19.048,-38.512,-32.198,-15.675,-30.906,-29.704,13.216,30.23,12.855,14.967,22.937,4.6014,-6.7537,10.839,20.232,10.818,10.408,7.4056,-5.8575,9.64,35.558,16.457,-13.791,-9.3814,4.5781,12.746,10.608,-13.168,-23.322,-6.209,-10.034,-32.159,-32.217,-16.811,1.7692,14.492,2.484,-10.437,-0.36427,4.9321,2.8394,14.502,17.822,0.92653,-5.169,11.309,26.697,13.285,-18.945,-22.422,1.3763,5.3351,-2.0551,5.7064,9.639,2.2489,-6.2759,-8.6165,12.582,31.148,7.209,-16.569,-6.917,-0.48305,-2.6561,-4.522,-14.738,-13.36,-8.1616,-18.306,-8.0544,2.9218,-22.386,-11.141,33.996,11.18,-24.234,11.349,34.843,8.5796,-2.3909,3.3118,12.124,30.93,22.751,-12.757,-25.126,-18.786,-11.828,5.447,12.273,3.2115,7.7602,5.1946,-15.245,-7.0343,5.0497,-24.429,-31.61,7.3881,17.891,-1.2756,-8.9845,-13.297,-4.2256,14.925,6.0097,-5.099,9.4962,9.1606,-4.4574,5.8646,16.224,2.9233,-2.8831,12.471,16.502,-1.4076,-11.96,-9.4735,-4.7137,9.5618,11.65,-13.831,-19.248,-0.18161,-1.3886,-2.4458,12.504,5.8412,-10.269,-1.7739,9.028,-3.87,-22.439,-17.689,-4.5242,-9.9923,-5.9716,12.95,6.2192,4.6844,32.708,27.71,-2.0306,3.4234,12.904,-1.646,-9.4656,-4.8247,0.21767,-4.9851,-20.556,-14.949,11.015,15.436,-1.8253,-11.418,-4.3268,4.9786,-3.9385,-13.998,3.2573,21.108,7.0842,-18.101,-20.147,1.5156,12.365,-1.468,-4.8771,12.472,14.921,-3.658,-12.166,0.90658,15.437,13.988,-0.59593,-16.309,-13.821,4.7782,3.3862,-8.1978,6.3642,14.319,1.36,7.4661,11.753,-4.3469,-7.0294,-11.483,-23.271,-8.599,3.9237,-1.8017,3.7013,2.8498,-2.6559,10.86,11.352,1.0946,6.161,-1.1545,-12.349,-3.6641,-1.7221,-0.18961,8.209,-3.4607,-8.9296,5.6262,-0.11999,-12.639,-4.4943,7.7145,20.163,24.014,7.3477,-2.979,0.51166,-3.2226,-6.3259,0.31369,-1.06,-17.51,-24.543,-9.9794,-3.1383,-5.5352,10.667,16.434,-1.8801,3.1711,13.891,-1.4706,2.5547,15.589,-7.9599,-18.968,4.0995,6.1201,-7.0225,-3.9198,0.27201,4.435,14.237,11.638,-2.7951,-12.314,-9.6956,3.1938,6.6678,-7.1457,-11.302,-0.8352,1.7644,3.373,13.969,16.221,6.5201,-4.7443,-12.653,-7.2593,4.041,-1.8186,-16.558,-16.168,-0.93272,9.281,1.4036,-5.5731,3.9986,9.5911,8.7344,10.821,1.5397,-4.1694,4.413,-4.7723,-13.934,2.3426,8.6,5.0647,0.7677,-19.298,-9.0912,27.487,16.701,-3.4434,3.1637,-9.128,-8.6464,10.345,-6.8432,-7.36,13.424,-17.623,-31.399,7.2988,8.9516,-1.0254,19.589,15.949,-2.8704,-8.3123,-15.418,-9.9699,-1.0471,-6.4773,-4.1957,-4.7699,-10.358,2.7632,11.636,18.724,36.106,18.399,-9.0729,9.2755,23.087,7.4498,3.5672,5.2837,-2.4615,-14.124,-24.97,-20.56,-15.878,-29.615,-36.299,-25.548,-3.8729,18.884,9.717,-13.767,-5.6099,10.775,14.467,20.954,24.539,22.492,15.107,10.885,30.124,28.961,-11.357,-11.732,13.851,-6.5621,-21.586,1.0197,11.754,7.8943,-7.646,-34.174,-35.949,-23.899,-24.32,-25.249,-28.732,-27.663,-12.465,-0.98733,14.552,29.51,26.906,39.085,46.584,17.695,19.471,40.21,13.842,6.5532,28.169,1.4718,-25.2,-17.128,-23.78,-26.876,-22.898,-32.959,-18.083,-0.73031,-17.359,-16.225,-4.0763,-11.139,4.1353,18.918,-3.4224,-8.3251,7.4956,3.8238,10.37,36.644,38.019,12.904,1.2434,10.657,8.702,-6.1457,-5.3288,-1.1242,-1.9253,8.4841,0.60267,-28.082,-23.455,-3.4317,-8.043,-9.606,-1.384,3.2385,12.446,6.6158,-13.805,-11.967,-6.2069,-14.265,-1.5809,17.891,7.0174,-5.212,3.0916,5.9275,0.8488,4.6975,13.983,21.157,15.521,-4.9165,-7.7978,8.5796,-0.53273,-17.398,-0.65832,11.08,-1.8195,-3.2851,-1.0626,-1.719,7.6554,-6.0516,-33.113,-18.317,6.3143,-0.68066,-8.0772,-4.0383,1.6478,7.7886,2.849,1.9632,18.621,20.753,2.5025,-8.7505,-2.908,15.232,13.923,-18.07,-27.434,-4.2566,2.7409,-0.4498,12.259,21.4,13.021,0.71697,-4.5609,-5.3707,-3.896,2.5439,1.177,-11.485,-13.706,-10.711,-10.173,3.761,5.6728,-14.707,-6.9211,15.362,5.5594,-5.8027,-0.30235,0.83573,2.299,2.0001,2.5345,18.041,17.594,-5.1933,-3.4326,15.384,15.053,2.0582,-7.9867,-2.3853,10.796,-2.0115,-26.885,-24.76,-11.254,-12.977,-16.983,-1.3205,24.625,21.619,-8.668,-12.822,9.1412,6.3655,-14.609,-9.305,17.202,27.852,19.182,13.571,10.073,-2.5542,-11.505,-7.2975,-4.7654,-14.202,-23.615,-17.077,-4.1419,-2.9958,0.33606,17.799,24.996,11.792,-2.8772,-10.167,-9.1898,0.10216,5.4709,-4.0483,-14.478,0.36493,28.334,25.253,-6.3755,-22.046,-11.887,1.7091,6.5111,6.4641,4.5892,-8.5105,-23.517,-12.575,11.338,16.85,5.1612,-14.286,-21,3.678,24.354,15.463,8.1635,7.0538,-5.5909,-10.072,3.7709,10.609,0.42757,-9.1539,-9.9407,-10.937,-6.5537,5.1972,0.9129,-8.2936,3.5765,6.8844,-8.008,-5.5682,4.9916,2.8976,-2.0407,-5.0383,5.1662,21.036,11.625,-3.4673,-3.2537,-5.9646,-0.32283,12.416,6.5475,0.28121,-5.2518,-20.476,-12.241,2.0162,-7.1515,0.92826,14.996,-0.92916,-7.4859,-0.9857,-8.5343,-6.6583,5.7872,14.578,19.696,4.5448,-5.2404,10.191,-0.62255,-21.585,-4.42,1.8801,-11.037,5.5342,20.849,12.864,8.5509,-2.5709,-14.358,-5.5768,-10.547,-30.932,-15.69,14.126,6.2804,-2.9401,20.785,21.508,-9.1556,-7.7645,2.5958,-14.941,-6.6684,19.577,9.4199,-0.21896,6.7863,0.09192,4.7595,17.366,7.6768,4.5518,3.4656,-21.821,-29.308,-5.7905,7.291,-1.0683,-18.128,-20.538,-2.8641,2.5988,-3.0676,1.2023,6.9592,15.07,16.644,0.91266,-0.197,8.1426,3.2778,11.992,7.6156,-25.991,-6.1421,37.537,10.425,-12.314,16.789,9.7675,-21.254,-16.404,-8.313,-9.8974,-4.5961,-4.117,-4.7818,-5.4414,-14.137,-15.004,-5.8789,4.5643,15.723,12.137,-0.20618,-2.8337,-7.193,2.5739,32.301,20.28,-20.277,-10.879,13.843,1.265,-1.8335,21.515,32.055,21.005,-0.80466,-13.851,-5.7624,2.6848,2.7372,-4.3049,-28.177,-42.682,-30.604,-26.002,-24.683,-4.3625,3.6346,-9.0415,-9.3345,10.024,31.864,26.615,4.5371,24.243,52.024,18.15,-5.4638,27.059,23.001,-14.938,-4.5721,14.848,-4.5103,-19.854,-12.893,-2.2646,-3.0966,-25.76,-35.202,-8.5634,-2.49,-29.434,-29.767,-13.957,-18.438,-10.776,12.796,15.848,11.909,12.048,5.5064,13.827,30.211,26.907,30.634,39.125,17.406,3.8388,20.457,23.668,14.198,1.9579,-22.388,-24.432,-8.4747,-25.012,-50.675,-54.752,-55.933,-48.72,-36.329,-35.147,-18.982,13.695,33.149,45.547,55.978,61.767,64.712,41.299,7.3469,12.525,22.847,-5.205,-25.648,-13.053,-6.4038,-15.867,-12.903,3.9167,1.6558,-19.147,-23.772,-21.981,-33.355,-33.698,-22.546,-12.911,10.655,23.266,3.2032,6.2686,37.247,26.835,-7.5648,-2.7517,12.788,-0.6241,-5.3248,12.958,9.5823,-1.5676,23.835,37.341,3.3545,-8.4652,9.6894,-9.4578,-33.676,-14.243,-5.7741,-24.628,-18.528,-1.9043,-8.8114,-11.912,1.5677,10.569,8.8296,-5.1935,-14.141,7.3078,23.058,3.159,-4.1905,10.415,5.9251,4.8334,21.647,12.119,-8.4863,2.3605,10.009,-8.9829,-7.678,15.865,-1.565,-41.721,-21.868,19.962,6.1774,-8.1448,7.8424,3.7165,6.6923,15.892,-19.854,-29.135,5.9428,-2.5284,-4.1901,19.324,-17.618,-28.269,29.28,20.761,-7.834,17.637,0.48302,-19.475,19.819,19.16,3.184,22.49,-9.6488,-45.547,-8.1467,7.0858,-13.752,2.0898,23.423,13.683,-8.4839,-10.282,11.796,1.5364,-19.014,10.104,9.7456,-29.768,-9.5335,2.7697,-33.07,-2.4896,43.754,9.8716,-10.475,10.904,0.75954,-11.583,13.272,32.627,8.4809,-23.671,-3.7312,22.987,-4.5506,-18.743,3.758,3.0991,-4.1293,-13.552,-32.933,-5.1136,21.47,-10.364,-3.211,30.821,6.1504,-6.9598,-4.7466,-31.929,0.96125,48.053,-0.87457,-24.857,18.139,9.5462,-9.2262,7.8295,1.62,2.6992,15.478,-12.371,-24.115,-0.69504,-3.856,-8.1061,6.0218,1.5349,-1.673,12.301,14.205,1.3631,-12.559,-17.974,-11.294,1.1484,13.202,6.6839,-4.8008,16.29,21.648,-12.666,-2.1536,27.402,-6.3218,-30.397,-8.0666,-12.023,-21.886,1.1396,15.812,3.4036,-16.183,-7.225,28.299,22.396,-4.7487,16.835,28.193,-3.9093,-9.1472,3.99,-5.2479,-17.009,-15.481,4.2865,10.571,-25.867,-34.375,4.7996,9.8922,-6.2193,1.3276,3.236,1.0215,3.3318,0.26264,15.68,31.907,19.431,8.819,-0.6762,-13.161,-4.6807,-8.1977,-21.646,-4.7273,-6.0916,-23.558,4.6255,20.562,1.1267,11.968,13.654,-14.369,-3.0814,15.795,-1.6412,-8.5748,-5.2002,-12.455,-9.8545,-1.587,8.5149,19.453,9.9749,2.1283,7.2417,-11.78,-25.589,-1.352,4.9944,-11.548,-2.4649,9.5364,5.2467,6.5056,2.6948,-1.1667,13.797,12.38,-6.255,2.6554,10.668,-7.3064,-5.301,5.9419,-8.8717,-8.7035,9.8356,-1.4138,-17.485,-9.2314,-6.8906,-7.4381,5.7759,5.1626,-11.451,-9.8773,8.9484,17.622,11.905,5.0932,-1.5529,-8.8909,-5.8173,4.3624,7.5758,3.2883,-9.3743,-15.293,8.639,27.35,11.418,4.7727,13.819,6.6029,6.8628,11.394,-13.711,-28.065,-14.507,-16.312,-13.94,3.3211,-9.8309,-24.259,-6.7049,-4.6647,-10.565,9.2314,14.971,4.7679,8.1288,1.1422,-1.2595,20.087,10.711,-7.1626,24.412,32.611,-5.1663,4.21,32.321,8.9508,-5.2327,13.581,6.0175,-18.812,-26.811,-26.681,-21.947,-19.388,-25.883,-18.286,3.4644,3.4564,-17.784,-24.392,-11.233,-5.2266,-10.04,-1.6273,17.835,22.467,20.631,33.439,39.556,31.367,44.816,56.169,18.17,-6.4149,20.778,15.451,-21.731,-21.772,-29.113,-57.423,-44.615,-32.052,-53.246,-49.644,-35.96,-45.371,-39.49,-14.205,16.423,51.561,62.58,57.033,57.189,44.491,41.116,59.839,41.583,-5.4739,-15.132,-3.3153,-17.441,-35.777,-15.516,1.8963,-37.652,-58.838,-17.192,-8.003,-26.886,-3.2548,4.8603,-15.084,-4.7849,-1.3562,-8.7127,14.844,21.694,3.0204,11.31,27.396,16.466,-9.9319,-9.1533,31.267,37.815,2.6163,-0.74901,-4.9769,-21.756,8.952,17.82,-19.296,-1.7266,20.268,-13.817,-16.922,5.8158,-3.2554,-18.238,-27.393,-13.015,17.465,-3.1606,-28.789,-3.1688,-4.7765,-21.776,14.051,33.578,8.4387,1.0925,4.2224,2.2131,10.294,8.751,-3.9976,5.8168,29.953,18.517,-22.7,-17.813,26.286,19.473,-15.936,-5.0763,15.539,5.9627,-5.0213,-11.844,-23.438,-24.894,-17.118,-19.16,-20.893,-0.26608,12.239,-6.3648,-7.0167,10.328,-3.5203,-9.569,18.771,26.265,14.297,10.162,2.9128,9.2413,26.995,23.934,14.614,8.3816,-1.6941,1.3654,5.3368,-9.1901,-30.58,-46.649,-30.625,4.4689,-1.999,-22.037,-12.637,-12.838,-8.5261,19.358,9.5708,-17.03,1.814,24.718,20.218,8.7292,-2.7337,2.3676,19.614,23.774,21.957,14.08,7.0493,18.686,7.1613,-28.975,-19.797,4.0905,-17.496,-36.5,-24.464,-9.8081,1.4212,-4.1978,-20.668,-8.0669,15.142,14.31,8.6679,1.9023,-11.175,-3.1091,13.24,0.637,-7.5606,22.321,39.111,12.444,-3.5498,10.167,8.485,-2.2624,10.965,12.564,-17.909,-27.19,-6.5634,-2.9937,-12.106,-8.0169,-4.1911,-11.632,-22.465,-28.25,-21.914,-7.2178,13.996,37.861,37.856,17.409,8.7148,3.8691,0.47118,9.0675,0.40144,-10.332,2.6107,-20.336,-45.698,14.318,45.128,-17.36,-15.294,43.864,24.556,-3.6752,19.144,7.7779,-28.334,-31.4,-25.758,-22.08,-9.3944,1.845,3.5488,-9.1823,-12.659,11.855,16.977,-4.0356,2.9543,13.9,-5.6993,-10.021,6.5221,10.139,14.216,17.848,13.177,26.582,36.901,15.74,-3.0102,-22.139,-49.947,-37.117,-6.7245,-3.1103,10.18,7.8196,-28.195,-12.103,11.928,-28.035,-22.152,18.109,-13.455,-14.576,37.106,19.263,3.1767,39.087,29.442,12.446,18.966,-15.899,-27.984,9.6232,5.0224,-18.168,-15.958,-13.887,-1.4736,1.33,-12.452,13.934,33.469,-3.0063,-19.053,-9.3246,-14.45,0.16377,15.823,-3.0945,-14.04,-8.9461,-7.4134,1.6163,2.6887,-10.759,-9.2109,6.1175,16.498,17.167,10.364,10.42,19.072,18.653,5.1632,-9.0081,-8.0448,4.869,6.7269,-2.8314,-11.453,-18.623,-14.425,-1.219,-1.5261,-10.218,-8.7193,0.28779,1.2227,-15.152,-22.68,0.91016,16.283,1.36,-3.4754,12.889,21.097,16.174,14.094,17.081,10.861,-1.3573,-5.1306,-13.41,-21.065,-4.8914,2.7876,-8.0193,8.7214,23.17,-6.4671,-22.193,0.63768,13.438,3.0873,-14.368,-16.797,3.1955,5.4538,-15.511,-17.136,-5.0464,3.1031,11.803,8.3063,6.5182,21.62,12.002,-14.556,-2.8872,15.906,2.2359,-1.1814,13.944,0.21734,-25.857,-13.837,5.9132,-10.875,-13.899,23.853,28.645,-4.5696,-8.3438,-3.2062,-9.5901,10.983,21.631,-10.285,-24.426,-16.553,-19.79,-6.574,15.415,15.413,12.253,6.2033,-3.0366,0.50138,-11.905,-22.629,17.233,34.521,-12.313,-20.668,23.091,30.343,2.0443,-18.209,-22.919,-11.734,4.8825,18.735,22.893,0.29995,-21.696,-8.0657,5.0424,-8.1108,-13.604,-2.0392,4.3146,3.1798,2.4803,0.058112,-7.1127,-11.105,-4.7058,4.9549,10.313,10.21,7.1152,8.0573,8.318,-1.1313,-9.3938,-6.4186,-0.24248,-4.2454,-17.794,-14.657,7.1383,14.137,17.825,32.111,15.03,-14.022,2.7012,19.371,-8.3461,-30.752,-23.145,-10.47,-7.2064,-13.376,-12.091,-0.38242,3.1879,4.0045,5.6413,5.596,24.87,39.859,5.737,-30.69,-15.751,7.2593,-2.3493,-12.809,2.5009,13.08,-1.1924,-2.6328,16.089,9.6821,-9.0384,2.5834,15.611,0.85965,-6.3055,5.749,-4.4795,-30.275,-16.287,12.31,-3.437,-18.538,0.37927,0.19997,-7.4729,7.5252,4.7712,1.8724,21.003,4.8264,-17.608,8.4106,16.632,-4.8698,-0.065464,0.18146,-12.329,2.5485,9.6775,-10.246,-8.5194,18.153,26.549,1.1318,-15.94,11.003,22.376,-15.774,-22.139,11.529,5.4321,-21.406,-19.593,-15.068,-16.33,-2.9854,10.777,4.3555,-9.4139,0.31542,24.025,19.423,0.70886,-2.3657,-12.347,-13.356,21.133,28.644,-4.372,-7.9729,0.91352,-7.242,8.7656,14.328,-21.468,-10.066,33.885,2.247,-39.806,-1.0588,34.25,11.878,-6.0857,-1.6683,-3.4271,-14.258,-18.311,-1.5701,12.631,-5.0158,-20.971,-8.8542,-7.6929,-27.303,-21.528,13.113,22.269,-5.2659,-14.065,9.604,22.266,23.015,32.051,34.644,27.685,16.645,0.63648,0.48197,8.9816,-2.6817,-14.239,-15.224,-19.962,-16.806,-18.998,-25.5,3.1043,14.572,-28.036,-32.793,-4.0754,-22.639,-40.241,-24.406,-18.139,-12.557,-6.4496,6.4564,53.74,71.326,47.36,62.851,64.891,20.629,28.625,49.622,15.569,-2.1759,-12.726,-45.274,-37.878,-30.158,-58.842,-51.278,-41.943,-74.268,-64.421,-22.855,-21.936,-19.354,8.5538,16.405,15.269,41.336,70.051,63.495,47.774,53.788,49.744,30.663,22.753,5.7371,-9.029,2.7632,-6.0634,-27.882,-17.59,-19.76,-38.641,-26.142,-13.156,-20.903,-34.044,-54.08,-46.406,-14.463,-11.349,-8.2192,10.852,6.5103,9.4369,32.426,36.876,37.74,35.691,20.247,22.785,27.225,22.779,34.586,18.788,-22.874,-20.757,-11.657,-25.9,-13.217,-0.3803,-17.509,-23.017,-18.981,-17.77,-3.3239,7.1384,0.2011,-9.4039,-10.067,-7.1274,-21.757,-29.385,-0.52531,11.721,1.158,16.241,14.462,-7.2484,13.572,28.92,18.298,39.852,41.466,3.3417,12.832,37.333,15.365,-3.4606,-10.112,-26.441,-32.846,-36.923,-37.312,-24.493,-33.391,-44.686,-14.654,9.3109,-0.36454,-3.5338,6.0479,19.28,31.175,26.319,19.92,21.058,18.259,29.653,33.682,-7.2743,-28.255,-0.32059,-4.0927,-33.146,-23.839,-2.697,0.29534,-8.1438,-16.271,9.3539,37.591,12.391,-4.4161,11.635,-8.8311,-20.859,15.357,8.4995,-24.653,-2.8659,10.457,-19.934,-26.986,-13.705,-11.835,-9.2486,-9.1065,-7.0259,14.135,31.85,24.692,13.49,22.021,34.522,18.54,-4.2684,7.7915,22.763,3.6969,-11.706,-5.3623,-16.693,-44.423,-44.095,-20.023,-12.965,-19.15,-11.802,0.37022,4.5255,9.303,19.327,30.353,28.414,9.7477,0.95627,3.4126,-5.2114,-7.6666,-0.82982,-7.9582,-0.4439,27.536,22.644,3.6275,12.036,2.6632,-33.032,-33.603,-9.8415,-9.3662,-13.898,-2.9468,4.623,7.8699,16.602,14.438,-3.2788,-7.2314,8.6737,10.032,-6.2437,-3.2154,8.1014,-11.558,-30.433,-13.841,-3.0463,-3.8837,20.145,33.809,14.698,12.845,23.665,7.9477,-15.35,-21.794,-10.063,2.1999,-12.735,-26.02,-7.6421,2.9903,0.78311,10.721,11.715,7.2061,8.5907,-5.5357,-9.7195,8.8053,7.6549,0.4857,1.515,-17.532,-23.661,-1.1207,3.8461,6.5938,20.32,8.0411,-3.5368,9.0585,2.387,-13.453,-1.578,6.9742,-8.6691,-15.781,-5.8372,-4.089,-4.4046,14.63,26.275,7.9418,-1.3718,13.864,11.324,-14.786,-19.179,2.1249,0.66675,-17.866,-3.1799,10.317,-16.801,-19.503,13.891,17.74,2.4122,-4.822,-3.2216,16.291,4.4719,-37.857,-12.705,32.936,4.3024,-21.114,-6.6196,-1.2089,23.229,45.348,10.963,-13.301,4.834,6.7898,-9.2059,-12.918,-0.019627,12.292,-1.4088,-18.587,-14.554,-14.563,-18.98,-16.561,-14.656,2.3151,22.476,17.612,13.77,18.37,9.1432,-5.1414,-18.018,-15.379,9.9731,10.023,-16.153,-11.423,16.409,26.418,7.5169,-15.048,0.92482,24.334,17.635,24.969,22.338,-32.954,-55.282,-24.413,-12.351,-3.9344,6.1044,-3.352,4.7329,9.3012,-11.953,-0.69536,17.248,-2.2713,-5.7545,1.8959,-12.58,-8.3787,12.845,13.679,2.4871,-3.4078,6.6379,16.952,10.046,12.141,9.1398,-16.026,-4.1109,23.563,-0.86437,-14.671,13.891,13.845,-8.3375,-13.364,-15.515,-17.685,-13.689,-6.474,-9.4404,-28.878,-19.971,9.667,-6.1789,-11.335,34.555,23.306,-24.549,8.2906,52.052,28.365,6.0202,7.2961,-2.0674,-10.828,-7.7262,0.62738,2.775,-7.6296,-8.0392,4.8417,5.3846,3.7875,11.75,6.3305,-7.8061,-5.9713,-4.4918,-22.967,-34.412,-18.554,-0.15635,6.1915,7.5559,-2.965,-17.67,-17.412,-12.172,-2.6709,17.821,22.086,8.931,7.8589,7.9754,4.0537,24.325,52.679,42.172,1.0286,-15.818,3.2907,12.332,4.5977,9.7065,7.9339,-12.485,-21.008,-25.375,-38.59,-45.991,-56.279,-60.156,-38.678,-25.036,-20.772,5.9276,28.043,32.407,42.653,42.716,35.358,53.349,72.043,55.732,27.126,18.864,17.022,-5.1005,-22.07,-17.087,-32.239,-55.089,-40.765,-27.582,-37.704,-42.486,-48.512,-40.624,-9.2731,0.94535,15.599,52.384,35.17,-3.4539,11.4,18.266,9.6682,35.096,33.677,3.0602,15.283,25.637,4.2506,7.8666,15.231,-12,-31.898,-23.566,-11.1,-5.0004,-1.8102,-1.7304,-12.637,-23.205,-13.321,-5.8563,-14.429,-5.1338,12.698,1.9036,-11.16,-4.9606,-8.3059,-9.1007,19.352,37.168,25.172,19.177,7.8061,-16.196,-2.8702,18.224,-11.821,-26.084,11.612,21.925,-1.0232,-5.0002,2.5296,10.07,12.532,2.6069,-0.72961,-7.8088,-28.426,-23.082,-3.7812,-7.5067,-13.79,-16.893,-11.092,14.684,7.7118,-15.393,19.179,36.193,-12.562,-20.378,10.204,7.1462,8.9809,17.434,1.9857,8.312,27.279,11.835,-3.9768,0.55345,3.7566,4.4518,-6.6677,-30.277,-36.74,-18.642,-1.1861,-6.4203,-10.364,11.801,8.4933,-17.296,16.123,42.867,-10.792,-19.295,30.438,6.1433,-27.994,-0.086849,-6.4551,-21.25,22.591,29.526,-13.435,-18.116,-4.9971,7.6655,35.71,25.371,-14.514,-7.9604,16.164,4.9636,-13.964,-19.684,-19.996,-14.649,-6.0217,4.1104,12.142,9.2189,1.3617,-0.45269,0.59762,-3.3134,-7.0871,2.448,9.5018,-7.318,-15.622,2.072,4.3193,-3.8012,10.332,14.821,-0.63078,-0.47401,-0.78649,-9.5028,8.0942,18.282,-13.284,-15.166,31.442,33.236,-12.896,-18.963,8.2257,10.384,-6.5483,-24.181
31.766,18.218,-15.98,-19.61,1.6854,-0.81046,-7.3641,-4.902,-11.076,-7.7875,-0.34233,-2.2192,6.1006,3.9646,-13.929,-4.8078,10.082,4.5784,4.7529,0.27705,-10.604,-2.3944,5.7536,10.224,13.764,-12.549,-27.048,2.4874,4.8606,-13.685,12.453,32.293,5.4903,-8.5261,5.7742,11.546,6.0987,2.7636,-1.613,-5.8608,5.6715,16.745,-5.9329,-31.234,-26.532,-22.81,-23.229,-20.017,-31.049,-12.925,38.83,36.123,13.476,39.584,29.926,-10.991,18.987,39.7,-9.9717,-15.602,11.689,-20.199,-41.893,-9.217,0.20506,-14.405,-4.1351,4.1279,-13.812,-17.121,11.734,21.375,-0.097814,1.059,7.7943,-17.837,-17.189,16.351,16.944,11.482,17.286,-7.9011,-17.815,12.876,17.197,1.3091,-6.2452,-20.998,-12.433,12.619,0.83261,-11.275,5.2001,7.362,-5.7925,-12.979,-6.4002,16.02,19.022,-1.9459,-9.2418,-9.4703,-6.5415,1.8771,-7.9364,-2.9477,28.252,16.818,-13.573,-5.0966,-1.5187,-10.055,1.132,8.1794,5.938,-4.1862,-25.405,-13.483,16.422,7.6142,-2.564,11.093,12.705,11.174,15.912,7.6685,-10.887,-27.503,-21.946,-1.541,-2.6321,-0.72839,17.192,8.4371,0.95305,6.8707,-25.682,-36.728,10.968,13.004,-11.044,22.261,29.93,-11.447,-0.074409,28.761,1.8431,-17.814,-1.3579,-7.6103,-26.151,-2.5003,32.427,15.109,-20.481,-6.8434,16.973,-5.6205,-25.521,-6.6803,4.2421,-5.0941,-9.4126,-10.372,-0.80379,20.544,22.685,10.225,11.663,13.357,-7.6126,-35.411,-25.036,19.986,22.035,-15.472,-7.5152,13.418,-3.3777,4.8916,29.78,8.7442,-16.771,-13.107,0.21802,6.0356,-19.161,-26.551,15.659,10.384,-28.359,-6.4625,7.7495,-10.263,3.8417,8.5823,10.63,29.95,-12.888,-41.466,19.227,29.783,4.8363,31.853,3.9404,-37.785,17.983,37.533,-14.157,-21.549,-18.482,-25.599,-6.7087,-5.884,-13.468,-1.4037,-3.4783,5.8689,27.689,8.2811,-10.779,2.1637,0.043699,-10.525,3.5964,28.63,22.407,-20.053,-22.673,13.871,-6.9489,-36.327,1.1339,20.042,4.7445,20.185,24.243,3.4936,5.063,5.5045,-7.7266,-13.202,-15.619,-5.068,7.3979,-5.3761,-12.06,-4.5502,-7.9116,-2.5474,-0.72523,-24.233,-21.693,6.0698,4.5973,-0.3941,12.647,14.056,16.5,25.005,14.4,5.7993,7.4516,-2.1974,5.1447,26.085,1.1942,-35.321,-18.532,5.5546,-0.86771,-6.0722,-15.315,-29.267,-9.7642,13.557,-4.7428,-19.898,-2.217,5.0868,-1.4005,16.071,37.755,19.585,-17.013,-17.865,18.941,38.035,-0.34572,-46.91,-28.82,8.6949,-5.3007,-13.925,14.914,14.336,2.3497,21.714,21.641,5.6446,8.2983,-7.3649,-20.732,2.6516,8.0062,-4.8341,-9.047,-29.687,-22.593,20.674,8.3782,-24.134,-6.5142,6.7701,7.2176,7.4871,-15.1,-4.3651,17.341,-26.898,-24.078,38.108,-6.9698,-59.945,21.428,73.62,29.039,14.408,29.41,30.641,30.188,15.83,-7.1865,-31.568,-51.027,-32.003,-15.165,-33.516,-20.716,-3.9864,-37.429,-33.735,4.1249,-19.881,-34.758,19.625,42.183,20.424,32.257,44.973,23.856,30.773,56.233,33.908,13.642,24.134,-19.204,-68.876,-21.341,18.77,-23.83,-46.896,-35.163,-36.151,-31.076,-34.18,-38.093,6.0877,46.743,31.147,10.094,25.39,58.167,52.668,8.7799,5.4976,10.69,-43.033,-51.574,10.24,7.5979,-33.419,-19.346,0.24789,1.1484,12.647,15.829,8.612,3.4921,1.3947,14.354,15.438,-12.294,-15.687,6.892,5.8884,-5.0754,-11.414,-25.085,-13.86,15.841,1.2855,-18.677,11.57,11,-28.671,2.1137,42.662,-3.1361,-29.936,-0.45053,6.3329,21.866,33.564,-15.718,-23.945,29.348,23.434,-8.034,-5.3925,-14.126,-16.688,-8.2111,-23.327,-12.956,16.541,8.1725,8.1707,22.01,6.1362,9.1629,24.401,-13.618,-42.944,-7.5572,19.627,-3.4706,-32.827,-30.634,-8.0299,-3.6345,-10.941,16.805,54.86,41.768,16.292,24.236,-3.5825,-64.918,-35.247,43.206,21.469,-34.548,-8.3764,22.885,-5.1361,-26.112,-8.8814,8.2768,9.9027,17.058,29.194,14.861,-14.382,-17.123,-4.9611,-5.4174,-9.6709,-10.049,-19.58,-39.202,-34.924,-0.30212,15.768,19.863,41.985,30.877,-6.2412,7.0401,34.401,22.763,1.1684,-10.515,7.9139,30.288,-10.038,-47.616,-29.138,-28.138,-16.426,22.939,-11.931,-47.045,12.167,32.534,-10.307,3.5461,37.568,15.464,-26.298,-22.333,23.617,19.769,-26.005,-7.0699,20.471,-4.1351,9.6292,31.769,-7.333,-17.121,16.943,12.842,-18.561,-35.849,-15.965,21.202,14.276,-8.7755,-6.1066,-3.706,13.713,18.43,-24.493,-10.243,33.33,-22.614,-49.413,13.89,-0.66047,-26.774,47.998,61.696,-8.2325,-11.329,10.252,-13.089,-24.854,-9.4355,7.9645,9.253,-13.101,-12.219,21.034,14.479,-28.839,-25.357,21.944,23.696,-25.08,-18.291,50.269,49.516,-20.619,-27.66,8.3111,-11.403,-30.278,6.0346,15.914,-10.62,-0.71716,8.3363,-16.568,-0.82393,28.704,-12.773,-37.96,14.583,22.575,-26.528,-10.086,36.969,14.815,-27.746,-21.54,12.844,35.126,21.111,-8.0724,-1.3674,22.855,11.236,-17.878,-23.191,-12.769,-14.512,-20.414,10.342,42.016,-7.6787,-54.68,9.2772,49.637,-21.306,-55.133,-16.185,4.2545,16.393,19.677,13.201,48.448,47.095,-27.498,-24.305,30.835,-2.2902,-36.131,-11.668,-18.259,-21.625,21.837,28.917,-14.533,-30.658,9.1962,38.852,2.1003,-17.236,20.989,1.1141,-46.381,-2.1331,34.029,-14.692,-38.989,-17.17,-6.0532,4.4183,24.764,43.591,33.56,-7.1401,-11.244,12.373,1.1294,0.52108,13.766,-16.426,-26.648,-3.6619,-24.065,-26.489,20.132,15.237,-11.785,7.7321,10.7,-4.3997,16.321,20.014,-21.294,-30.595,12.109,25.9,-18.256,-35.418,11.822,36.881,5.2863,-15.994,-5.1519,12.015,25.13,16.123,-14.774,-28.937,-16.504,-6.9112,-8.9698,-2.2299,17.583,28.736,22.453,2.7379,-26.897,-35.353,-6.0098,12.541,-0.091215,-1.7825,8.3702,4.1139,0.95222,9.0035,12.814,5.4614,-10.149,-17.183,-12.577,-17.532,-8.0867,33.579,40.787,5.1502,-0.17668,3.9558,-17.119,-9.4131,9.4644,-16.498,-34.904,-18.36,-13.015,-6.4799,22.88,40.305,20.021,-19.659,-24.377,11.582,21.959,12.878,16.821,-10.036,-28.742,17.202,25.215,-20.23,-8.297,13.051,-14.879,-14.585,8.8865,1.0386,-16.473,-25.579,-7.1206,21.963,-1.2868,-17.603,21.606,6.2808,-42.667,4.0629,64.927,30.026,-20.277,-11.613,19.078,18.992,-10.649,-28.534,-24.981,-3.2407,29.805,17.814,-25.616,-19.522,-4.0207,-15.2,14.03,42.712,0.20217,-40.058,-26.443,5.941,18.454,-1.4324,10.511,58.979,31.69,-31.449,-26.472,-19.973,-22.834,4.6865,-24.4,-63.237,1.8159,40.516,-3.9001,13.687,63.525,40.962,5.1771,5.1532,11.452,3.1272,-13.666,-4.1527,12.048,-13.248,-30.999,-17.678,-31.161,-45.236,-17.614,2.4872,0.88223,11.236,16.175,-8.3264,-21.857,9.6536,27.73,7.8237,26.973,53.449,8.2181,-16.963,12.979,11.812,19.925,39.823,-12.384,-53.357,-33.791,-26.249,7.3737,33.633,-25.087,-29.014,27.056,-16.115,-50.473,-2.7625,-15.449,-34.103,15.544,12.126,-24.146,-0.76002,25.359,23.954,25.667,48.165,81.422,44.495,-33.1,-5.6231,53.243,6.5151,-40.953,-22.048,-29.779,-59.32,-54.292,-36.068,-15.932,0.24342,-12.409,-15.075,26.702,43.951,9.396,0.7722,20.688,8.5188,-14.52,-12.781,14.739,49.837,29.743,-12.547,21.91,40.867,-24.582,-34.258,-0.11359,-24.906,-10.304,39.714,-16.716,-89.722,-40.678,45.228,51.422,1.0215,-7.2286,29.189,13.111,-39.065,-43.015,-9.2994,28.294,25.475,-34.473,-51.949,-1.8962,31.077,44.219,33.119,-8.8739,-0.79865,33.092,11.3,-7.2955,8.7406,11.7,0.56417,-19.863,-25.35,5.977,17.078,-11.282,-35.833,-33.919,-2.9526,2.8378,-26.958,-8.5707,23.557,8.6079,-0.25936,-16.336,-23.729,32.882,30.485,-25.702,15.399,39.014,0.9599,42.216,42.92,-36.436,-8.93,27.514,-22.93,-6.7671,31.405,-14.865,-57.949,-51.724,-7.3328,27.009,-9.5837,-17.395,28.906,-5.2821,-56.21,-19.204,14.744,8.353,0.84563,-0.74466,16.35,22.96,22.751,60.037,62.354,13.241,19.485,37.628,-15.996,-56.958,-33.471,-25.982,-66.403,-68.451,-3.8211,17.339,-21.007,-18.127,13.46,28.951,29.282,-4.0593,-3.9166,44.918,11.597,-31.555,33.303,47.429,-7.2667,20.531,30.708,-35.414,-27.604,16.321,-19.084,-44.034,6.1409,29.703,-18.35,-39.664,-4.7337,2.2698,-1.3835,25.593,7.5624,-31.775,-5.1617,14.182,-10.96,1.5308,32.37,11.511,-32.934,-24.588,33.584,39.36,-7.1861,-1.973,22.26,13.464,13.776,-8.6731,-40.136,4.6051,34.547,-13.765,-23.38,2.8943,-14.378,-38.983,-40.257,-23.359,-1.9924,-3.9274,9.6267,51.479,50.136,18.587,6.4859,-2.7293,-0.09929,8.4299,-11.169,-12.777,18.705,11.414,-21.104,-10.8,13.916,-0.08372,-23.014,-14.543,-4.3109,-18.209,-21.574,8.5517,40.663,21.441,-37.532,-32.188,32.844,21.206,-31.149,-4.19,28.879,17.06,20.137,-4.8458,-48.063,-4.6762,38.143,-4.2589,3.7269,59.09,10.041,-61.045,-25.792,13.983,-6.7661,-16.301,-10.981,-6.7271,10.919,6.4638,-8.5415,8.325,7.0692,-15.875,-13.096,-18.583,-6.3696,50.363,32.63,-26.192,20.237,56.404,-16.24,-45.524,3.73,19.039,-5.3858,-15.331,6.2867,16.103,-20.323,-32.712,-1.052,-1.3872,-11.513,6.6481,2.7024,-17.837,-14.338,-0.88118,4.1389,3.7875,24.112,48.823,17.477,-13.722,17.127,20.835,-15.463,-18.102,-13.703,-2.8412,18.492,-22.585,-57.284,-0.33654,23.519,-20.833,-13.1,31.1,33.654,-0.29607,-30.889,-7.88,39.59,20.102,-30.197,-16.676,25.928,16.279,-20.506,-6.6019,22.561,-15.634,-43.33,13.911,35.99,-15.338,-18.49,13.911,2.0587,-7.608,14.989,26.055,19.752,6.1881,-16.328,-30.453,-29.006,-24.493,-16.252,-1.1832,8.9736,13.257,27.966,41.178,22.8,-6.6176,-11.104,-3.7456,1.2809,-0.52728,-24.975,-36.638,-1.7896,16.54,-4.2418,0.064176,9.0178,-18.451,-19.321,17.185,25.851,19.838,26.344,19.974,-3.7287,-39.094,-55.444,-1.9333,54.468,23.064,-25.723,-22.7,-8.5143,1.9513,9.0081,-0.17606,-2.9442,-3.6983,-8.3184,16.423,25.452,-15.397,-19.769,14.569,16.371,15.837,13.231,-20.656,-21.801,-3.6173,-26.009,-21.266,10.658,-0.25104,4.6692,29.477,10.055,7.3745,15.616,-25.43,-18.325,32.565,10.654,-7.283,16.154,-7.2405,-13.498,11.247,-24.834,-30.065,24.642,8.7686,-16.621,14.331,-0.29855,-31.17,-15.342,-12.112,-5.1687,21.564,13.188,3.23,10.074,0.4606,15.126,37.319,6.1787,-16.954,2.0089,5.0998,-6.3013,-4.1418,3.5429,0.89116,-17.277,-16.33,13.045,15.558,-15.246,-37.995,-33.578,-0.85445,17.564,4.5338,11.802,16.106,-16.946,-13.253,25.481,20.866,2.1557,6.8957,5.5789,-6.228,-15.223,-6.8959,16.308,18.048,6.9288,4.9094,-7.1072,-7.0612,11.301,-4.1513,-26.179,-10.055,1.0156,-9.7343,-13.645,0.96552,23.014,8.9998,-23.612,-9.9038,1.2811,-19.533,5.4916,35.519,1.8527,-11.961,11.472,0.83646,-9.5129,9.3522,8.2012,-9.2135,-2.9801,20.666,23.27,-0.29558,0.41822,19.391,-7.1435,-37.514,-9.9685,7.3917,-17.634,-13.72,13.193,6.2441,-8.3328,0.50649,6.4284,4.5842,5.0693,-8.7899,-23.372,-13.714,-9.3788,-14.798,1.9783,11.217,5.2226,33.182,47.887,-1.176,-21.824,18.634,23.284,-14.286,-20.542,3.0022,18.141,20.791,14.774,-7.9392,-37.05,-41.755,-28.92,-19.805,5.8832,31.795,14.776,-4.0136,-0.71587,-20.166,-29.736,0.78957,4.4423,-12.664,3.1238,17.579,20.864,32.965,24.292,16.227,33.898,21.034,-12.61,-16.45,-19.471,-25.3,-15.967,-9.9611,12.033,20.121,-41.973,-60.948,17.173,34.226,-18.947,-17.215,4.5775,2.4373,10.808,10.959,3.9774,9.2164,1.6362,0.1318,10.77,1.373,12.675,35.414,-0.53462,-27.174,10.021,23.53,-6.6494,-30.144,-31.969,-1.5164,17.104,-15.356,-28.518,-3.6499,4.7814,16.228,28.276,0.25807,-18.445,-1.9984,-3.9208,-10.583,14.217,31.518,17.098,2.2662,4.7395,12.196,2.9534,-36.591,-71.63,-41.01,28.235,46.571,18.83,-0.2861,-14.347,-14.823,6.6682,8.8189,4.2719,20.229,20.416,21.343,34.65,-9.5874,-63.659,-30.973,10.134,-1.4554,-4.8643,-3.3661,-14.644,-4.2377,8.6899,6.6289,13.443,8.5192,-16.622,-20.465,3.6876,27.32,21.785,-10.616,-15.968,11.83,13.335,-4.3131,-0.2487,6.4192,3.1583,0.67516,-7.5435,-7.9596,5.5121,-5.0678,-33.194,-22.426,20.835,32.197,-5.684,-36.216,-14.514,24.642,32.634,17.002,5.744,15.098,22.816,-15.684,-45.999,0.7768,16.564,-54.028,-56.462,16.961,21.125,2.4079,28.452,21.355,-4.5453,6.5946,11.511,8.4176,12.98,2.475,2.0494,5.4794,-11.772,-3.3256,0.32223,-41.762,-37.376,4.4812,-4.9763,-10.284,7.171,1.5009,18.297,35.396,4.1305,-1.1825,10.76,-17.095,-14.443,26.081,27.365,-6.0275,-28.05,6.2486,49.299,-6.0798,-55.207,3.495,5.843,-54.213,-12.379,32.708,-9.5261,-15.324,9.4341,-4.234,0.37549,25.838,21.076,6.2711,8.8039,9.6856,-12.085,-18.219,10.895,4.5881,-18.593,18.263,37.328,1.5597,-5.517,-10.69,-28.451,-5.7499,0.92837,-12.032,4.6884,-21.234,-51.83,3.1541,22.901,-16.006,10.046,40.094,15.286,6.3385,3.3037,-6.8709,-2.4864,-13.418,-10.757,30.699,43.057,22.658,2.8005,-21.108,-16.935,4.6621,-7.7306,-21.951,-18.599,-18.597,-3.2482,7.1431,-6.1839,6.8289,19.851,-19.661,-36.167,11.54,29.192,-13.652,-22.846,28.264,39.966,-19.027,-40.303,21.766,64.234,13.79,-50.495,-25.251,34.31,18.355,-24.095,-10.592,14.271,14.924,10.023,-0.13083,2.1834,9.057,-16.823,-24.648,10.463,0.29784,-44.378,-29.979,3.6721,-7.6685,-8.8866,23.85,23.059,-8.7998,-5.1868,7.1719,-13.7,-10.771,14.769,3.6325,12.101,48.868,15.092,-21.903,23.052,32.408,-1.4065,21.642,11.937,-49.143,-18.814,35.51,1.9283,-29.438,-42.931,-65.328,-14.169,39.793,-15.285,-57.011,-29.962,-19.749,7.1218,46.095,26.054,16.104,37.481,28.368,37.847,48.036,-2.1802,-6.655,36.099,2.9529,-29.38,-1.0427,-9.657,-30.943,-16.711,-20.692,-25.95,-13.904,-7.6996,21.431,26.203,-36.192,-49.697,-8.5674,-18.247,-20.115,17.809,12.157,3.0877,27.989,22.74,20.607,46.88,25.898,-3.7065,25.37,29.159,-22.862,-31.597,12.779,19.306,-23.327,-32.208,2.0538,-8.7971,-46.542,-13.142,30.196,-7.8032,-40.98,-10.04,11.186,0.89711,-4.6362,-0.95429,5.3776,3.41,-2.0803,7.5962,15.509,17.557,26.904,16.234,2.77,26.061,21.112,-31.524,-29.649,16.511,3.7962,-34.269,-13.554,22.365,7.9518,-10.163,6.9762,1.82,-26.535,-17.136,-4.4355,-16.238,-3.1628,7.5129,-12.457,-4.2286,13.508,-2.7225,-1.1831,18.661,13.045,12.522,24.602,12.002,-10.045,-7.6989,11.452,8.7835,-22.425,-20.674,29.215,37.459,-26.424,-54.288,8.8162,40.923,-18.657,-34.057,8.5155,-19.111,-37.65,32.039,45.006,-0.5421,0.62643,-13.142,-22.655,26.648,0.17596,-71.773,-11.846,68.776,26.573,-24.431,-9.2406,12.292,19.393,33.439,41.831,6.0463,-34.858,-10.626,16.012,-15.563,-39.125,-32.131,-21.946,-15.874,-31.221,-11.136,59.702,43.153,-22.954,12.514,34.348,-23.934,-7.8712,32.241,-11.806,-13.137,45.388,31.739,-21.562,-35.527,-23.433,-3.2422,0.013158,-10.437,-0.42405,-2.0257,-20.201,4.8691,35.28,9.1104,-22.036,-11.89,18.781,31.089,-1.2186,-19.48,27.116,42.428,-21.906,-55.655,-20.405,8.6751,0.19768,-16.753,-6.3292,11.669,-6.4174,-12.063,27.89,36.543,7.0267,0.43544,0.2153,-3.3191,6.4328,-0.71573,-17.323,-9.033,-4.1253,-16.397,-8.7695,18.077,14.318,-19.011,-9.8533,26.014,5.1119,-17.431,8.8171,1.3713,-14.963,10.165,-6.4602,-22.033,33.375,30.786,-25.959,-6.282,17.09,-8.0538,-5.5837,-0.36932,-7.8157,13.044,22.035,7.1845,-6.0341,-31.226,-31.778,-4.8015,-18.719,-26.835,25.998,54.308,22.702,-1.1124,7.794,21.397,7.9333,-23.76,-24.486,1.2504,2.8901,-15.554,-18.419,-10.021,-12.184,-15.247,1.6659,23.653,24.787,14.329,10.578,10.064,12.415,21.586,11.928,-26.24,-37.841,-6.0801,7.0308,-15.078,-35.834,-25.445,19.722,26.174,-17.804,1.0716,28.794,-23.991,-0.51982,74.904,2.9551,-51.135,35.481,40.057,-27.236,-24.593,-24.959,-21.143,9.5083,-1.0638,15.737,36.986,-29.692,-34.107,31.843,4.8681,-17.32,11.008,-8.2392,8.2203,40.547,-18.704,-39.3,7.666,1.983,-12.178,-16.286,-29.103,14.306,52.631,25.561,8.3945,-5.7721,-18.208,7.6036,0.65174,-15.948,20.09,7.4707,-36.012,-6.5753,11.799,-8.6318,0.58137,-6.785,-23.137,7.4246,23.453,7.4544,6.6024,9.2894,4.0579,-13.366,-18.819,28.06,35.538,-40.216,-47.07,14.612,5.3164,-18.693,0.59925,-3.7398,0.23428,27.8,7.3444,-4.8022,34.563,25.971,-21.997,-20.582,0.76136,3.0638,-3.514,-18.771,-14.156,16.055,22.437,4.1723,-11.726,-15.942,5.5561,13.262,-23.322,-29.16,9.4879,12.088,-5.9386,5.5626,17.476,8.1456,-10.739,-14.056,15.355,21.939,-19.592,-26.801,4.7591,1.0673,-0.16197,36.009,26.16,-27.261,-21.587,16.692,8.7282,0.057162,15.588,-0.48948,-22.502,-9.0878,1.2727,5.09,7.2701,-16.418,-17.674,17.145,13.435,-12.373,-17.017,-25.024,-14.831,12.87,0.8508,-20.999,-9.3051,20.367,49.007,28.209,-21.501,-8.8722,17.143,7.0553,30.351,38.018,-20.149,-30.949,10.783,18.814,14.976,1.0781,-35.626,-36.226,-8.6004,-11.249,-29.482,-22.286,3.049,-9.758,-52.43,-28.248,41.339,45.856,9.8944,7.7922,26.517,20.996,-12.871,-3.7018,56.6,49.048,-13.942,-14.632,11.752,13.7,12.395,-13.112,-23.589,20.152,18.92,-30.271,-31.733,-33.327,-61.149,-37.917,-5.8894,-25.036,-31.47,-19.418,-32.097,-13.812,49.159,73.037,63.012,62.735,42.036,27.187,51.052,36.071,-11.508,-13.037,-14.661,-32.95,-22.279,-39.106,-74.748,-37.72,17.234,17.631,-2.1255,-15.36,-12.318,-14.991,-32.828,1.156,41.863,-0.23709,-21.084,23.53,23.269,-1.6098,5.4569,14.206,27.798,29.163,1.9409,-1.4265,8.3366,-0.23455,0.69142,7.4875,16.45,16.886,-24.358,-41.158,-0.86005,5.7471,-14.096,-13.733,-22.962,-16.879,2.0217,-21.289,-31.852,0.033187,11.684,10.667,13.194,-2.6203,-11.837,2.5691,16.134,15.281,21.415,49.515,43.373,2.143,11.844,18.533,-31.701,-23.267,21.305,-7.122,-36.958,-34.038,-33.254,-5.9335,-6.9576,-42.069,1.3799,47.549,1.6236,-18.712,12.807,7.0484,-11.469,3.1176,25.469,23.793,12.515,13.698,-5.784,-21.666,20.829,28.987,-23.718,-20.882,-5.6497,-32.932,-11.721,24.702,10.094,7.4448,16.768,9.4642,6.1999,-8.9113,-20.221,-5.3339,4.4605,11.2,-1.4409,-36.4,-17.592,15.434,-11.653,-26.64,-11.835,2.6305,40.089,38.772,-10.065,-6.858,17.55,17.007,12.873,-16.122,-12.512,36.964,8.4336,-31.416,3.1284,-14.492,-38.805,25.139,21.809,-45.014,-21.273,16.256,6.7128,13.1,0.061219,-26.321,3.2847,28.029,-4.1012,-23.639,3.5088,30.35,22.977,5.0327,6.6152,5.8748,-18.002,-29.614,-3.7541,14.118,-12.554,-26.358,6.8643,13.384,-15.803,-7.0876,15.806,13.169,17.007,8.0466,-19.535,0.1478,34.424,13.913,-13.585,-19.515,-32.513,-23.59,12.73,24.987,15.962,3.7667,-17.249,-18.452,1.0864,-0.97393,-6.8945,2.9557,-1.3112,2.153,29.238,21.98,-6.8851,-0.70872,0.9031,-18.028,-6.2664,4.3951,-20.79,-17.821,15.389,8.6319,-10.779,12.442,35.627,13.979,-25.682,-31.667,15.749,47.759,3.5468,-34.884,-13.508,-7.3417,-14.022,3.2651,-13.163,-35.658,5.2283,37.068,19.632,2.0754,-10.583,3.032,38.434,19.026,-27.712,-25.078,2.7915,12.841,-10.657,-26.851,16.743,37.036,-3.8918,-2.3259,7.5626,-32.206,-23.422,16.444,2.6614,-9.8707,-2.6612,1.5367,21.932,16.84,-17.503,-17.213,-2.3851,3.8077,13.609,5.1757,-8.247,-8.2666,-9.5775,-2.0329,0.19305,-8.4049,5.6061,11.633,7.3013,36.414,36.842,-11.195,-25.253,-15.599,-13.948,-0.24453,12.837,14.141,-7.7079,-36.69,-13.227,10.066,-16.424,-9.7521,13.029,-0.99818,1.9503,1.3769,-8.4433,20.574,16.705,-2.2193,36.415,19.797,-36.415,-11.415,4.0457,-9.8519,11.996,5.3573,8.1997,32.345,-30.954,-49.654,42.309,29.476,-46.485,-35.532,-29.377,-22.153,28.795,16.329,-17.688,15.023,37.828,33.374,31.699,-3.6188,-42.918,-30.413,2.4255,12.678,10.427,18.139,13.101,-20.285,-30.346,-2.5847,10.777,-1.8393,-11.012,1.5673,17.173,4.1257,-10.597,-3.3374,-5.7705,-15.558,-19.26,-14.78,21.569,40.955,3.213,-5.8679,16.659,2.6645,4.3722,24.033,-3.7629,-18.619,8.9213,4.2418,-26.185,-38.45,-28.536,10.571,39.323,8.3252,-28.048,-9.7744,10.666,-5.5995,-0.022996,23.787,4.1097,-6.5742,17.651,-4.0794,-21.781,28.195,31.819,-23.376,-21.726,10.409,7.0713,-3.244,8.465,19.413,-15.103,-49.239,-5.9589,33.321,6.0017,-12.323,-14.151,-6.6287,20.954,-6.2599,-43.963,-0.72814,22.106,5.3877,15.942,-15.579,-37.876,28.215,45.624,14.092,29.059,5.6631,-31.763,1.6155,15.444,2.9053,2.3975,-36.167,-38.71,24.446,23.595,-18.932,-24.312,-22.465,-2.0566,20.313,3.3659,2.1081,6.9257,-19.809,-14.305,5.8081,-5.6122,9.5749,29.37,4.3998,-3.5758,7.9144,-2.2153,7.9091,38.021,26.673,-15.817,-27.43,-4.0381,-3.3336,-19.208,0.96781,11.282,-13.153,-4.0902,3.4227,-26.114,-5.8782,25.931,-9.657,-16.967,18.387,8.603,-5.9214,-9.873,-29.908,-2.0134,25.69,-28.839,-34.366,48.44,59.295,6.8478,1.3302,12.281,8.0802,11.711,-0.10078,-34.921,-36.359,15.394,46.208,9.2307,-24.496,-15.095,-12.018,-10.323,3.7755,-11.455,-30.954,-14.047,3.4769,7.6145,-0.4343,-20.019,6.377,57.024,29.828,-29.868,-25.592,4.0613,9.786,-2.7105,-19.69,-3.8976,32.761,26.258,-0.45226,5.2316,15.148,10.583,11.189,12.971,13.465,4.8346,-24.195,-21.373,21.69,-0.36232,-72.338,-59.842,-5.5882,-19.044,-41.796,-23.993,-5.1403,15.912,27.747,16.513,31.944,52.502,23.536,7.7074,40.506,55.806,27.377,-17.574,-34.04,-2.166,11.575,-17.515,-17.598,2.3704,-13.624,-25.828,-13.228,-29.467,-57.201,-29.683,14.382,-2.025,-33.195,-12.225,19.684,37.394,49.545,10.67,-33.231,17.422,61.318,4.578,-18.155,35.069,42.751,10.398,-10.441,-37.499,-24.081,32.792,21.266,-35.627,-29.266,-4.2389,-18.044,-25.575,-14.517,-2.7103,1.7207,-17.598,-26.242,4.7185,31.26,35.209,17.058,-11.137,12.227,32.725,-29.891,-44.482,18.101,0.91253,-26.602,31.478,41.826,-1.3625,-3.7747,1.9664,20.194,35.961,-12.087,-30.811,8.721,-4.9061,-25.768,-4.4093,-16.821,-29.726,-1.5833,2.8415,-11.312,0.52708,19.648,6.9699,-30.605,-13.525,47.995,38.961,-1.4976,-0.020051,-23.091,-38.847,12.737,23.792,-17.296,0.35077,40.197,23.734,-6.1123,-0.046751,4.2595,-22.59,-20.596,11.9,-3.0242,-16.135,15.48,2.3331,-21.49,7.3916,-0.092789,-19.161,23.557,22.005,-36.953,-30.084,20.067,22.451,-12.759,-15.988,18.595,12.151,-12.112,19.389,19.519,-33.53,-19,25.068,17.033,-2.3577,-26.422,-34.518,4.9319,24.154,28.963,49.31,-6.8762,-75.594,-1.5577,79.018,14.552,-39.844,7.6135,1.4964,-66.211,-26.284,48.267,-0.66508,-30.116,37.314,18.564,-49.691,-11.585,27.445,-7.8449,-24.815,-1.6198,26.109,12.679,-31.33,-3.9494,43.748,4.9524,-14.407,22.22,13.905,1.8891,9.2889,-15.455,-8.3652,33.64,25.805,3.2083,-5.2953,-32.094,-40.824,-8.0328,19.529,0.031488,-40.156,-18.606,24.518,-20.551,-56.486,9.5568,34.604,-16.607,-7.9548,38.581,32.572,12.421,9.7949,-5.3833,-14.573,16.249,42.583,16.255,-18.836,-12.859,14.781,25.118,1.7114,-10.875,21.811,13.222,-49.763,-40.672,-7.765,-49.211,-37.231,23.225,-35.299,-78.527,26.803,63.586,-14.782,-4.098,50.919,32.279,24.257,36.916,5.1643,-8.6879,21.293,32.098,21.689,0.43078,-29.787,-27.732,1.5686,9.0378,-14.739,-43.811,-38.204,-13.548,-19.586,-13.405,14.24,-5.9119,-7.7686,37.543,3.9823,-38.216,19.645,32.722,-5.199,28.4,27.766,-23.728,5.9651,27.805,-18.613,-14.58,16.354,7.8356,-2.1728,-15.276,-18.312,7.0721,5.0728,-3.221,17.702,2.0776,-20.711,17.417,31.073,-16.674,-29.553,-0.75887,-7.3117,-45.502,-45.944,0.019233,15.796,-17.252,-10.938,45.775,52.92,6.934,-3.1925,22.351,37.107,34.734,-2.7376,-41.03,-10.294,11.502,-28.188,-5.3561,43.979,-17.648,-63.225,-3.4322,13.368,-22.419,-21.07,-11.261,1.7225,12.802,-8.55,6.1784,49.884,21.521,-16.838,7.1068,12.999,-17.46,-18.364,12.569,28.098,4.3928,-11.369,11.315,11.037,-13.088,-7.3692,-7.422,-13.626,16.223,11.456,-38.438,-27.539,4.4037,-23.07,-24.946,23.177,22.115,-3.0922,20.057,32.265,-2.4122,-18.586,2.1082,25.759,34.899,17.156,-13.873,-25.603,-12.015,7.5774,-6.7405,-38.038,-7.0268,26.068,-33.912,-55.917,22.857,36.937,-6.0093,13.303,26.809,9.3194,14.631,-14.229,-42.951,13.979,35.234,-26.549,-19.997,34.235,12.091,-22.591,0.23967,17.577,0.97529,-15.626,-6.7437,24.405,12.258,-52.375,-40.578,46.853,39.241,-36.8,-27.275,18.338,11.886,-2.2933,-0.85703,9.6897,22.302,-5.225,-40.347,-11.908,30.477,16.407,-21.155,-10.752,46.166,44.973,-34.727,-53.499,8.8413,24.53,-15.065,-33.092,-14.411,10.976,6.9984,-6.0598,12.464,26.649,11.807,-3.7856,-9.5337,8.2682,26.942,-1.9532,-27.755,-10.327,1.1697,7.5381,12.044,-8.6501,-9.324,4.6965,-13.734,-8.3373,23.276,2.6198,-36.228,-33.893,-2.8946,28.764,16.887,-16.254,-1.3417,9.4253,-24.973,-16.253,40.03,55.656,36.48,30.373,18.528,-19.913,-34.399,2.6902,17.606,-14.444,-28.25,-35.639,-67.89,-68.116,-13.55,43.789,44.681,-10.202,-14.876,49.324,46.197,-9.7924,-0.17471,15.071,-14.266,-4.6112,27.64,11.506,-3.1187,23.948,24.753,-17.547,-19.162,7.9504,-21.925,-45.458,-8.0167,-13.179,-45.327,-11.119,14.592,5.7669,34.915,54.888,37.321,20.831,-15.53,-35.315,-7.719,-12.201,-30.007,-10.431,-17.379,-31.269,2.0139,23.28,18.653,15.102,9.3212,26.874,33.784,-3.0173,-4.4634,11.579,-15.814,-1.8331,36.241,-8.3132,-50.027,-17.376,5.3002,-3.8766,-13.065,-15.594,-2.0896,7.0577,8.0644,11.038,-16.358,-28.771,23.775,34.483,-19.543,-18.986,10.337,-3.9487,-2.9448,30.002,32.15,-6.3268,-37.817,-17.578,17.877,5.4585,-7.6112,19.137,25.195,7.3162,10.877,17.74,10.628,-6.1916,-23.314,-4.7516,25.297,0.38359,-42.886,-46.213,-39.467,-41.721,-35.933,-25.662,-5.2478,26.45,34.787,23.276,34.833,45.648,19.424,18.225,60.512,46.975,-7.6937,-1.1328,7.5414,-38.186,-46.587,-16.74,-10.825,0.48965,-7.3353,-54.611,-43.914,6.0535,-0.3197,-8.1036,11.19,-1.9269,-11.319,14.574,23.769,7.5594,-5.3403,3.7296,24.625,18.327,10.621,26.229,5.8342,-19.209,14.4,18.802,-21.907,-7.2767,17.839,-8.4357,-20.268,-6.3603,0.98672,13.139,8.4282,-25.101,-38.402,-6.4394,27.973,-4.159,-67.907,-41.786,31.576,23.73,-9.7091,1.8875,8.2557,13.48,28.855,15.498,6.8905,19.396,15.323,26.673,39.564,-8.6136,-38.015,4.8223,22.624,5.5577,-0.53334,-36.941,-67.051,-22.363,4.4424,-37.671,-45.009,-9.5209,-9.413,-14.142,22.06,59.064,58.728,23.387,-3.1776,21.778,38.784,-2.7983,-16.184,19.886,3.6505,-41.071,-25.338,2.5268,-3.7144,-0.48787,9.7802,-5.1308,-22.431,-11.908,6.966,-10.231,-43.71,-22.548,30.311,37.177,14.245,2.0704,-8.2078,-9.4725,6.3385,15.398,3.7937,-11.51,2.182,28.115,11.246,-13.378,5.7674,11.352,-7.2704,6.0373,4.6329,-38.249,-38.159,4.7107,15.23,-2.3573,-14.282,-7.3916,24.842,40.705,-1.1838,-40.84,-10.44,25.977,1.2032,-18.412,-4.339,-11.548,1.1256,41.186,1.882,-46.82,17.877,59.732,-0.047332,-19.788,3.1284,-12.73,-4.5928,26.69,-7.1405,-40.99,2.4259,24.23,-21.646,-33.267,-4.6846,-1.4888,10.121,27.263,2.6145,-6.0808,9.8699,0.22468,15.039,26.752,-22.948,-19.362,28.134,-1.1336,-13.431,18.284,-6.8987,-12.934,2.1206,-47.428,-41.677,26.531,21.304,12.635,31.985,5.0267,-13.809,-16.714,-16.54,27.915,11.119,-49.2,21.382,77.626,-6.7381,-29.232,14.634,-0.44927,0.99645,4.8686,-40.791,-38.474,-1.9634,0.39675,2.803,-8.1349,-23.024,5.6881,11.176,-14.555,10.59,37.648,11.626,-8.0463,8.3469,39.802,42.33,-6.4088,-23.833,13.755,4.0107,-29.705,-4.4644,10.657,-14.254,-16.651,-24.623,-45.063,-28.154,-11.497,0.046484,30.146,8.6984,-21.303,31.509,53.679,7.0954,0.37284,-2.1087,-17.007,10.384,18.266,16.644,35.099,-14.854,-43.861,23.307,19.004,-21.689,1.789,-39.226,-66.891,31.773,54.34,-19.621,-39.176,-36.577,-3.5979,35.104,-5.7388,8.2441,60.542,-20.768,-44.092,60.983,27.008,-50.381,12.662,27.762,-32.309,-10.47,19.954,-1.3931,7.7166,29.23,1.4271,-32.391,-17.774,3.7447,-2.0017,12.043,23.177,-20.242,-40.428,-12.013,-8.3641,-3.6369,15.166,1.4476,1.2791,19.333,-0.73565,-1.5533,28.548,7.7532,-13.905,19.437,18.239,-32.629,-35.761,9.5343,23.19,-4.6186,-16.236,5.1805,9.7127,-8.755,6.7082,30.194,1.8778,-13.742,8.9137,-16.877,-43.103,0.47729,12.273,-9.877,13.506,5.8375,-26.485,6.4346,20.83,-7.6275,-0.27484,3.4327,12.278,41.44,-4.1573,-47.88,-0.50166,8.8895,-14.412,12.156,15.3,7.8971,11.659,-30.359,-20.581,41.064,3.0211,-30.329,28.03,24.435,-25.654,-22.437,-20.124,-17.023,10.868,9.7853,-8.6853,-10.971,-8.3831,-3.0808,-1.3093,1.9795,11.726,18.076,41.509,52.538,5.8658,-20.515,5.5282,7.5263,-7.7555,-20.505,-50.518,-48.562,-2.0987,26.466,19.811,-8.9696,-26.734,-7.0117,12.688,15.62,13.308,2.0078,6.7582,8.9436,-20.868,-13.726,20.85,7.7191,-0.51779,8.6752,-7.4051,7.4135,26.115,-5.542,4.0118,30.902,-15.771,-39.538,-10.075,-12.11,-5.3557,19.862,-8.0836,-37.001,-6.5165,16.788,-2.8655,0.48273,34.598,7.1069,-49.64,-11.918,37.95,0.82605,-7.0475,33.727,27.937,14.328,2.8537,-30.299,-8.5631,29.5,-5.8082,-30.492,-6.4028,-2.6756,-11.375,-15.289,-16.547,2.2052,15.005,12.296,14.742,1.7862,-17.954,-17.666,-6.4645,16.788,17.109,-19.485,-3.9391,40.878,9.543,-19.847,22.022,32.099,-11.651,-26.76,-7.824,0.74776,-14.047,-28.691,-20.713,5.9773,33.893,28.194,-4.8943,-5.7502,6.2497,-8.4183,-10.525,-13.731,-28.996,3.8423,27.842,-6.3841,2.4709,41.58,30.517,14.47,-5.3969,-37.33,-12.351,17.958,-16.164,-39.385,-16.452,10.54,12.29,-18.244,-24.565,12.46,24.84,10.07,0.56619,3.444,29.813,28.917,-6.1623,-0.60284,-1.5444,-30.877,-3.105,8.315,-34.06,-0.53775,45.604,5.1137,-14.319,-2.0333,-13.798,0.53232,18.121,0.62851,-19.43,-45.722,-35.036,28.126,24.859,-28.301,-12.039,25.821,22.607,10.095,1.6374,7.6833,18.323,7.4899,10.488,34.831,30.63,1.3422,-15.659,-12.133,-16.015,-42.405,-42.215,-14.343,-21.179,-28.714,-1.6908,3.8095,4.3218,30.533,22.196,-4.3193,14.54,32.867,16.82,10.016,10.523,-7.6063,-15.825,-1.5131,-4.783,-24.358,-20.779,-4.113,10.318,25.225,13.57,-3.7154,18.743,21.651,-24.522,-36.348,-2.5083,14.813,4.7892,-12.91,-18.784,-16.597,-18.042,-1.0092,15.747,2.6781,7.551,23.731,0.97824,-15.696,-7.7779,-0.77877,28.015,33.041,-16.384,-17.234,25.825,15.497,-5.463,1.7701,-9.9003,-24.092,-9.7116,16.328,29.055,-0.28224,-33.936,-8.697,11.464,-28.071,-40.233,-5.1607,-0.67205,3.09,43.024,36.373,-11.155,-7.3243,0.45806,-25.617,2.6274,46.645,10.5,-23.915,-4.4028,-2.2046,-4.987,13.486,1.8584,-19.646,4.1968,22.058,-8.7867,-10.747,38.441,28.522,-31.674,-24.953,-2.6048,-29.207,-25.111,-0.80334,-1.0881,12.718,6.5369,-6.2372,32.393,16.342,-32.451,16.297,21.967,-41.588,1.2778,25.709,-33.248,8.9688,48.296,-12.721,-2.8353,17.975,-26.977,16.807,64.387,-15.089,-54.936,-11.415,-4.5727,-12.9,-10.395,-21.725,-14.972,11.276,16.662,4.7351,0.75364,5.4839,12.644,21.726,1.6488,-35.621,-1.2811,50.794,5.3257,-28.15,12.461,1.3422,-17.58,27.194,18.228,-32.584,-22.541,-4.4112,-16.827,-24.847,-5.8409,42.353,42.067,-15.863,-12.765,20.082,-1.5152,-10.983,-2.0491,-10.626,9.0192,21.86,-9.2093,-18.942,-13.05,-15.157,8.7837,23.532,-0.072557,-12.712,-0.14185,13.161,10.82,-0.12876,2.4779,-1.5613,-20.688,-19.225,-6.0498,6.638,16.603,-7.4278,-12.261,46.495,60.178,2.2109,-23.513,-3.3731,17.747,-3.4532,-61.222,-47.226,12.728,-16.168,-46.157,16.319,47.63,10.254,-15.924,-18.715,-4.567,7.0024,6.3791,25.549,33.364,12.249,9.7246,-2.2411,-18.186,32.507,71.965,23.742,-30.111,-50.438,-45.443,-5.4891,2.2003,-42.44,-38.174,14.04,12.085,-22.557,-3.0295,17.742,-37.44,-69.524,-5.0044,41.609,28.67,41.24,72.231,67.43,24.89,-19.826,-6.2284,34.584,17.3,-15.639,-16.274,-26.213,-43.212,-47.675,-29.621,13.18,-0.70453,-57.184,-20.373,36.835,-6.6163,-33.562,3.9942,3.0374,-6.1355,30.085,36.831,-3.4467,-0.8682,45.173,41.505,16.763,40.926,28.374,-29.148,-14.078,8.0942,-24.703,-10.316,9.9079,-26.975,-32.385,-25.726,-39.582,-15.663,-5.7233,-15.854,1.6409,-35.841,-53.957,64.082,109.05,11.516,-9.7601,22.399,-5.1239,-10.667,24.254,38.985,31.635,6.6829,-18.338,-30.259,-38.596,-39.75,-38.789,-11.804,43.168,39.215,0.1271,9.1752,0.15198,-24.223,6.4583,8.2904,-25.379,-13.886,-15.642,-25.124,11.362,19.064,13.571,36.285,13.587,0.28978,32.247,-9.5479,-48.522,10.262,10.217,-49.295,-20.413,19.754,0.6578,9.4297,29.83,1.0875,-15.621,18.456,32.342,-9.5385,-35.237,-2.0865,27.457,9.7379,-21.558,-28.92,-10.795,-2.8768,-23.247,-24.853,14.526,47.01,41.894,8.3224,-23.795,-11.014,28.973,19.895,-30.83,-36.177,2.1263,13.092,5.7367,5.1057,-20.976,-37.919,6.3995,32.095,-9.791,-25.26,16.809,33.478,2.317,-10.797,14.513,15.378,-14.137,-7.055,17.077,17.223,24.548,8.3224,-39.774,-22.119,9.0887,-39.734,-41.033,29.67,14.383,-32.644,-1.8558,12.434,-8.3313,14.048,23.752,-7.8062,-1.4339,22.439,9.7208,9.9174,20.863,-18.377,-45.365,-2.9178,20.492,-0.97524,-1.3896,4.9851,12.386,37.189,15.334,-30.266,-17.494,-8.7518,-11.92,33.834,19.299,-59.849,-34.043,23.691,-9.062,-27.834,-17.133,-20.692,25.307,53.223,5.0304,8.7106,32.757,-20.306,-28.568,23.479,8.3278,-15.921,17.852,40.684,29.288,-11.463,-53.551,-30.896,3.4556,-12.516,-11.163,4.387,-17.079,-27.491,-13.265,11.851,65.51,75.721,16.319,0.50618,19.818,-15.075,-49.16,-27.172,-3.2805,-16.062,-40.843,-34.014,-8.1388,-9.1512,-11.314,4.5586,4.6006,10.049,29.441,22.994,14.592,22.245,29.355,45.555,30.399,-9.3501,21.679,47.371,-25.882,-54.872,0.1713,-0.60157,-39.261,-42.72,-41.551,-38.723,-21.223,-6.7853,-4.8413,-10.575,7.7971,33.074,10.323,-5.2849,17.818,9.5021,4.6816,32.175,12.011,-10.16,21.712,12.978,-25.764,-1.4018,46.699,60.407,36.025,-8.4022,-14.658,15.544,13.49,-14.963,-21.121,-9.0769,-18.859,-65.12,-100.4,-84.06,-45.69,-29.724,-36.934,-19.021,36.021,60.479,55.715,80.001,89.389,52.367,25.46,25.975,37.784,28.195,-12.305,-10.714,3.389,-48.458,-53.841,9.6764,-3.2749,-40.908,-28.844,-41.403,-41.335,-3.998,-12.8,-31.643,-21.999,-15.041,17.543,46.19,27.15,14.629,11.499,13.351,37.404,13.448,-28.473,10.331,37.163,-12.501,-35.494,-2.4489,37.475,52.851,28.384,-0.48633,0.43321,11.167,-8.9479,-54.625,-41.635,14.071,-4.0708,-40.922,-26.812,-30.234,-21.701,-1.2687,-39.965,-23.491,44.905,9.288,-12.827,41.275,27.011,13.444,43.848,19.157,16.533,43.217,15.381,10.956,4.3167,-45.763,-16.942,22.162,-19.087,-25.695,-17.804,-28.729,9.4056,7.6671,-31.63,4.766,11.38,-36.285,-19.252,-3.3566,-15.58,13.848,21.399,-5.6737,-1.6522,14.257,23.609,12.038,-9.462,17.079,25.244,-19.898,11,69.265,15.764,-35.781,0.19028,5.0269,-38.166,-39.172,-7.7823,11.008,20.133,1.4083,-45.244,-38.583,21.736,27.243,-5.8215,2.3521,8.8767,-9.3037,-5.4558,4.4598,-5.6391,-15.833,-4.7663,23.073,22.425,-10.245,-16.699,2.5785,18.735,29.11,21.897,15.139,9.6917,-23.807,-29.775,6.892,6.3651,-14.23,-16.165,-5.6304,38.525,35.808,-53.919,-64.784,5.2344,6.2264,-10.472,2.8637,-5.9125,4.1518,28.798,10.029,-14.086,-16.607,0.25869,30.467,28.29,11.731,8.4277,-9.7517,-2.8125,21.944,-5.4611,-14.965,12.248,-13.392,-28.68,3.2715,-5.3544,-15.686,4.7673,-8.2188,-7.6904,33.073,25.175,-20.345,-34.043,-22.029,1.4849,16.587,-1.1045,-4.309,32.505,25.186,-29.205,-9.6607,41.074,-4.8343,-41.849,18.89,39.131,-3.4714,-9.2804,-2.481,-0.74834,10.026,-4.5673,-11.045,10.466,-4.6029,-34.094,-19.408,13.726,20.552,-15.189,-40.315,-5.0855,24.335,8.0106,-11.436,-9.801,30.499,52.805,-2.0672,-20.737,17.023,-8.2484,-16.939,32.886,-0.80312,-41.389,21.403,31.288,-39.937,-34.756,18.489,10.649,-14.635,4.0895,15.454,-8.0167,-12.057,-13.535,-27.877,16.574,52.316,-4.8048,-21.527,21.423,-0.22725,-23.844,1.9196,7.2957,2.3049,-9.9815,-23.142,12.053,31.075,18.745,38.181,12.033,-40.229,-10.407,-5.3021,-42.051,-4.8041,8.3146,-24.985,16.855,37.879,-14.033,-12.299,10.459,-12.466,-21.8,-3.6921,24.112,35.57,-1.4534,-19.933,9.8992,7.1708,-15.424,-1.1647,12.283,3.8058,-5.0302,-13.922,-10.959,11.793,25.849,17.028,2.6339,-8.1699,-14.588,-9.5859,-7.4632,-23.995,-27.097,-1.1814,18.108,16.771,-4.1564,-24.784,8.1516,51.04,15.762,-31.361,-12.3,17.875,20.889,1.7004,-22.244,4.398,36.011,-13.861,-43.621,8.4009,5.7507,-29.985,26.352,50.745,-28.941,-33.148,30.955,7.2409,-38.29,-30.769,-14.611,23.297,33.197,-26.547,-22.384,30.737,5.9346,-1.9377,33.151,-0.74016,-23.815,15.025,19.433,1.9088,-5.3303,0.29408,30.25,2.8317,-47.372,-1.5651,19.022,-28.592,-9.2104,-4.0016,-39.158,12.761,31.578,-32.554,-6.3694,41.57,2.365,-18.576,-1.1322,13.407,24.893,4.3828,-10.26,-0.138,-15.574,-7.878,22.569,-4.3043,-21.885,11.685,20.607,13.01,11.894,0.81389,-5.1202,-9.5198,-4.3167,5.0077,-22.476,-16.449,36.804,3.0007,-51.519,-9.5038,7.8774,-18.255,-1.4781,-18.135,-44.451,23.834,68.164,15.82,-11.011,11.733,21.977,12.692,-6.1272,-0.92097,25.281,5.1124,-19.972,20.049,21.017,-47.299,-30.835,31.108,-11.562,-48.464,4.9671,11.222,-23.796,-2.8328,14.4,3.5748,0.32863,-20.17,-25.841,6.7149,13.716,2.7189,5.3985,2.2724,7.8765,15.077,5.5515,15.505,28.909,18.739,16.489,6.9938,-13.002,-6.3308,-5.3332,-13.773,4.5774,4.2233,-23.383,-23.03,-7.003,-4.5729,-17.408,-26.124,-0.29855,8.6123,-34.741,-44.291,-8.0065,7.9927,15.538,20.855,23.393,52.252,58.261,17.788,6.1746,18.126,7.8384,6.5054,13.672,-7.4145,-31.37,-19.962,0.9293,-11.007,-29.948,-26.87,-36.9,-47.233,-20.558,-1.7922,3.5017,23.202,11.695,-5.8653,25.126,26.44,-6.8911,20.234,47.826,2.3287,-23.484,17.129,39.636,6.4216,-21.362,-7.9733,3.3146,-4.9073,-0.67675,-0.040494,-23.224,-27.866,-3.3236,3.7055,-13.139,-13.672,9.4716,20.283,0.43402,-30.02,-35.018,-1.4236,22.584,9.8146,9.6674,18.394,1.2358,0.55183,11.931,2.1034,14.979,20.758,-16.477,-8.3383,16.369,-18.951,-17.606,23.356,5.4209,-14.993,-3.9245,0.089203,19.928,12.939,-39.346,-30.211,16.187,3.4703,-15.811,5.169,14.958,-18.927,-44.45,5.4743,53.304,10.884,-15.393,20.098,9.3831,-30.385,-13.46,42.594,59.974,-15.405,-75.046,-3.101,47.954,-15.827,-32.907,10.181,1.2345,-5.4896,31.098,29.215,-19.55,-31.584,3.6901,9.5116,-11.017,-4.5701,-7.3163,-12.925,16.888,5.8332,-29.034,4.0797,26.538,-0.42,-13.92,-22.621,8.3935,50.06,-4.3552,-24.365,37.545,-1.0621,-36.983,31.53,14.78,-28.285,20.723,8.4259,-36.125,-12.692,-7.6844,5.6402,25.885,-23.769,-19.802,31.35,-12.193,-30.237,19.971,10.845,13.351,49.724,6.2892,-50.985,-30.877,15.758,15.789,-36.298,-33.626,34.055,26.32,-15.074,5.6675,10.48,4.638,27.447,9.4113,-15.906,-3.2419,-0.65622,13.29,23.509,-19.992,-46.666,-33.308,-16.815,6.9013,-4.7242,-17.355,35.941,41.796,-3.3933,27.324,38.051,-22.241,-24.111,3.3544,3.974,4.3664,-36.998,-53.993,21.304,34.562,-18.739,4.0045,13.152,-33.972,-4.0667,44.498,12.024,-8.3711,14.81,19.677,15.156,1.756,-25.826,-18.765,4.0144,-15.054,-32.633,-11.946,4.1032,8.49,10.265,-6.5596,-11.429,11.707,17.057,2.9109,1.2678,12.587,21.135,8.3102,2.189,21.804,-8.2656,-61.917,-17.659,42.056,5.9051,-30.499,-15.671,0.83036,7.4642,-8.8469,-16.089,13.533,11.101,-4.8182,11.904,-2.8546,-1.4481,54.96,26.78,-44.359,-17.628,10.735,-6.978,6.7436,5.9588,-24.385,-18.408,6.2284,18.174,9.848,-7.977,1.2106,-0.79511,-27.858,-8.4404,11.184,-20.813,-14.633,24.569,16.241,-3.3008,1.6742,8.4899,14.205,18.402,12.712,-3.6907,-4.8794,17.523,8.2301,-17.279,-6.9636,-22.728,-45.57,0.54758,17.046,-3.3356,30.789,11.954,-44.977,5.9532,22.989,-47.56,-18.971,31.685,-5.0953,-5.078,18.222,-2.0047,-0.31779,12.979,19.421,34.961,6.9532,-20.154,18.556,36.291,14.653,-0.91079,-43.249,-69.125,-27.541,4.3399,3.3374,6.1287,-5.5663,-22.905,-17.729,-2.2158,13.122,18.889,19.573,34.08,32.242,-5.121,-25.315,-8.3618,2.704,-1.7805,6.3314,18.301,6.4707,-5.8643,3.0474,-2.7662,-24.389,-15.046,9.6108,1.4677,-18.379,-0.68635,28.584,11.28,-16.584,-10.238,-21.458,-34.345,11.085,29.263,-8.0169,0.67037,14.654,-5.2513,27.396,44.363,-19.175,-24.91,17.324,-6.5005,-18.755,5.9813,-12.755,-25.256,-5.6268,-4.8293,8.8732,28.489,9.5321,5.0131,18.995,5.1706,3.7038,10.994,-16.166,-27.001,-8.1202,-5.8119,-2.7609,0.71817,-12.808,-8.2738,-2.2198,-15.564,-0.62226,12.168,-12.045,-2.494,21.231,4.4596,17.975,46.769,14.269,-5.0597,12.634,-4.3036,-10.58,7.6979,-13.066,-20.717,0.17796,-25.832,-44.802,-8.6842,1.756,-10.132,11.923,27.166,6.9523,-9.5724,2.6214,20.422,10.929,4.8445,28.383,20.58,-17.531,-11.891,8.146,-4.4442,-19.676,-29.764,-21.307,13.025,3.9723,-33.819,-10.208,32.659,38.903,34.9,4.6267,-26.55,-5.0334,-7.2512,-38.292,7.3859,50.13,-1.6248,-31.479,-0.84279,11.976,11.437,-1.5176,-29.28,-19.601,4.4082,3.1808,9.9764,20.069,19.854,11.983,-23.04,-26.287,18.189,-4.6777,-41.191,15.325,35.247,-9.923,1.7769,5.9646,-19.312,16.621,21.452,-33.231,-14.548,21.093,-5.7665,-6.8675,19.259,17.148,3.1461,-18.584,-22.307,3.874,11.678,23.009,34.782,-24.141,-64.824,-5.498,22.324,-14.076,-4.9066,13.004,-18.671,-16.246,40.55,47.473,-13.122,-41.15,-5.2963,26.845,20.767,-3.6531,-11.233,11.323,11.487,-17.948,-3.6729,21.387,-5.7091,-19.21,-3.9257,-5.9409,6.2972,9.775,-28.633,-27.362,3.3854,-3.0779,11.05,34.57,2.3525,-11.729,10.576,-2.2247,-9.4327,14.314,13.194,-0.21163,-1.0754,-4.9838,-10.867,-17.646,-7.7067,14.08,-9.8566,-28.219,32.984,57.784,-6.3845,-25.22,9.3537,17.893,16.249,-15.819,-66.98,-28.109,36.844,6.0892,-12.52,30.828,8.7464,-42.073,-10.91,33.43,21.264,-12.025,-26.493,-1.495,15.848,-19.361,-26.087,21.263,32.548,20.73,21.2,-10.333,-22.943,26.02,27.562,-30.348,-40.545,-11.194,8.6175,18.424,0.80909,-15.387,10.698,16.126,-21.487,-20.474,20.108,30.336,-1.8934,-45.895,-44.668,12.288,19.051,-40.76,-28.676,45.061,41.56,-4.9094,6.2939,35.813,24.23,-1.0715,13.65,46.75,12.988,-44.797,-15.892,14.826,-40.179,-64.363,-21.093,2.6973,8.2971,0.014704,-25.567,-14.965,5.3324,-1.368,14.67,32.765,20.532,18.031,13.15,8.9034,23.303,-3.2,-25.311,11.591,-8.0947,-40.621,24.246,25.31,-39.883,15.694,48.527,-41.377,-49.531,0.93161,-10.96,5.4718,29.667,4.0161,9.5035,-3.2418,-58.587,-14.511,60.88,22.891,-17.142,9.6812,5.6308,-23.235,-8.6121,18.478,8.4225,-9.1454,-1.7997,-8.6431,-24.495,5.8064,30.15,4.1807,-8.4908,-5.3985,0.79568,34.423,23.092,-33.512,-16.092,24.016,4.0152,-0.78352,9.4403,-16.247,-31.051,-16.051,8.9118,12.252,-37.655,-52.006,11.157,29.59,5.3764,23.721,37.634,23.282,2.8365,-22.903,-8.5894,12.835,-15.431,-8.1835,21.589,-13.347,-22.485,10.526,-3.2102,5.5593,38.525,-0.9427,-22.277,23.095,10.52,-47.049,-37.072,27.795,52.443,-10.341,-69.266,-23.333,38.424,14.752,-20.435,-8.5426,-0.80018,-8.5894,-1.4336,2.7606,-1.7517,10.936,14.865,4.9591,23.264,27.251,7.7077,35.417,36.137,-17.463,3.6952,3.3714,-86.2,-39.027,56.528,-35.162,-83.665,12.48,11.239,-26.438,9.8923,6.8948,12.773,46.597,-8.9796,-35.998,42.978,51.728,-12.973,-16.501,11.218,10.097,0.36703,-5.8224,-18.3,-21.126,6.6642,21.067,-3.1103,-7.6379,4.5354,-0.99493,6.9632,10.583,-3.6798,9.2924,6.2861,-28.561,-21.808,-6.6302,-10.091,13.135,13.478,-13.157,-3.455,-11.167,-34.408,0.88044,30.526,11.97,-3.7276,-13.023,-3.6072,13.355,-7.1037,-1.2933,46.171,35.567,2.0626,23.819,43.454,17.979,-22.57,-34.733,-2.4279,11.463,-22.924,-51.283,-60.17,-42.519,-1.0999,-11.581,-43.599,-3.1977,33.477,15.177,24.668,39.66,22.453,37.706,50.738,8.3636,-4.8267,16.523,-10.277,-35.296,-5.8911,5.2884,-20.097,-20.687,6.5055,19.963,-1.3956,-28.823,-15.066,-0.71939,-35.681,-36.213,31.006,45.762,-0.10989,2.7897,23.053,-11.91,-34.813,-1.8031,13.005,-8.8396,-6.7257,5.5485,-8.8432,3.1876,43.673,23.382,-29.662,-19.357,26.031,46.336,32.085,-12.551,-29.548,3.5426,3.3111,-33.206,-35.378,-22.199,-9.6985,15.257,10.517,-10.745,0.23524,1.472,-10.981,13.726,29.873,-0.69694,-19.227,6.298,41.606,25.311,-42.713,-52.824,9.0491,21.677,-7.2218,-0.028636,7.6911,-2.5062,-7.6969,-9.6391,23.871,57.803,10.535,-33.321,-1.9522,14.209,1.1204,-2.9639,-19.532,-16.582,1.7241,-13.673,-7.0483,2.3052,-46.612,-26.639,54.158,10.057,-54.404,10.076,52.342,11.173,-8.131,-9.2206,5.6327,47.272,35.647,-19.265,-34.548,-28.3,-13.724,21.634,24.812,0.94978,9.2148,10.255,-15.186,1.6119,21.242,-29.233,-51.732,11.576,34.924,-13.961,-31.441,-10.679,0.88526,6.6218,1.1526,-7.9898,4.2715,8.0284,-7.5561,4.2302,24.957,6.8388,-4.0504,25.6,29.125,-7.9691,-20.677,-11.644,-4.8113,19.359,22.71,-16.718,-20.344,7.5241,-5.0739,-15.418,8.5268,7.5231,-14.139,-10.182,6.3032,1.5323,-22.982,-26.075,-6.9675,-9.1293,-3.9439,21.66,6.3322,-2.432,45.388,43.631,-9.4465,-2.0171,21.683,-0.49629,-13.059,-4.4867,-3.0755,-9.5104,-26.715,-22.975,20.466,35.405,-6.5177,-32.224,-7.8185,9.9217,-12.305,-24.222,10.59,40.749,13.326,-37.711,-37.895,14.696,35.637,-1.2288,-17.098,12.783,22.97,-3.824,-17.857,2.574,26.796,23.605,-5.2193,-30.244,-17.356,11.183,-1.0988,-19.19,7.2776,20.019,3.1549,6.3571,2.572,-10.24,-0.86589,-16.346,-35.392,-2.0214,10.815,-6.1119,11.325,13.91,-0.27533,20.765,18.827,-6.9617,2.9132,4.1463,-14.101,-13.375,-11.282,0.92516,11.818,-16.672,-17.415,23.114,11.061,-22.981,-10.233,14.082,31.993,34.194,1.8807,-16.142,-6.2538,-16.394,-23.631,2.3666,11.594,-15.718,-22.438,4.5426,5.5229,-10.453,16.966,35.35,-1.8983,-12.62,6.8976,-5.5778,2.825,27.491,-14.574,-45.278,1.9225,19.352,-11.305,-8.7862,7.6834,12.753,25.583,22.7,-1.7609,-20.822,-27.582,-8.8868,15.002,-0.46608,-20.452,-11.667,-3.7546,11.835,33.041,18.65,-1.8333,-4.5417,-18.486,-12.816,19.986,12.889,-22.511,-25.253,1.9745,20.565,1.0187,-22.67,-1.5779,22.626,19.167,10.844,-11.507,-20.346,5.407,-0.48963,-24.172,-7.9121,11.839,25.003,18.986,-29.839,-20.631,41.195,19.796,-15.641,2.1428,-12.263,-13.473,14.727,-10.835,-5.9909,31.777,-18.64,-45.448,11.442,11.578,-5.4216,26.849,21.699,-5.7307,-9.5997,-19.193,-13.817,2.9946,0.1994,-0.35214,-6.5681,-17.241,-5.3443,3.776,21.357,48.13,12.491,-29.413,7.3669,30.971,0.46249,-4.4165,13.258,11.496,-5.3746,-18.367,-10.856,-7.4528,-31.556,-51.554,-44.58,-7.2396,35.362,23.486,-16.662,-12.622,8.3394,8.7027,15.764,40.622,48.206,8.4949,-16.275,29.267,35.159,-32.584,-28.929,18.518,-11.249,-35.322,5.9105,33.457,24.179,-10.173,-44.642,-31.82,-7.3853,-16.134,-30.196,-33.68,-21.161,-1.5595,-0.16172,7.1234,20.501,22.63,52.479,63.519,9.691,4.1515,38.964,6.1409,-5.0355,34.144,1.0174,-49.383,-36.297,-25.741,-22.39,-13.908,-25.55,-12.502,12.831,-7.8939,-20.64,-0.86991,9.9744,24.923,21.178,-21.163,-22.12,12.743,0.83568,-6.7427,42.228,57.438,6.1123,-18.317,2.4009,1.994,-7.9698,5.1587,4.3922,-4.2092,6.7637,-11.611,-42.344,-13.583,13.453,-10.128,-13.332,2.3599,5.1266,26.202,23.997,-23.39,-25.165,-1.8577,-22.968,-10.825,34.551,7.1849,-26.309,11.312,25.666,-0.2174,3.7018,13.467,13.281,15.432,-2.8932,-7.1645,11.536,-10.497,-24.801,10.169,8.3917,-12.343,-1.1324,-15.212,-14.012,30.674,-1.1926,-62.248,-21.411,30.829,17.344,-3.6869,-11.039,5.034,23.902,0.90878,-6.6444,23.373,23.773,7.4439,-4.0768,-12.806,17.666,25.231,-43.04,-64.985,-12.044,4.1051,-4.8508,16.475,33.615,20.769,0.42376,-0.44673,7.6911,3.9196,6.2599,4.8272,-17.429,-19.899,-10.494,-12.982,5.3275,6.4682,-25.746,-4.6653,31.119,2.8428,-21.969,-13.16,1.9759,22.038,6.6624,-9.1221,34.168,34.641,-22.483,-13.604,21.16,9.7556,-5.2643,-18.635,-13.049,22.937,6.8505,-38.791,-23.582,-6.1911,-28.553,-22.019,22.627,54.066,33.248,-21.95,-24.876,20.034,7.6774,-39.574,-20.849,31.528,39.2,22.168,15.255,1.9723,-15.926,-16.032,-9.693,-12.379,-18.357,-18.85,-4.747,4.4502,-12.817,-12.178,25.754,39.987,17.325,-5.432,-22.33,-17.08,17.742,30.334,-6.4339,-38.108,-6.2682,49.499,36.517,-26.272,-41.718,-9.2575,8.9164,1.4391,-4.3026,2.3538,-7.4542,-30.414,-11.809,28.18,29.427,5.94,-24.252,-39.648,1.5651,45.393,32.723,13.286,2.7324,-16.704,-9.2278,15.882,14.861,-0.62254,-14.145,-25.591,-24.779,-5.8799,12.852,0.15824,-18.022,-0.46728,4.3824,-16.692,-0.72761,22.467,8.64,-4.4526,-8.5615,3.4877,36.382,27.781,-12.428,-21.297,-15.228,3.9309,30.152,13.982,-9.0662,-8.5073,-17.401,-9.766,3.8728,-13.376,-0.8914,27.093,3.5774,-13.466,-7.2703,-23.471,-28.064,-10.453,10.677,30.453,12.724,-3.3396,21.223,3.0728,-28.702,9.4996,19.727,-21.211,-3.6442,37.235,36.797,22.577,-4.6097,-24.629,-11.335,-18.143,-43.571,-20.55,11.067,-12.322,-20.558,28.575,31.47,-20.401,-15.616,3.5756,-22.22,0.31556,43.778,13.947,-6.1386,13.497,6.3663,10.115,23.375,4.2099,4.4163,10.266,-22.999,-33.72,-8.6004,5.0519,-0.49567,-23.008,-23.349,9.6368,10.211,-11.893,-13.071,-5.1377,20.984,30.731,-7.2313,-14.345,0.78654,-10.8,12.93,18.256,-39.014,-2.8083,74.394,17.4,-30.251,25.295,25.049,-23.11,-17.834,-3.489,-7.5892,-7.5375,-1.6212,8.3956,-7.2567,-40.308,-36.496,-13.916,4.1144,28.428,23.882,-1.7226,-3.6075,-7.1521,1.3526,41.836,23.18,-38.161,-16.125,28.487,-1.1178,-19.381,20.428,48.438,34.707,-6.4634,-36.288,-21.995,4.4653,18.449,10.866,-37.111,-57.188,-12.989,-7.5968,-31.851,4.6758,27.884,-4.0483,-7.1387,14.125,25.347,20.621,-15.508,-6.4907,54.419,28.631,-23.32,17.098,22.079,-32.185,-12.476,21.883,0.054852,-17.537,-25.143,-10.197,24.858,-4.1925,-38.387,8.815,22.345,-22.223,-15.2,-1.3694,-24.017,-13.625,7.3663,4.6176,15.107,9.4758,-16.038,4.2065,26.722,5.55,12.934,39.585,15.233,-10.927,4.261,19.419,20.6,2.5617,-29.065,-22.439,4.7377,-7.5807,-28.628,-28.777,-31.905,-30.137,-19.942,-16.462,-5.6044,11.974,22.577,29.073,26.336,30.825,48.063,23.729,-22.99,-7.0853,26.062,-4.8907,-34.404,-5.3012,6.9944,-17.792,7.2601,51.159,7.7152,-46.172,-15.725,-4.3493,-46.274,-41.225,-16.534,-13.594,21.289,38.879,-1.6288,7.1504,57.054,25.069,-33.912,-8.9377,24.487,-9.8189,-22.863,12.442,-0.44105,-21.93,32.761,55.171,-5.7691,-18.571,14.367,-5.7887,-34.326,-25.55,-20.277,-16.917,-0.825,4.7924,-3.5306,-5.9288,8.056,25.322,19.11,-9.4443,-21.598,4.8662,25.456,0.73706,-14.24,10.713,11.752,-4.8307,11.896,14.758,-9.9513,2.1798,20.344,-7.6278,-13.884,21.334,-7.346,-76.716,-39.247,40.873,13.919,-23.156,6.6127,7.9976,10.757,34.41,-10.464,-31.342,17.163,7.0802,8.7517,41.624,-35.844,-61.897,44.249,34.224,-19.907,26.013,-4.1207,-48.177,19.194,20.895,-4.5006,38.211,-18.046,-77.96,7.2396,21.416,-46.269,-0.49385,51.943,6.7314,-25.693,-1.1592,24.626,4.8393,-13.932,23.781,21.815,-23.355,8.4983,17.223,-51.663,-22.231,46.467,1.9207,-24.002,17.486,-3.1586,-36.085,13.118,53.396,-1.0182,-56.553,-9.6283,41.492,2.9177,-17.886,12.805,12.881,5.3,-10.17,-43.157,-5.4928,35.358,-9.7172,-6.4845,34.051,-3.1666,-14.71,-5.6067,-51.61,-3.4014,80.948,5.427,-49.219,19.285,19.6,-11.415,13.782,5.7892,2.4483,22.97,-21.196,-44.748,1.1737,4.3308,-13.053,-0.0058138,-4.2368,1.409,32.287,24.747,-10.227,-25.863,-19.703,0.41038,18.452,13.018,-21.47,-27.564,33.987,40.829,-32.859,-4.9982,64.439,-2.6822,-55.3,-6.605,-16.552,-40.693,19.805,52.398,8.2931,-35.187,-20.08,32.667,20.572,-20.078,26.659,48.927,-22.104,-37.003,1.3805,-7.0485,-22.236,-8.2183,19.665,19.669,-38.85,-53.669,14.155,39.055,11.229,-5.3978,-10.856,14.662,23.756,-19.552,-6.8347,43.656,26.84,0.76903,-4.839,-12.548,3.7788,-9.8422,-38.111,1.4917,2.2627,-46.799,-5.5709,30.542,-2.2731,19.924,31.271,-23.978,-17.931,14.273,-6.4417,-12.57,-5.7181,-10.667,2.7927,10.922,14.331,27.94,20.024,18.317,20.469,-27.461,-45.426,6.0161,7.7469,-30.819,-15.741,7.8929,2.7225,2.1137,-4.4902,-9.7399,11.954,16.443,-8.3536,-5.2912,11.879,2.0987,4.438,18.82,-6.9563,-21.06,18.231,21.385,-21.245,-21.414,-2.2255,-4.3871,10.548,18.908,-10.757,-17.168,9.4942,13.873,3.501,-1.8348,-10.702,-8.1731,-1.2226,-12.688,-10.004,5.284,-17.915,-27.627,28.268,50.845,10.21,8.125,25.858,6.3713,8.7199,16.513,-27.507,-43.166,-11.553,-14.37,-13.339,16.322,-0.0079235,-23.813,-2.3082,-2.0707,-13.836,10.087,16.679,2.1059,1.3007,-8.9369,2.2565,32.967,-3.7227,-32.549,29.825,35.873,-30.9,-2.9763,55.028,17.733,-13.991,15.227,22.488,-6.7889,-35.111,-43.581,-29.23,-19.303,-22.353,-12.14,12.751,22.676,-4.3973,-33.62,-12.826,17.988,7.1018,-1.4267,11.692,10.584,15.172,35.584,21.919,1.0035,39.652,59.996,-8.6704,-31.633,30.46,8.6135,-57.771,-26.687,-18.278,-62.555,-13.422,23.04,-41.887,-39.633,14.066,-12.171,-39.086,-9.0429,25.198,45.474,41.806,33.839,33.158,11.785,20.077,59.651,27.201,-31.033,-19.077,-5.2865,-39.108,-48.712,3.8725,28.203,-40.094,-63.557,15.494,25.665,-18.631,11.257,20.128,-15.416,-4.0417,-3.9498,-12.235,24.648,19.289,-17.946,3.5002,34.55,11.944,-42.789,-34.991,52.813,53.506,-19.859,-5.7923,-7.0527,-41.471,28.442,36.75,-51.366,-2.0164,55.376,-19.04,-29.329,18.441,5.484,-15.229,-27.562,-1.8014,46.861,-3.5296,-49.864,1.9417,-14.199,-57.334,14.423,63.038,22.602,-2.5088,-8.2027,-5.813,9.3995,0.082081,-17.989,-2.1366,35.222,30.327,-32.866,-37.399,43.438,54.518,-11.337,-21.539,12.159,20.425,8.2913,-8.7379,-26.343,-37.167,-32.927,-27.287,-26.075,1.5433,16.181,-14.83,0.24161,31.834,-16.207,-25.65,35.945,29.978,3.3714,16.051,4.4484,6.9937,32.816,24.51,20.345,14.033,-8.6254,11.265,22.703,-13.345,-36.416,-57.643,-50.788,7.3688,5.1302,-36.23,-26.124,-24.316,-14.266,28.128,3.3894,-32.707,7.1313,37.673,33.383,17.503,-9.2351,9.2891,42.849,37.731,44.252,36.099,6.7375,27.764,10.357,-64.918,-44.113,3.6083,-40.702,-65.819,-33.432,-7.2241,11.417,-9.1866,-47.18,-17.593,28.867,30.452,24.424,5.9372,-18.123,4.5706,28.834,-0.50103,-13.793,33.842,59.264,18.163,-7.0354,15.185,13.267,-4.7148,13.51,12.57,-31.281,-34.919,1.82,7.549,-8.3203,-16.435,-28.2,-40.168,-43.879,-40.917,-30.73,-20.943,3.9962,50.866,59.537,26.948,24.45,33.695,23.23,23.809,9.5313,-14.784,-6.7186,-35.736,-63.195,31.308,75.105,-32.682,-39.058,53.826,23.099,-19.038,31.013,18.158,-46.047,-44.151,-26.001,-32.979,-23.306,5.0781,7.2833,-31.883,-34.396,26.409,32.873,-11.741,10.722,36.936,-4.2453,-15.17,14.329,19.774,26.22,25.248,13.691,52.419,75.629,20.409,-15.586,-37.145,-89.296,-67.365,-5.1987,-12.342,-4.7685,6.7912,-38.907,-12.953,22.728,-52.506,-35.948,47.533,-19.531,-35.832,71.856,46.369,-4.9937,55.368,54.447,25.175,32.49,-30.183,-56.766,12.667,15.768,-21.691,-20.794,-21.154,-3.7621,-3.953,-35.413,12.285,59.11,-2.3548,-36.363,-15.919,-24.436,-4.1601,30.081,2.887,-20.998,-8.8573,-4.6555,2.8333,13.12,-0.15674,-16.695,-8.0993,13.891,20.421,14.966,18.515,26.65,30.284,13.369,-22.429,-19.285,16.712,15.306,-3.5366,-14.295,-37.124,-30.8,4.201,4.7705,-10.702,-17.087,-17.805,1.7115,-1.4841,-27.197,2.4117,30.053,-7.3423,-12.753,27.92,32.159,17.736,17.367,17.137,16.853,9.1129,-12.745,-35.464,-37.57,-10.936,2.3187,-3.5454,27.272,47.495,-6.9065,-44.323,-4.525,34.319,15.884,-33.277,-41.151,4.8907,15.746,-17.923,-22.53,-10.61,-1.9401,16.032,15.173,15.464,36.033,11.349,-28.352,-2.9485,19.862,-4.5964,-2.6135,20.7,-0.32345,-35.014,-17.962,10.891,-18.05,-33.605,28.026,49.835,-2.0809,-9.701,5.5934,-2.8397,29.383,43.511,-19.905,-45.164,-23.48,-33.38,-22.4,15.77,20.139,16.147,12.391,0.63691,-3.3803,-37.738,-55.649,26.604,69.55,-11.732,-36.877,35.4,55.392,12.764,-19.55,-27.842,-15.178,5.4814,25.63,34.601,5.1414,-28.802,-16.568,-0.1415,-18.635,-28.801,-3.8298,17.071,5.4052,-9.3064,-8.3332,-14.88,-20.753,-6.0611,10.083,20.983,23.011,5.9823,4.0353,21.744,12.914,-7.1417,-3.1603,6.2724,-2.4761,-27.872,-30.066,6.0304,22.923,26.058,44.326,8.6685,-44.468,-4.9209,30.777,-21.29,-50.835,-27.917,-10.467,2.2045,-3.1106,-19.165,-4.3394,17.305,21.744,16.783,7.2178,31.233,59.051,3.7529,-57.659,-21.015,19.759,-8.6442,-25.708,-0.12516,8.8364,-7.0918,-0.42481,24.226,12.839,-17.81,-3.6422,21.388,-3.4162,-15.45,23.205,7.3701,-59.429,-33.823,29.45,-0.46117,-20.675,20.141,7.9189,-10.538,17.614,0.8807,-5.8574,42.509,16.495,-32.619,4.5174,17.754,-10.957,-3.5071,-15.086,-27.655,12.794,13.539,-26.687,-12.659,24.61,29.634,3.4028,-17.91,17.461,36.748,-27.085,-41.845,23.626,21.906,-24.674,-19.599,-12.798,-21.707,-0.9019,17.35,1.0207,-14.015,4.2984,34.691,33.248,10.343,-5.3349,-27.995,-26.593,25.539,35.603,-13.729,-17.588,-0.79905,-16.062,0.71189,10.855,-35.458,-10.473,61.418,5.5205,-71.066,-10.996,48.206,18.82,5.1971,19.371,6.7228,-19.727,-28.598,1.2017,32.912,6.1889,-21.96,5.1529,3.8104,-48.447,-43.014,23.213,35.094,-17.586,-39.149,-11.176,9.6099,17.06,30.641,39.487,36.291,16.619,-8.8896,-6.5173,5.153,-5.1,-10.454,-8.8705,-10.743,-0.98389,-9.2155,-18.987,22.896,28.489,-31.221,-24.352,12.147,-28.906,-63.606,-43.748,-18.354,0.29265,-11.734,-4.4732,71.249,87.595,45.005,69.571,58.052,-15.347,2.7915,22.379,-33.302,-29.361,-16.697,-59.631,-41.37,-12.415,-39.465,-14.756,14.415,-32.986,-36.127,23.146,33.961,17.958,25.046,11.255,-28.097,-21.669,23.765,24.116,5.7159,22.87,15.447,-3.6242,19.379,10.635,-12.567,23.124,24.295,-10.975,11.011,7.1407,-39.445,-19.053,16.861,0.61272,-31.657,-65.772,-62.456,-21.196,-13.487,-7.3678,23.359,17.492,4.6924,23.05,33.623,35.4,29.83,16.917,21.228,23.254,31.191,48.74,-1.3744,-67.533,-45.104,-21.334,-38.06,-17.171,5.991,-2.6312,-3.6396,-8.4473,-9.0928,12.198,20.403,14.244,2.0723,-12.051,-6.2426,-19.703,-46.391,-8.0315,35.452,20.522,13.854,4.536,-21.559,-0.090949,23.018,22.955,60.632,58.82,-10.619,-11.878,27.183,-4.5426,-44.768,-39.896,-36.047,-45.767,-46.647,-22.522,-0.058097,-19.496,-29.232,16.839,54.38,48.62,30.168,17.247,30.565,45.12,11.604,-22.922,-21.142,-18.01,2.722,22.545,-19.337,-41.232,2.1453,-4.1226,-46.045,-27.246,6.5139,11.66,-3.0002,-18.504,30.448,77.279,19.996,-5.7832,29.184,-24.259,-48.445,31.706,9.9016,-53.543,8.8627,33.214,-32.97,-30.401,2.6018,-8.8516,-17.174,-17,-5.4845,24.729,32.734,14.242,-9.2059,-9.7152,29.126,33.867,-7.263,7.8029,44.569,17.199,-6.7162,5.4293,-12.421,-48.281,-46.302,-19.906,-19.209,-39.492,-28.632,-0.6594,-0.4348,3.9941,35.476,54.816,40.532,9.4734,-0.57398,7.9053,-6.0688,-8.6532,14.057,-6.267,-18.663,30.422,28.795,-12.402,8.9191,3.7732,-53.19,-40.873,-4.6856,-18.849,-18.938,-3.7571,-1.1818,21.72,36.223,10.224,-12.73,-5.72,18.789,18.761,-13.657,-0.27983,37.367,-2.5116,-42.933,-11.269,-9.7596,-25.097,22.608,42.22,6.5307,15.176,40.583,13.556,-35.47,-56.534,-22.093,20.366,-1.2737,-31.86,-14.428,1.6339,7.2508,18.717,18.024,16.517,4.3335,-25.4,-14.462,18.265,11.4,3.6353,8.5214,-6.2456,-13.866,-8.1847,-2.3203,18.186,20.668,-5.8579,-5.344,9.9942,-5.6217,-20.189,-0.31866,14.003,-14.216,-32.187,-1.3647,7.4888,-12.202,11.444,29.508,0.032962,0.72103,27.273,13.302,-19.137,-21.239,3.7685,-0.58684,-26.543,10.668,38.965,-27.54,-42.67,24.773,26.909,-7.0861,-11.556,-0.22812,36.774,9.1052,-72.714,-19.814,62.828,1.5323,-41.422,-11.719,-5.9812,36.496,68.39,0.33411,-35.735,0.54367,7.9977,-10.117,-22.342,-8.6117,27.221,19.56,-13.361,-14.009,-6.5998,-3.4384,-13.601,-31.037,-4.042,19.514,-0.52541,9.9484,27.242,7.5408,-3.4632,-25.38,-31.28,32.01,43.443,-20.21,-21.481,18.76,25.828,5.796,-23.13,-6.3516,27.256,11.158,17.272,23.905,-47.155,-73.853,-27.547,-12.505,7.4248,24.25,3.2856,22.445,30.44,-14.137,1.9626,25.798,-11.028,-7.551,2.4524,-33.528,-21.161,19.349,15.672,-3.1475,-13.05,2.8881,25.086,18.991,25.59,13.171,-45.831,-28.395,31.071,4.1864,-9.4601,28.908,11.752,-18.944,-16.331,-24.414,-24.936,-5.9737,13.993,11.875,-33.901,-36.07,20.668,3.2373,-15.975,55.712,39.913,-48.457,-0.015393,76.453,30.246,-16.966,-7.5372,-15.285,-30.926,-14.129,9.7277,-2.1421,-25.336,-5.9479,21.332,11.552,8.4554,20.846,3.8449,-17.387,-3.5006,4.0943,-27.5,-45.002,-14.04,13.967,16.827,23.88,21.11,-4.0214,-24.18,-28.294,-8.7847,20.231,17.164,4.8617,11.322,-1.0913,-18.451,9.8545,54.081,48.795,-11.46,-44.501,-7.3418,8.6219,-15.822,3.3617,21.165,-8.5616,-11.912,-1.561,-16.998,-20.422,-30.944,-44.274,-11.312,8.6838,-1.8203,18.865,22.758,-6.9561,0.96596,11.415,-2.7882,24.989,63.998,39.699,2.4074,16.596,31.223,-5.7859,-32.191,-12.587,-14.905,-35.43,-21.861,-8.3933,-13.321,-25.218,-49.185,-35.811,4.2232,1.9139,22.519,70.315,29.233,-24.235,-2.9559,-3.33,-4.1738,42.733,27.26,-21.241,7.0251,29.019,-0.15981,4.6946,20.709,-15.611,-48.692,-22.26,12.506,5.797,-4.141,-1.6707,-20.511,-26.973,0.28932,-0.29293,-16.817,7.4897,29.461,10.938,-5.8536,-3.0284,-3.7044,-4.7846,14.045,35.201,31.209,13.212,-17.491,-45.098,-12.679,24.254,-22.187,-48.076,14.002,37.243,-4.9624,-17.541,6.0635,25.888,21.981,10.261,19.67,4.3935,-38.916,-24.329,12.86,-1.02,-24.651,-36.983,-20.855,31.48,18.186,-28.111,22.914,49.922,-23.366,-28.552,17.557,-0.098107,-2.2931,16.075,-8.3199,5.2512,51.906,26.294,-25.653,-25.118,2.1587,16.628,-1.6564,-38.113,-46.8,-21.064,-0.93801,-9.9361,-2.1596,40.168,21.317,-31.189,26.38,75.028,-12.251,-31.674,42.701,6.4061,-39.722,-0.15436,-26.89,-47.572,37.106,47.128,-24.013,-37.876,-36.701,-7.5763,61.958,32.629,-34.08,7.1182,42.291,4.2973,-13.85,-14.786,-18.97,-9.1159,-8.921,-4.993,16.708,18.357,5.4557,-0.73848,-2.2569,4.159,4.1719,3.9302,9.3177,-16.798,-32.046,4.6477,3.8264,-24.776,6.8442,24.463,-6.1948,-4.0251,-3.0474,-17.742,20.485,33.696,-32.412,-33.168,51.779,53.054,-29.886,-38.687,22.133,31.788,-4.2527,-25.716
23.277,10.64,-7.9149,-10.885,-3.0547,-2.1299,-2.2838,-1.0965,-4.4657,-4.4815,-3.209,-2.4643,4.8785,2.5461,-9.2565,-3.6819,6.9987,5.3892,3.5086,-1.3471,-7.0119,-2.1934,1.8909,5.9428,8.2956,-8.8699,-17.181,1.0737,2.9929,-6.7778,6.2083,14.427,2.5465,-0.8224,5.1806,5.2726,1.4279,-0.17935,0.34265,0.31593,5.5406,9.7465,-5.1615,-19.629,-14.923,-12.757,-10.532,-2.85,-10.329,-6.5232,18.657,14.207,2.9044,21.332,12.921,-12.082,9.6825,23.715,-5.4013,-10.114,3.5331,-12.47,-22.339,-3.9865,4.2901,-2.3686,-0.28407,1.4485,-10.976,-11.299,13.495,20.407,0.22562,-2.9504,0.26123,-15.445,-13.208,9.2918,14.099,13.974,13.377,-7.0688,-16.513,1.0455,9.404,1.2322,-8.448,-12.798,-3.6052,4.2432,-1.5244,-2.3312,2.1491,2.101,1.421,-5.3994,-6.061,12.341,16.009,-1.8536,-6.092,0.39436,2.6097,-0.13797,-9.7864,-4.6018,14.773,10.079,-4.8196,-3.7995,-6.7127,-9.0446,0.16787,2.2247,-0.051853,-5.8809,-18.561,-9.3564,10.387,5.311,1.0398,10.734,11.094,12.519,18.11,9.1158,-7.2251,-17.655,-14.27,-2.1302,-1.909,-0.55525,11.482,6.6002,-1.7317,-0.25921,-17.916,-24.549,0.67137,-2.1765,-15.498,12.268,22.4,-0.91045,6.81,20.807,2.4874,-6.6298,-0.29518,-8.6611,-14.457,3.9224,23.69,11.925,-14.093,-6.6047,12.681,-4.6959,-21.159,-4.601,1.6052,-8.8926,-7.7075,-4.5151,0.3359,13.917,15.675,8.9621,11.352,8.4576,-10.283,-28.197,-18.999,13.124,17.564,-8.1215,-8.9946,3.5584,-0.24214,7.46,16.876,1.8498,-6.6439,-0.31508,0.99613,-3.8923,-16.887,-12.484,16.047,12.253,-9.828,2.5235,9.4453,-4.1101,-2.4302,0.62665,6.4775,10.412,-22.146,-34.358,4.2326,15.537,9.1612,16.457,-8.451,-19.646,21.261,27.47,-1.585,-8.6877,-16.624,-16.322,3.8524,2.0475,-3.926,4.455,-0.68216,3.5641,18.365,2.0666,-13.287,-0.081173,1.999,-9.7473,-4.4473,14.117,14.36,-11.337,-17.539,2.5904,-6.3377,-24.282,-2.8676,14.621,8.0246,13.822,17.769,7.1475,5.0197,2.0494,-9.4678,-12.145,-6.3751,3.1854,8.6762,-2.5442,-11.67,-3.8309,2.4029,2.2507,-1.7452,-13.257,-14.236,-1.6634,1.8619,3.5459,10.341,5.492,2.4747,12.595,11.002,0.63629,-1.6144,-3.9021,3.5291,17.636,1.6033,-22.139,-9.3681,7.4764,0.95926,-5.8946,-12.318,-19.855,-10.302,3.6448,1.0095,-5.8881,-2.2835,5.7732,10.622,18.96,27.114,12.113,-13.26,-8.7568,17.416,24.348,-1.9145,-31.967,-23.824,-0.71113,-10.77,-18.595,1.2846,4.4843,1.0156,14.031,9.5964,0.095724,5.3641,-5.2276,-10.632,7.2431,7.3717,1.6211,3.3941,-14.193,-12.872,17.733,13.276,-8.052,-4.6605,0.18771,8.5562,12.468,-7.5522,-5.6915,8.3643,-13.975,-12.862,17.504,-10.028,-41.459,2.1475,38.223,15.125,-6.0258,-1.2406,6.8925,7.3848,-0.50794,-11.666,-21.804,-19.582,-0.40376,9.2798,5.7792,14.641,19.139,3.282,0.45432,10.711,0.25825,-10.296,3.7112,2.0614,-25.218,-23.705,-2.2987,-8.6262,-6.1186,21.955,19.355,9.3521,23.925,0.27616,-35.118,-2.1997,28.112,-0.74869,-18.907,-12.865,-13.074,-11.526,-18.496,-20.275,14.028,37.502,17.385,0.70349,13.35,34.414,32.524,6.0545,-5.5487,-12.339,-43.59,-43.06,-0.038486,2.3944,-24.227,-15.76,-0.15522,0.57635,12.104,19.593,6.1851,-3.1313,4.68,16.36,16.981,6.0141,1.5271,8.061,8.0966,0.46343,-7.8481,-20.057,-19.177,0.64995,0.88341,-10.859,5.722,9.0687,-16.367,-0.98,23.628,-7.046,-22.926,0.90113,5.1867,12.37,19.711,-12.727,-16.565,21.426,14.682,-10.298,-6.232,-9.8258,-12.876,-4.5611,-8.7847,-0.63281,15.418,6.7332,7.6434,19.067,7.8202,8.6226,19.019,-7.6526,-31.471,-11.821,8.5781,-0.55999,-19.538,-20.295,-5.3195,-5.875,-12.045,10.122,32.576,22.445,9.4915,8.1621,-10.749,-36.467,-21.535,17.171,15.679,-11.31,-2.1867,19.544,5.1322,-10.818,3.4032,12.627,5.8031,10.087,17.561,8.6604,-4.7491,-11.682,-12.489,-9.5839,-14.366,-22.188,-21.913,-26.691,-24.396,4.0124,18.979,14.686,29.637,27.939,-2.7104,5.547,30.391,13.344,-3.3678,4.9693,10.415,9.171,-7.147,-29.506,-29.515,-21.731,-7.821,10.978,-10.988,-35.263,1.7133,25.913,0.61091,6.7397,33.579,11.612,-25.819,-17.194,16.362,14.743,-10.559,-2.768,11.832,-2.7742,0.67453,17.81,-0.77712,-15.321,5.2183,11.699,-11.996,-25.206,-4.3762,16.935,4.8223,-5.982,1.0395,-2.5304,4.0966,12.938,-13.427,-12.821,17.198,-12.167,-35.59,4.7763,5.4942,-14.516,25.656,41.386,3.7839,-5.2227,1.3705,-7.0169,-8.2443,-3.295,7.3488,11.092,-9.6516,-10.51,15.733,8.0517,-20.823,-17.142,6.7913,8.218,-19.951,-23.079,19.892,23.936,-21.127,-14.18,20.948,1.8793,-12.891,15.976,18.563,-0.15248,10.688,11.013,-13.396,-0.60024,21.448,-14.097,-39.432,-2.4018,8.4013,-20.936,-6.7822,21.144,1.5257,-21.573,-12.905,9.9263,28.494,20.133,0.016264,4.9543,12.814,2.2596,-6.0388,-10.539,-11.978,-7.0099,-6.5722,6.612,23.041,-8.1036,-35.333,5.0314,25.79,-17.202,-35.523,-13.901,3.8527,17.151,13.642,8.7323,33.639,28.205,-17.047,-8.4772,22.774,-4.4929,-27.264,-10.402,-12.702,-15.386,13.615,19.962,-13.768,-25.525,9.7203,31.643,2.4326,-13.699,10.368,2.5559,-26.113,-4.4331,20.016,-6.8802,-29.925,-16.123,1.3312,5.0698,10.946,28.288,28.672,4.1614,-1.7394,8.6895,5.9865,9.0765,6.8617,-18.826,-21.674,-10.812,-27.142,-20.267,13.362,3.9567,-15.101,4.805,13.519,0.60118,8.0807,13.852,-9.7321,-18.017,14.468,25.383,-15.761,-29.889,13.609,31.358,3.1311,-7.8177,2.6789,7.8725,12.594,7.7891,-12.528,-21.476,-13.261,-7.4056,-4.728,0.18356,5.3914,13.555,15.45,-4.1525,-23.954,-15.079,2.9977,4.322,-0.16766,0.094423,1.5918,3.1733,1.6619,1.9083,11.126,13.129,-0.89476,-10.241,-8.8651,-8.843,-2.9238,15.764,26.962,17.48,2.3401,-6.4598,-8.8893,-4.2955,-4.445,-17.756,-23.24,-13.4,-8.6068,-5.3444,10.631,21.665,7.3102,-14.756,-10.63,9.3387,11.512,11.839,16.673,-6.5351,-18.21,14.087,14.145,-15.193,3.11,17.879,-9.6513,-9.3309,8.7532,-0.10297,-7.134,-9.2083,-9.4344,6.4635,2.7751,-13.581,0.67573,-0.47499,-25.705,-1.5583,38.44,19.716,-12.983,-7.2457,7.6245,5.3728,-3.3459,-13.915,-22.324,-3.4093,28.319,17.012,-13.414,-6.7705,0.59856,-9.0266,9.3332,28.005,5.3245,-21.164,-21.312,-1.4829,14.117,2.2666,2.3087,32.324,25.972,-15.201,-30.808,-27.581,-12.269,6.9534,-13.351,-29.062,8.924,21.369,-7.5962,4.9751,33.36,17.605,-4.1919,-2.1801,2.4001,-1.0018,-4.4753,2.9477,8.526,-3.2265,-8.0337,-2.5224,-14.34,-20.072,1.8149,11.039,0.38678,7.3351,17.683,-0.63427,-14.897,3.0842,8.2129,-8.8064,7.8009,28.201,-5.9193,-29.534,-5.3717,2.7446,-1.0275,3.0455,-21.273,-40.407,-20.685,-2.6731,20.213,42.499,20.376,8.4706,29.964,14.264,-2.3031,21.394,14.173,-10.408,-2.1873,-12.817,-43.05,-41.414,-29.085,-24.907,-15.008,6.2774,36.296,31.349,-9.6696,1.7587,46.126,24.955,-11.184,2.0467,0.14425,-25.133,-20.108,-8.9605,-4.4245,14.253,9.4334,-11.618,11.182,27.725,-6.0245,-9.9261,15.706,-5.3016,-32.464,-18.723,2.6238,18.161,13.181,-7.4122,5.5408,13.845,-19.263,-17.77,8.2208,-2.777,7.0679,32.243,-8.6114,-53.47,-21.608,32.471,39.528,6.7704,-4.6648,17.219,6.7458,-28.8,-24.785,0.94274,13.101,7.8762,-18.44,-31.928,-10.358,15.776,29.369,18.96,-6.7016,-1.8084,16.377,6.1629,-4.0114,1.0597,1.5902,-4.0731,-14.328,-13.748,3.8055,9.9281,-0.78983,-16.373,-20.262,3.5195,11.112,-10.591,-2.1856,15.196,5.7301,-0.14216,-13.933,-12.712,28.324,11.972,-31.39,8.7654,28.209,-2.954,24.952,27.305,-26.543,-9.268,16.351,-13.325,-3.7509,15.995,-13.375,-34.772,-27.97,-5.4845,8.9358,-8.7141,-2.1208,23.858,-5.2112,-32.373,-5.5831,12.123,8.914,7.804,7.4589,15.032,14.02,12.519,33.929,28.031,-4.8025,4.4907,19.822,-12.123,-37.52,-22.089,-15.227,-41.082,-42.007,1.7756,14.844,-8.8831,-4.8557,11.767,16.968,14.421,-6.9601,-1.1692,29.734,2.6692,-19.869,24.967,28.883,-2.8234,16.217,16.687,-20.671,-12.391,8.1492,-14.899,-30.328,-0.3907,22.526,-6.5981,-30.82,-8.1531,2.8633,-2.0526,13.028,6.6856,-14.971,-3.8876,3.9386,-3.1226,10.29,20.385,0.78528,-25.716,-18.723,20.305,24.082,-4.204,2.4069,14.503,10.461,18.933,-2.4948,-30.745,6.3227,27.095,-11.039,-18.306,-3.7581,-13.296,-21.604,-26.074,-21.283,-4.3039,-4.5745,3.2904,32.194,33.302,16.114,6.6242,-1.4233,8.9146,13.643,-13.436,-11.937,18.668,7.8716,-18.505,-9.5205,5.8149,0.30665,-11.86,-14.223,-7.9956,-7.9021,-11.74,2.6276,26.376,13.811,-24.954,-15.751,23.538,7.7791,-22.091,-0.063233,18.546,13.461,18.019,0.16761,-27.493,-7.6239,12.175,-2.2472,11.965,38.277,4.2843,-41.274,-26.154,3.5185,0.44839,-6.4902,-5.7089,-2.6425,10.267,9.5226,-4.9407,3.129,8.4818,-9.7155,-18.103,-20.634,-8.8784,29.785,23.889,-12.502,15.142,37.762,-10.155,-25.916,11.297,19.589,0.61869,-7.3443,1.2718,1.7417,-23.644,-26.945,0.67021,-3.7322,-16.447,4.8386,8.2832,-13.341,-9.7587,8.3701,10.018,4.7451,15.083,26.038,7.8075,-3.9527,14.192,7.946,-16.19,-13.626,-8.7313,0.23466,14.83,-13.157,-34.788,2.0039,13.882,-12.794,-2.3031,23.112,17.827,-5.7471,-22.872,-2.6892,28.58,9.4761,-23.062,-10.434,12.436,4.4165,-14.164,-6.3296,13.176,-3.8353,-24.735,4.6346,25.586,-0.3317,-9.1443,5.711,2.7925,1.3852,13.576,16.76,12.47,5.9267,-8.4718,-23.738,-28.955,-21.336,-10.024,-4.6788,1.8743,12.978,19.158,18.025,9.5283,-1.4485,-1.9193,3.7215,3.4462,-3.0907,-15.166,-18.663,-2.4422,7.69,3.0288,6.1054,4.3172,-11.522,-8.8208,10.435,16.66,14.35,11.989,6.8481,-6.1093,-34.025,-41.597,2.057,35.332,13.838,-11.517,-13.747,-8.1957,6.0133,13.773,5.226,-1.5979,-8.8208,-7.5773,15.38,15.555,-11.667,-7.0857,11.353,6.4618,8.0894,5.891,-16.87,-14.707,-3.198,-19.11,-14.821,7.6092,0.56211,-0.074052,16.325,12.431,11.591,9.6715,-14.838,-6.486,21.779,7.1967,-2.382,5.4972,-14.154,-10.82,11.585,-12.865,-21.109,8.8896,0.53061,-7.8306,12.804,-0.42281,-18.827,-9.8843,-10.887,-0.22908,22.216,14.197,6.2762,5.1688,-9.4475,3.9282,24.301,0.19941,-15.39,1.4016,5.0511,-0.17648,-0.23156,-1.9088,-1.9693,-5.4717,-3.4846,11.987,12.06,-8.0496,-24.188,-24.597,-5.8402,5.8529,-2.1481,4.2524,10.327,-9.1695,-8.7668,13.892,13.606,4.6163,6.6103,7.4506,1.9306,-7.3972,-2.4159,11.518,2.9956,-3.532,8.1774,1.6035,-5.8497,3.0269,-8.0319,-18.659,-3.534,2.4141,-2.1418,-1.7692,1.1119,11.622,5.2299,-16.226,-9.1925,-6.5505,-23.025,2.5834,28.584,0.47848,-7.6183,15.636,7.1706,-4.8933,6.2193,4.3575,-8.259,-3.6297,14.604,20.204,4.352,-1.5248,6.9677,-6.5142,-23.461,-8.8607,3.0764,-9.6414,-11.568,3.8111,6.0521,-3.2327,-2.1541,3.4925,4.2727,4.3402,-5.0631,-17.368,-10.502,-4.1994,-8.4203,3.0594,10.34,2.9342,21.155,35.34,3.5832,-15.137,5.7007,11.725,-6.5569,-14.721,0.23089,19.29,17.31,4.3049,-9.2959,-29.306,-30.236,-14.087,-14.863,-3.5161,24.522,15.765,-2.7714,0.28555,-13.097,-21.637,-3.1016,-2.9709,-6.5638,11.244,15.876,19.065,29.787,14.944,7.0386,21.699,7.938,-13.743,-10.24,-13.914,-18.872,-9.8989,-5.648,5.4231,6.372,-28.632,-31.135,13.124,14.692,-13.584,-6.9335,5.2309,3.5083,7.4309,6.5763,4.6034,8.4796,2.6739,0.19645,5.2041,1.1534,9.5825,22.024,-1.4568,-19.419,4.8282,17.439,-3.225,-21.544,-21.08,-3.4021,6.8123,-8.128,-15.451,-5.462,-0.24707,12.458,23.21,3.0914,-13.368,-4.1781,-4.1811,-8.0069,6.9187,17.841,14.096,10.4,8.1913,6.3925,-1.2483,-25.282,-42.397,-19.681,20.175,27.737,4.2581,-14.662,-16.527,-3.6834,12.2,8.2904,-1.7607,8.4607,18.037,17.207,18.043,-3.4838,-33.864,-20.811,4.9629,2.4648,0.16841,-2.9382,-15.261,-5.2084,8.8936,2.1677,4.8352,6.7421,-11.476,-10.568,10.02,13.535,4.298,-7.8309,-11.905,4.5867,11.665,-1.5746,-2.635,4.1226,4.295,6.1451,0.51194,-5.0489,5.6647,1.919,-18.506,-9.8635,15.888,12.962,-12.383,-25.278,-11.101,11.399,16.548,6.7137,-0.23722,8.0919,15.317,-9.9358,-27.903,5.5406,13.076,-33.134,-29.442,13.757,10.143,5.3516,26.369,14.683,-6.5138,-0.39628,4.6026,7.4765,8.3356,-3.4323,-2.1727,4.4924,-2.4929,-0.10014,-5.3124,-25.672,-14.687,1.0811,-11.139,-6.2998,2.7267,-6.5726,10.111,23.94,-0.72072,-5.7892,4.2411,-9.5963,-5.7605,19.721,22.333,3.4891,-11.03,8.9323,34.132,-2.7318,-35.647,0.30277,3.3223,-36.984,-15.887,19.367,1.9512,-9.3412,-1.8054,-4.921,2.4568,17.929,13.04,-1.7569,-1.4196,1.7613,-15.837,-18.213,13.943,14.536,-9.2051,8.293,19.625,-0.82798,2.2344,2.7496,-11.801,2.2451,5.4093,-9.7487,1.6761,-7.8447,-33.193,-7.3174,11.427,-7.0839,3.6876,20.988,10.564,4.4206,-1.3778,-8.3148,-5.1497,-9.3826,-1.4166,26.502,27.842,7.8698,-4.3208,-12.354,-9.2849,-7.5522,-18.542,-12.691,-3.5711,-12.082,-4.301,9.4679,6.1483,16.416,21.399,-8.6951,-18.84,9.1129,14.866,-10.047,-13.24,16.125,24.326,-10.164,-24.951,10.563,32.419,0.58741,-34.06,-16.851,20.266,10.663,-23.682,-19.043,5.7847,9.306,2.3185,-1.2622,2.3739,7.2734,-5.0969,-12.099,8.5856,10.281,-17.644,-14.693,12.717,10.157,-0.27755,14.42,17.935,0.836,1.5237,3.4034,-14.939,-10.949,7.2736,-4.3935,-2.3319,21.242,-4.5325,-34.237,-3.5187,7.9197,-15.62,-2.5214,-0.068529,-30.304,-7.8124,33.848,21.836,4.7733,-4.4231,-16.537,20.148,54.024,11.864,-18.868,-2.4593,-7.8072,-11.789,-0.85398,-16.063,-18.761,-2.2697,-8.6991,0.17807,13.361,-14.834,-12.609,23.152,7.4302,-9.527,13.082,9.5625,-5.7017,0.30086,-1.6979,-2.0842,4.0004,7.9224,28.651,22.064,-26.962,-29.577,-3.2372,-18.281,-17.296,9.0426,-1.9454,-8.983,10.676,7.2105,6.1229,24.594,12.552,-7.9743,5.6402,10.759,-13.78,-19.502,6.8837,17.466,-7.3431,-20.044,-1.2346,-1.5891,-19.741,1.4424,28.298,0.26781,-27.002,-2.2566,17.411,1.5583,-6.5329,2.8208,3.0872,-3.9773,-2.5834,2.4089,2.9952,9.2509,17.259,6.3791,-2.8658,10.958,6.6189,-21.707,-17.875,3.9251,-6.6138,-20.496,-4.1341,13.763,11.231,2.3366,0.51276,-0.17088,-7.0269,-11.088,-7.076,0.3242,8.1944,5.4175,-5.7189,-1.9056,8.7446,4.2211,-1.554,4.5065,10.602,7.8792,2.9433,5.1858,2.2904,-9.7356,-4.4037,2.1604,-17.832,-16.309,18.94,18.548,-17.39,-26.11,-0.43083,17.342,3.7995,-7.5613,-0.94297,-15.877,-20.903,24.041,37.025,2.2516,-2.199,-1.8163,-11.796,6.7273,-4.6218,-41.941,-6.5427,43.289,19.911,-11.28,-8.3184,-1.1344,8.2059,22.683,28.742,7.4616,-24.975,-16.336,8.9707,-7.2668,-31.898,-30.371,-18.79,-8.4598,-12.738,-3.5904,37.835,33.121,-7.2914,11.809,26.237,-12.019,-3.5008,25.897,-0.79039,-8.1568,22.969,16.862,-12.252,-26.381,-25.232,-7.2876,-0.65858,-11.237,-4.9049,-1.4914,-13.957,-0.5379,21.431,9.0941,-8.0082,-0.8187,13.972,16.961,1.5155,-6.1204,16.894,25.851,-8.607,-33.765,-19.87,-1.8825,-0.76338,-4.3238,-0.43086,1.7318,-9.7325,-8.3308,18.942,25.629,3.8726,-1.2717,4.6518,0.54897,0.97036,-0.76717,-9.6751,-2.1761,4.801,-12.795,-15.462,12.441,14.716,-14.586,-12.311,11.488,-0.145,-13.273,4.7754,4.8177,-6.8822,3.5863,-0.54561,-5.4833,21.778,17.348,-16.422,-5.5043,11.883,-0.53508,-1.168,-0.61227,-6.1272,8.7768,13.495,-2.1342,-8.7423,-17.361,-18.23,-1.9917,-11.335,-21.447,14.309,35.671,11.683,1.3554,12.623,11.413,-1.2105,-11.373,-8.8921,0.48358,-3.1056,-10.701,-6.5347,-6.0954,-13.062,-9.1054,2.883,9.4017,9.8689,6.8577,4.9196,6.9898,11.303,18.619,15.195,-10.33,-23.963,-5.2144,6.9725,-8.1701,-26.329,-18.672,14.291,17.531,-14.535,-5.918,12.343,-16.015,0.56426,47.986,5.7456,-32.291,13.962,21.71,-12.572,-12.5,-13.466,-11.383,4.8856,1.0553,12.511,21.801,-15.187,-14.047,18.968,-2.4537,-14.064,3.4685,-7.0221,5.2727,24.865,-9.3383,-20.244,5.6467,-0.031445,-9.1968,-10.375,-13.353,14.405,32.793,12.229,1.587,-3.9584,-10.206,0.11846,-6.8767,-11.874,12.793,3.9827,-22.746,-5.1816,6.8953,-6.025,-3.3259,-3.8832,-7.09,10.951,18.391,6.6616,5.2279,11.338,5.7854,-13.102,-10.783,24.203,20.853,-28.752,-30.339,5.6852,2.7538,-10.149,-4.6827,-8.6849,-4.0076,12.071,2.6349,-1.9328,20.233,14.646,-14.44,-13.083,3.3602,7.3126,3.4692,-9.4716,-11.626,8.3784,13.306,0.70975,-0.89609,0.27829,2.9649,6.1587,-10.828,-18.95,3.1069,8.2959,-3.5513,6.2103,14.757,2.2434,-8.968,-6.6443,7.7202,10.769,-12.853,-22.246,-5.2694,-4.5808,-7.5647,12.839,14.039,-12.322,-9.9007,13.884,10.894,0.095209,4.8187,1.6786,-4.0831,4.2392,9.0177,9.6727,7.1022,-11.001,-12.08,11.177,7.8346,-9.8953,-8.3909,-10.552,-10.585,0.8889,-6.6452,-17.447,-5.8709,10.266,21.105,10.93,-13.912,-7.7272,7.8861,3.5696,16.491,21.963,-12.031,-21.805,2.9647,12.503,11.248,1.4225,-15.907,-10.656,3.0497,-2.2093,-10.581,-4.1566,11.446,4.4207,-23.628,-11.191,31.457,31.645,3.0307,-5.6812,1.5814,-1.7932,-26.29,-28.54,7.8268,13.015,-10.304,-3.5602,0.96381,-6.6652,1.8413,-7.0383,-10.033,28.953,34.599,4.0371,4.8429,-0.22528,-18.448,1.588,16.934,2.1143,3.1117,0.8226,-24.651,-26.722,-5.2024,1.3005,-0.72082,-1.5635,-9.8801,-6.2257,16.745,19.617,0.8656,-2.2868,0.23262,-3.4801,-0.053054,-8.2526,-21.112,0.5443,28.2,25.972,14.1,3.2045,-4.9616,-9.8689,-15.815,-0.64768,17.446,-5.4265,-21.368,-0.11313,0.32912,-15.305,-8.6257,0.89843,5.3342,5.8876,-2.4433,-1.6121,0.32111,-6.9688,1.7657,17.411,19.558,13.006,-8.5805,-20.798,2.2993,17.187,6.1563,-1.0825,-5.9665,-6.5251,-0.31807,-8.0399,-14.722,-3.1629,4.7549,4.4059,0.28195,-12.067,-17.123,-6.9116,1.239,1.1664,10.711,31.64,27.499,2.74,5.1451,8.4162,-14.709,-9.8753,12.817,0.31061,-18.047,-23.993,-23.538,-2.1209,0.69057,-20.191,3.0019,31.025,3.5611,-11.044,11.781,10.33,-6.1652,1.0629,11.639,9.2832,12.531,10.745,-13.61,-13.775,19.509,11.84,-20.534,-14.234,-13.643,-29.807,-10.912,11.047,9.9667,11.976,9.5353,8.4647,11.568,-5.4468,-13.005,1.9222,6.4902,9.8982,2.9905,-19.95,-8.775,9.0865,-8.9513,-15.137,-8.5435,-3.0971,24.233,24.187,-7.8373,-2.0551,10.992,4.1249,5.7924,-7.7758,-11.097,19.25,7.668,-18.308,0.63933,-7.8515,-26.993,6.2626,9.8079,-24.611,-13.371,7.5807,7.4748,17.683,9.9374,-13.777,-2.0539,17.205,3.1446,-10.714,2.0348,15.813,10.56,2.5978,5.3025,3.9643,-9.6302,-17.642,-6.2833,4.9784,-6.8378,-17.24,-3.2906,3.4045,-6.3169,-3.9032,1.7809,1.7993,11.324,10.548,-7.4524,-1.8789,22.006,19.867,-0.4884,-11.243,-15.442,-12.136,2.0627,8.1856,3.7781,2.9888,-3.74,-12.636,-4.7238,-0.13736,-6.7416,-1.8538,0.76868,2.1454,23.917,23.082,-7.5138,-5.2042,4.635,-15.378,-11.9,4.0017,-14.584,-16.452,11.558,10.015,-3.5217,8.4426,17.245,4.259,-15.139,-16.321,13.984,31.835,2.4538,-21.182,-8.8707,-2.5129,-5.4555,-1.0422,-11.025,-22.352,-3.3084,20.172,21.798,8.227,-9.0257,-2.851,22.701,17.643,-13.831,-21.154,-0.25334,9.9887,-11.614,-22.351,10.681,23.009,-6.8722,-7.5355,4.5124,-14.267,-11.502,13.36,9.2978,-1.61,-2.0067,-1.4948,9.1221,10.66,-4.6127,-7.8078,-4.443,-2.2838,6.5226,4.9242,-5.6978,-7.5124,-4.7908,-0.1111,-1.2349,-7.8414,1.4052,10.912,6.8628,16.9,25.11,1.947,-20.27,-17.143,-6.756,-1.4932,5.5912,11.918,-5.6757,-26.007,-7.6729,6.9181,-8.3129,-4.6501,5.2565,0.01057,7.351,4.4038,-5.7499,12.685,15.229,4.5592,19.294,4.7721,-22.454,-4.2883,0.077042,-9.7125,7.672,2.6921,-3.8215,10.854,-17.314,-26.61,26.834,23.503,-23.111,-20.8,-15.38,-13.749,12.769,9.4926,-11.553,2.6225,20.067,23.271,23.402,1.576,-27.788,-23.625,5.7463,19.28,10.454,8.769,8.9452,-12.876,-24.203,-1.4512,11.475,-4.2594,-9.9687,6.0502,7.926,-11.196,-13.73,-1.5468,-5.8965,-14.576,-13.932,-5.3135,19.541,28.719,5.1483,0.99612,13.336,5.3678,7.8726,15.398,-6.0718,-11.922,8.9314,1.7674,-21.568,-23.755,-13.523,5.4009,21.467,3.947,-22.364,-11.744,5.266,-2.6593,2.1244,14.169,-1.7239,-2.1793,16.186,-4.2159,-14.488,21.761,21.226,-14.826,-14.204,2.3662,3.0638,1.7451,7.805,13.893,-7.3175,-31.564,-5.3696,20.914,2.6499,-11.363,-11.536,-2.6392,16.847,-1.4503,-26.282,0.45285,14.772,3.7276,7.6997,-12.715,-23.801,18.538,27.912,5.8727,13.951,3.4037,-16.943,0.54356,10.111,5.762,0.16383,-28.169,-25.799,15.427,13.608,-11.776,-13.621,-13.026,-1.2613,14.78,5.9525,1.5129,3.3689,-10.247,-8.0811,4.8144,0.41626,5.9744,18.515,8.2777,-1.7627,1.3109,-1.5789,-0.17004,16.382,18.689,-7.9924,-21.349,-2.6896,-0.65545,-16.14,-4.6983,2.8259,-13.103,-6.235,1.9687,-14.162,-4.1432,13.687,-1.1661,1.6749,19.739,9.4117,5.4898,4.2621,-18.252,-6.0961,16.223,-17.913,-25.973,27.222,34.154,-0.26513,1.7779,10.067,0.31567,2.551,-0.52039,-25.415,-29.87,4.2901,24.462,-0.10993,-18.259,-6.2953,-5.9059,-8.4274,5.5387,-3.7572,-22.513,-6.773,10.897,11.232,9.2832,-2.0848,7.5586,42.991,29.142,-17.59,-15.808,6.1051,4.0003,-4.0867,-14.161,-11.869,11.288,10.194,-11.309,-7.2625,0.49414,-6.6143,-3.2178,0.57139,-5.0979,-6.0746,-11.403,-7.2497,18.807,10.297,-28.52,-15.959,19.009,7.6364,-8.3293,-0.042841,6.2756,18.225,24.697,8.7319,7.9876,13.946,-10.444,-20.815,5.1105,15.008,-2.6804,-20.192,-21.227,-3.6978,3.841,-5.9812,-0.14815,8.5723,-2.9644,-3.3952,5.5808,-12.389,-28.467,-5.3571,17.317,3.0775,-13.226,-2.3661,13.814,25.114,29.269,1.7862,-25.583,2.301,29.38,1.161,-14.321,8.0565,12.458,3.5411,-8.3649,-35.36,-22.821,28.094,20.934,-20.188,-12.249,-0.66456,-16.706,-13.338,-1.9277,-0.87136,5.7075,-1.4933,-12.287,7.842,27.592,23.237,9.1409,-4.6886,5.734,14.237,-18.322,-23.361,9.5209,-4.2074,-18.106,15.696,17.941,-5.3462,-5.0874,-4.255,11.798,26.163,-8.9769,-22.33,6.3734,-2.9432,-16.35,-1.3967,-13.069,-22.41,0.94676,4.6882,-6.4518,3.7788,18.156,10.687,-10.398,-1.7249,28.861,20.234,-0.57328,3.1726,-14.308,-26.636,7.1883,14.92,-9.7726,2.1855,20.262,6.4545,-2.7406,-0.10777,-9.7337,-20.531,-9.2691,3.7345,-7.9104,-10.12,7.3668,-1.591,-12.104,8.9854,7.9029,-9.4128,8.2423,14.452,-15.505,-16.442,16.421,20.806,-4.2467,-2.127,20.681,7.857,-8.4224,15.429,14.286,-21.86,-18.245,4.3135,1.8755,-4.9342,-19.012,-28.082,-3.8919,14.297,15.946,25.911,0.59695,-43.912,-12.847,42.528,15.001,-23.167,3.4842,4.8486,-34.495,-7.9536,37.723,6.2301,-12.218,25.02,13.97,-22.881,-4.8175,14.569,-2.2838,-15.136,-8.1264,10.524,9.0469,-16.519,-7.7307,17.956,0.18911,-14.687,4.0755,7.5311,-1.2502,-3.6055,-13.65,-8.8991,18.672,24.726,3.1845,-13.102,-18.589,-18.957,-3.15,18.634,7.9912,-17.006,0.31912,22.652,-7.6979,-25.902,13.022,28.493,-4.6898,-9.1993,21.954,27.017,8.3613,-1.738,-15.146,-25.149,-4.2242,13.455,-5.6872,-24.955,-20.46,-5.5593,7.6306,-0.0030595,-10.882,8.7929,13.313,-18.387,-17.001,5.3565,-4.7962,6.8646,40.13,13.012,-12.125,37.231,54.622,4.5472,-8.9824,2.2785,-18.24,-25.06,-18.847,-36.941,-36.65,-10.719,-0.048053,8.3033,9.7326,-10.661,-6.8514,22.557,25.048,4.1798,-8.9062,-2.7289,8.9827,5.2994,10.957,23.317,-1.1771,-9.7547,22.162,2.1379,-33.262,-0.95462,13.659,-8.675,4.2282,0.20407,-25.417,-1.32,8.4453,-26.065,-18.341,12.005,8.2455,-1.7347,-6.8418,-5.4316,10.018,10.187,4.6162,18.305,12.715,-6.8976,10.744,26.512,-3.7522,-21.895,-1.1056,-2.3837,-32.152,-29.466,2.3215,7.0116,-12.051,-5.4612,26.299,31.385,1.9853,-10.151,8.2989,22.618,16.251,-11.033,-29.544,-6.6499,5.9874,-14.964,2.3242,26.549,-12.936,-32.917,1.8964,5.4445,-11.241,-7.4159,-8.2115,-2.2728,9.242,3.6791,17.639,38.243,13.468,-10.532,2.2742,7.1354,-6.8483,-13.653,-3.7277,6.719,-4.6102,-11.374,4.4017,1.2358,-13.334,-5.9919,-5.007,-3.517,20.749,12.671,-24.28,-16.749,2.8025,-16.232,-17.008,15.333,16.876,0.84774,14.4,21.474,-1.2656,-9.1442,5.3605,16.264,23.144,17.181,-5.593,-18.269,-12.442,-4.9395,-12.055,-23.83,-4.4344,12.344,-26.381,-41.227,9.8298,23.282,0.59554,15.902,22.81,7.382,8.9085,-9.4078,-25.555,11.142,22.688,-11.915,-5.7119,20.153,6.6311,-11.104,-4.9906,7.4239,6.9018,-10.757,-11.461,13.36,3.3672,-40.264,-28.354,32.015,31.625,-22.85,-24.353,14.114,11.789,-6.1371,2.4647,11.734,9.6969,-1.0038,-18.608,-11.394,15.989,12.831,-10.723,-1.9246,30.119,25.811,-20.516,-36.639,-0.44249,17.069,-5.0375,-17.17,-12.021,-7.9184,-1.3211,6.1465,10.169,10.301,2.7331,-4.7862,-1.4202,9.4249,13.698,0.88578,-11.788,-3.59,9.204,8.5131,-0.3337,-7.4144,-2.1701,3.6432,-7.6369,-9.0659,9.526,6.5821,-18.399,-24.812,-5.8125,13.954,6.8515,-14.244,-6.6285,7.2276,-10.349,-11.254,25.595,39.145,25.73,26.733,17.643,-17.767,-25.416,3.2259,7.6659,-14.046,-17.999,-20.242,-41.405,-42.565,-4.8425,31.77,23.062,-15.75,-12.453,31.01,29.351,-0.67553,7.9434,10.871,-11.311,0.41795,19.529,3.3794,0.60557,18.958,8.3113,-13.103,-3.0076,5.9183,-20.067,-32.944,-10.832,-11.703,-28.626,-11.788,1.3827,-1.8805,21.38,37.525,24.326,16.502,-3.2034,-23.351,-2.8003,6.5272,-10.686,-1.5932,1.2951,-17.055,-0.53194,24.03,9.2292,-8.0865,4.0027,22.381,12.789,-6.9869,0.64075,-2.9951,-27.217,-4.9197,19.857,-17.305,-35.864,-9.5603,-3.6038,-6.6684,-3.7374,-6.9153,4.7279,17.953,16.181,13.576,-3.521,-7.8452,28.661,30.697,-8.7128,-6.8163,10.576,0.96515,5.31,23.508,20.044,-6.6479,-34.607,-31.406,-12.562,-19.301,-27.747,-15.842,-8.2999,-8.3136,-7.2429,2.5801,19.953,10.647,-6.1115,23.69,51.621,28.462,5.8507,6.1496,5.2483,4.1859,-2.209,-12.368,-6.6343,-1.2181,-17.21,-30.358,-18.338,-8.0494,-20.91,-13.068,25.769,24.536,-5.0659,6.1128,13.479,-13.76,-12.725,6.807,8.7571,15.133,4.9437,-24.329,-12.935,13.634,7.3215,6.6255,15.198,0.91115,-8.0899,3.8864,7.2315,-3.1334,-8.3611,-1.1464,2.8755,-4.7403,-1.2289,7.0704,-8.3579,-16.94,0.86717,0.6787,-12.904,-1.3728,8.5136,-2.8857,-4.9994,4.9742,11.251,15.35,9.7653,-7.6744,-13.015,7.2595,24.726,-0.20639,-39.003,-23.387,17.764,12.072,-10.02,-6.279,-1.2127,5.5838,14.466,1.2122,-3.9729,10.778,7.113,8.22,20.387,-5.1987,-23.243,6.2569,13.038,-2.8154,-0.19129,-21.197,-42.891,-8.4408,11.551,-16.988,-20.154,-1.2156,-4.4623,-4.0401,17.491,38.535,39.732,14.516,-3.7651,12.818,20.047,-6.3143,-13.935,5.6792,0.72008,-21.257,-20.014,-10.682,-7.7414,5.212,11.735,-6.2145,-18.3,-8.3864,-1.2351,-9.6297,-18.042,-8.2982,12.22,20.164,14.6,6.4694,-0.85652,1.1808,10.528,11.236,2.8249,-3.4303,3.6422,15.947,4.9444,-12.265,-0.67018,6.3882,-5.5513,4.0856,7.5464,-27.214,-36.709,-3.0855,8.7237,-7.549,-12.86,-2.5819,14.554,22.5,2.3526,-16.596,2.5505,18.769,-3.3051,-11.114,5.4458,-3.2213,-3.3708,22.824,4.7083,-21.133,16.488,33.73,-4.6688,-11.929,-1.6444,-16.329,-6.4611,16.653,-4.6036,-25.243,0.74989,14.859,-13.844,-25.58,-5.0728,3.0417,4.1955,11.008,6.1275,6.2401,9.7751,-1.2686,7.4106,16.193,-10.809,-7.0958,16.942,-5.5932,-8.2004,16.183,-2.58,-9.3246,-3.3208,-37.501,-26.621,22.323,11.844,2.7099,19.164,3.6053,-4.7989,-4.7477,-11.61,15.064,9.1414,-32.068,10.165,49.801,-3.8226,-20.627,9.3566,2.1453,1.4997,2.3451,-25.878,-25.881,-2.5704,8.042,9.5979,-14.546,-26.535,6.1881,9.8198,-11.119,10.429,26.324,7.7916,1.3092,4.6448,14.892,28.048,4.256,-19.122,1.911,4.4601,-18.423,-5.4952,10.3,-5.8339,-17.437,-23.182,-25.578,-9.0107,-1.7762,-0.4667,15.843,4.3752,-12.266,22.135,36.899,4.1049,-2.6449,-0.53601,-13.942,-6.2604,6.5153,19.341,27.36,-9.7067,-24.018,16.798,10.651,-10.308,3.1738,-32.99,-49.964,22.914,38.164,-15.648,-27.728,-21.398,-0.47211,25.467,3.7666,9.1359,35.571,-13.862,-25.625,35.767,11.238,-33.759,7.4586,15.938,-20.481,-7.6378,10.631,2,7.457,14.201,-2.2419,-18.262,-7.6369,6.6584,-2.5321,-1.7046,10.311,-9.4542,-21.907,-1.0616,-0.32121,-4.2911,13.735,10.309,-0.34666,7.9885,-0.66226,-7.7707,10.342,4.6224,-12.945,5.4733,13.111,-18.861,-24.865,10.334,21.568,-2.9279,-10.335,6.4937,5.024,-10.57,-0.84375,16.077,8.6598,5.4724,7.6237,-16.967,-25.134,1.2024,-1.736,-9.5444,16.12,5.005,-23.859,3.6709,20.64,-4.2032,-7.6828,-1.0546,7.1738,21.654,-3.4336,-25.385,1.8299,6.0602,-6.1479,11.334,9.7853,-1.1988,3.0766,-14.767,-9.53,26.921,6.1571,-21.037,11.707,19.499,-12.124,-20.166,-18.283,-12.269,9.1862,11.619,-6.3807,-7.9679,1.9252,-3.9311,-12.618,1.9117,14.982,12.164,26.976,33.932,-0.50355,-16.856,-0.33188,-1.0238,-7.0847,-10.938,-27.977,-24.283,3.2038,17.094,15.314,0.66432,-14.406,-6.5881,6.3395,8.5736,6.0754,-0.89312,0.84009,1.1311,-14.741,-8.1956,13.1,5.6608,0.8295,6.1171,-4.5031,2.0998,13.404,-2.7458,4.453,20.755,-9.3334,-26.816,-5.4538,-1.9309,-4.3381,5.1376,-3.9785,-14.984,-1.7875,8.5377,0.52285,1.4193,15.298,2.7346,-22.685,-5.7657,16.655,1.099,1.4293,20.648,12.717,3.7856,-1.1834,-19.165,-8.0384,16.365,-1.0069,-19.46,-5.6344,2.6724,-5.6306,-14.224,-11.802,2.3664,10.821,13.226,12.17,-4.415,-15.371,-6.7417,1.0942,11.324,12.967,-6.4409,2.382,29.117,6.8395,-15.647,13.206,21.225,-13.545,-25.75,-11.639,-9.2916,-16.859,-18.633,-13.157,2.2582,22.241,21.584,5.8515,7.9605,10.343,-6.0112,-11.311,-11.848,-18.395,-0.30896,14.025,-2.4012,5.0521,30.921,26.131,13.032,-1.3378,-22.397,-11.492,8.7406,-9.5198,-26.587,-10.257,6.2434,0.2402,-14.658,-14.33,0.19116,9.7874,9.8882,0.60026,0.49925,20.589,16.253,-8.8985,-3.9622,-3.5726,-18.982,-0.71344,4.9414,-18.556,4.6072,34.096,12.325,-1.7039,1.626,-0.69349,12.329,16.675,-0.015812,-10.167,-23.672,-20.728,11.506,5.7418,-28.557,-19.671,4.1883,1.5934,-10.055,-15.953,-5.4579,7.7601,2.4284,6.5224,25.724,25.227,14.186,14.088,14.616,5.4323,-9.6767,-11.59,-0.89118,-4.8539,-11.162,-2.7333,-3.8814,-5.7742,7.1445,0.86497,-17.021,-8.451,1.3896,-6.2854,-4.9417,-1.2307,-9.0701,-5.2503,6.8274,-0.52981,-12.109,-7.0463,1.0421,10.979,24.177,19.9,11.58,22.727,21.51,-5.3011,-14.865,1.8942,9.7868,-3.146,-14.023,-11.803,-17.77,-26.205,-8.9092,6.2484,-1.7342,0.7008,3.7233,-11.168,-11.716,-4.2554,-3.1979,14.188,18.848,-4.8903,-2.4444,16.716,11.544,7.1782,7.2879,-4.9648,-5.1034,8.0193,14.167,15.547,4.1429,-13.76,-9.4073,-2.7549,-19.129,-23.383,-6.4687,-5.6027,-3.4534,20.397,14.735,-15.306,-7.1832,1.9057,-18.813,-1.5335,31.158,7.752,-14.837,-0.18069,-0.26886,-2.73,12.941,7.2275,-8.6483,3.812,15.335,-0.60087,-2.2363,23.718,18.303,-15.12,-14.89,-7.3802,-19.709,-10.354,0.65043,-4.1717,7.3899,0.35555,-14.539,14.03,9.274,-24.621,6.342,13.951,-27.97,-2.1627,19.082,-16.073,3.9517,29.683,2.154,6.365,8.5478,-15.876,15.36,36.805,-9.4565,-25.53,-6.4885,-6.7031,-3.1522,-1.8931,-15.894,-12.805,3.5236,5.9293,-2.6988,-5.3277,1.7117,9.6678,16.267,4.5122,-21.655,-4.1553,27.999,0.97547,-16.515,8.8938,-2.8949,-13.011,17.645,9.4701,-16.523,-5.4931,-3.4566,-14.158,-12.698,-0.25161,31.161,32.982,-7.5179,-7.3646,13.89,-0.80215,-6.7505,-3.2848,-9.7265,4.3116,8.1553,-11.265,-9.9298,-11.217,-19.378,2.1642,13.39,-2.8592,-5.094,0.8062,3.9251,8.5391,4.4204,0.11979,-2.7364,-8.8495,-3.061,3.9801,5.3269,10.524,0.23256,-3.2561,31.081,41.969,5.6704,-15.938,-5.4896,9.8926,-5.5666,-47.007,-39.544,-0.21376,-14.692,-29.616,9.4335,29.372,8.8005,-9.0711,-13.488,-3.7966,3.519,3.4836,16.23,20.268,9.7643,9.9722,-1.731,-10.402,27.552,53.169,23.405,-10.886,-29.276,-27.749,-0.63748,2.279,-27.808,-26.787,2.2858,0.77362,-15.962,-1.8609,3.1605,-37.545,-50.169,-5.1173,20.851,20.352,32.364,40.267,40.062,23.826,-14.995,-11.986,24.584,11.736,-10.375,3.5209,-2.5625,-25.922,-28.595,-14.761,9.4163,4.5638,-26.844,-6.5563,27.086,-1.2049,-18.791,5.0175,-0.17082,-11.537,11.886,14.471,-17.212,-15.772,16.942,13.855,-4.3013,13.511,15.048,-17.541,-18.099,-5.8826,-10.535,6.9104,17.613,1.8,9.3241,14.852,2.4395,17.331,27.272,13.447,1.2083,-35.5,-43.338,24.061,31.851,-41.249,-50.82,-20.549,-27.983,-19.293,14.79,27.927,26.355,18.506,3.0595,-6.6805,-4.5488,-1.9821,-5.8935,11.314,41.661,26.379,0.30871,13.687,4.0384,-19.879,2.1685,4.3916,-27.596,-24.152,-15.783,-16.976,2.6901,5.9664,6.1105,24.681,3.641,-15.399,11.693,-4.8837,-37.479,-5.3154,1.9276,-32.108,-9.2051,23.699,8.6919,9.4826,28.24,16.598,4.6763,20.344,22.197,-8.3306,-20.585,6.2761,21.761,6.9063,-10.546,-21.869,-19.393,-9.6383,-21.948,-29.158,1.647,25.402,16.043,-0.98932,-15.359,-8.8224,18.199,11.691,-23.47,-20.791,9.8614,18.599,15.492,12.102,-8.2017,-20.22,4.1196,19.518,-3.4266,-11,16.42,23.297,-0.90717,-8.1396,4.8021,0.045663,-15.346,-7.7508,8.0919,8.9591,7.1217,-5.2781,-25.944,-12.795,2.5422,-23.461,-17.734,26.73,12.198,-22.409,-2.2231,9.8289,-2.7753,9.6321,13.52,-1.9564,6.7867,15.691,6.6456,12.378,12.473,-17.065,-28.484,-3.8576,8.8111,-1.7805,-5.0169,0.67713,8.9118,20.323,11.639,-10.81,-11.101,-8.3092,-9.9282,11.235,7.6803,-32.756,-25.32,6.8298,-5.3248,-15.386,-9.2082,-8.141,20.782,37.671,9.3848,11.384,23.205,-9.9388,-11.824,18.259,3.7678,-10.712,10.267,23.519,18.624,-11.29,-44.84,-28.776,-4.9356,-14.779,-9.0842,3.7087,-11.813,-21.26,-12.739,8.3317,44.947,49.212,16.903,12.128,19.695,-4.2978,-26.555,-18.599,-0.5308,-0.54933,-22.151,-27.915,-7.926,-1.3823,-8.1264,-6.0231,-2.2269,5.2116,15.713,16.709,14.676,9.9353,10.303,27.561,19.165,-10.878,7.7159,25.255,-22.39,-41.821,-4.021,-2.769,-26.817,-22.287,-16.569,-18.25,-7.4155,6.1776,9.4051,4.9465,13.323,31.491,21.4,0.59342,6.0667,9.8441,5.0773,8.4194,-3.3735,-15.372,-3.6788,-7.706,-23.73,-11.452,9.4988,18.88,14.318,-9.5881,-17.421,3.2773,7.8123,-1.221,6.539,14.86,6.2731,-14.686,-33.345,-23.24,8.5425,16.218,-5.3662,-11.495,5.1769,5.8953,-4.6647,6.2563,16.592,2.4685,-8.2002,0.9115,13.346,10.882,0.74089,10.134,13.807,-17.202,-18.812,21.852,19.506,-13.988,-16.057,-9.8333,-10.028,-3.3167,-4.503,-13.364,-18.694,-12.156,12.476,24.244,10.329,-0.23605,-4.2685,3.7968,19.896,0.44294,-25.342,-4.2897,11.476,-9.2315,-18.782,-3.6617,20.771,35.301,20.382,0.30442,4.9333,16.429,0.60653,-30.258,-19.952,12.545,1.1568,-17.554,-14.129,-22.594,-11.546,4.6795,-23.148,-13.479,27.891,2.2664,-9.6156,26.2,12.9,0.74162,22.534,9.8517,3.7858,15.288,1.3937,4.5821,-0.37493,-33.163,-10.485,18.006,-9.7785,-14.219,-3.3019,-8.5705,8.1463,5.6656,-11.92,10.504,10.291,-14.326,-2.7,-6.2251,-19.135,8.9834,14.992,-10.09,-5.8954,11.244,14.625,1.2671,-10.706,9.1851,14.06,-13.126,3.4191,30.594,-1.8436,-22.533,5.0744,10.395,-16.212,-24.975,-3.3567,20.401,18.489,-7.1696,-29.935,-18.218,15.742,17.618,-3.7453,-2.1413,2.8418,-1.9547,4.9633,5.5848,-8.845,-14.369,-7.3294,6.7271,12.538,-0.57146,-6.983,2.8325,12.251,14.266,5.5095,2.6112,7.0682,-10.561,-20.202,4.5852,10.584,-7.796,-12.915,-3.777,22.428,24.909,-27.931,-43.8,0.99247,8.4724,-11.46,-4.2161,4.8776,10.339,17.292,8.1376,-5.0055,-8.7798,-1.1659,14.292,16.786,11.988,6.7872,-8.9501,-6.8665,6.6597,-9.688,-16.516,1.5429,-4.8309,-10.051,5.2425,-1.2927,-10.734,-2.949,-5.5827,0.05613,23.201,21.207,-6.357,-24.676,-18.846,5.0024,16.407,0.21169,-5.0486,18.755,17.647,-16.886,-8.0826,25.306,-2.4693,-30.022,5.5497,18.797,-4.4872,-2.7194,0.51659,-1.0905,9.0662,-0.68346,-8.359,6.4698,-5.249,-25.233,-8.6676,12.449,10.988,-8.4294,-23.894,-7.9233,12.078,7.0246,-2.4131,-0.95174,17.241,27.561,3.0595,-4.1967,10.073,-10.726,-11.233,23.098,-0.63489,-27.896,13.654,22.7,-22.215,-25.372,2.3698,4.2156,-6.1804,-3.0099,3.8823,-0.13074,-5.3665,-12.696,-18.974,8.9439,34.012,4.3196,-10.347,14.319,4.6459,-14.841,-0.34613,7.48,-0.82931,-10.14,-11,10.139,21.149,16.435,21.419,1.216,-23.741,-6.4811,-10.63,-28.875,2.4654,9.6462,-16.587,5.9599,18.361,-11.676,-7.2014,5.8033,-12.644,-17.44,-2.6931,15.827,26.854,7.754,-5.3771,11.017,7.5751,-8.9449,-0.084929,5.0012,-6.2582,-7.2693,-4.9538,-6.9338,2.3249,15.471,14.362,5.4144,-2.3675,-9.3252,-7.329,-2.4347,-14.54,-22.968,-2.189,16.673,6.2625,-15.958,-21.665,6.6046,35.251,14.158,-19.266,-9.5667,13.991,15.899,1.3787,-10.833,5.7851,22.519,-7.4382,-23.619,9.7133,6.2755,-20.702,12.079,27.822,-20.195,-19.881,20.252,5.1751,-21.557,-21.051,-14.586,14.945,21.635,-24.531,-24.633,14.075,6.8339,7.1334,26.355,3.971,-8.407,10.187,8.9871,3.4222,-2.2961,-7.0115,11.162,-0.53655,-27.473,3.5248,14.724,-18.882,-5.2288,5.2075,-16.57,6.263,16.102,-16.049,-2.0445,15.216,-11.65,-12.519,6.9941,9.2043,9.4927,2.1197,-4.4649,-1.577,-8.3634,-1.9286,16.129,4.8625,-8.412,0.72045,6.7505,8.1846,4.785,-3.6526,-4.6118,-7.1508,-5.199,0.060527,-14.139,-7.9363,19.826,-1.6588,-22.035,10.612,10.988,-12.784,2.6481,-2.8525,-23.855,10.496,37.586,11.796,-4.5508,-0.55439,2.1135,5.51,-3.4896,-9.0963,5.2607,-0.58401,-14.348,7.3284,8.0147,-28.775,-14.747,19.673,-9.8164,-27.586,11.491,16.444,-7.6396,4.4896,17.752,10.086,5.3974,-5.6375,-11.905,4.0593,12.35,3.2385,-3.7257,-3.5148,2.2898,3.0384,-1.9789,1.4829,2.9023,-3.4818,-4.8628,-9.1851,-14.204,-9.2577,-9.1202,-6.6192,9.741,10.615,-5.2158,-3.433,13.94,17.783,1.0763,-3.6252,18.576,20.036,-10.332,-21.484,-11.518,-2.7368,7.4587,3.2702,-6.1794,7.4427,10.038,-12.354,-12.974,0.87352,-3.7233,-4.6764,8.1667,7.4543,-4.8947,-2.6416,9.165,8.2939,-0.075042,-6.8605,-15.259,-13.39,-4.2333,-5.2202,3.5946,20.6,9.1904,-2.5538,13.71,11.976,-5.7297,6.7795,16.847,-9.208,-22.952,-1.8954,7.4414,-9.4934,-16.743,-6.3875,1.1855,4.6142,7.2729,3.9667,-5.0441,-11.897,-3.0629,9.9872,-0.22001,-8.0155,12.036,19.125,0.64682,-12.385,-14.628,-2.3409,13.209,8.0902,4.7446,5.5076,-9.3021,-6.0473,8.5699,0.53232,4.458,9.6635,-12.356,-9.0966,3.348,-15.574,-6.3281,16.896,-2.6358,-14.16,-4.1251,1.6249,20.847,13.245,-26.63,-15.66,16.643,3.1404,-7.3139,11.515,15.515,-10.703,-27.03,6.273,33.865,2.2309,-14.394,10.08,5.0471,-17.092,-9.257,19.562,33.064,-9.9426,-50.771,-5.9611,30.729,-10.008,-25.289,0.90193,-0.59702,-2.8314,15.556,15.19,-6.4589,-13.933,4.2161,14.87,5.5773,1.714,-3.8273,-6.424,11.383,4.8586,-16.629,4.3192,17.817,-4.8657,-15.321,-17.659,-2.6198,23.026,-2.0949,-16.852,18.332,2.8014,-22.116,12.083,9.3232,-13.79,8.5712,4.6876,-11.59,3.8566,-0.50859,2.5307,17.64,-12.909,-18.426,13.476,-5.7906,-19.146,7.6914,5.6537,9.49,30.303,4.1093,-25.41,-10.29,8.5795,1.5296,-23.951,-19.813,19.939,17.818,-11.306,-0.43787,9.7579,2.2213,12.629,14.302,-3.6571,-13.227,-8.7356,10.045,15.652,-8.5902,-23.685,-22.925,-15.033,3.4566,-2.8654,-11.323,22.458,28.769,1.5689,16.292,20.941,-11.151,-6.9248,6.9773,-2.0642,-4.2968,-24.793,-34.391,14.072,26.387,-14.53,-7.5902,8.6197,-12.496,1.0676,27.785,7.8891,-4.0487,9.9644,7.8314,4.369,2.0947,-16.525,-16.937,-0.77401,-11.602,-23.532,-8.138,3.7852,6.527,8.3184,-0.48852,-0.74983,13.286,12.128,2.8262,6.61,15.668,15.806,-0.07138,-6.5372,7.5921,-9.587,-40.338,-11.185,23.138,0.1153,-18.366,-6.1942,3.8543,4.9801,-7.2107,-10.513,6.2705,3.0225,-1.6566,12.026,-1.2451,-4.5225,29.304,14.468,-25.342,-8.5127,8.4535,-1.7729,6.6046,7.9165,-11.228,-11.184,7.1333,15.893,2.1987,-10.394,0.56768,-1.2395,-16.635,-3.8668,1.4647,-16.634,-4.8021,14.985,3.826,-4.3809,-0.32824,0.50772,7.7183,18.154,14.943,-2.7989,-8.0661,8.1226,3.943,-13.157,-5.1122,-11.443,-28.385,-4.923,10.248,6.3257,26.559,11.109,-24.569,6.5282,19.496,-24.396,-14.267,17.758,1.4961,-4.1469,4.8626,-0.63481,3.3686,3.0702,-1.1649,9.9181,-1.4835,-19.797,1.7934,19.165,10.702,3.2915,-19.412,-39.427,-17.403,7.8339,9.6915,12.958,8.8309,-9.9273,-14.434,-1.5914,8.8884,14.528,19.152,21.917,17.314,-0.80026,-17.845,-13.644,-3.2932,-5.3743,-3.7973,4.5125,1.8791,-1.5848,1.9022,-4.8983,-16.148,-13.244,-3.5404,-3.786,-11.867,-2.5323,21.624,17.302,-5.4703,-7.1932,-10.67,-13.617,16.124,29.057,6.3694,5.1242,7.0728,-2.6558,22.102,31.511,-12.961,-22.662,3.3486,-7.8877,-19.335,-7.7316,-15.931,-23.724,-12.126,-6.95,1.1034,12.225,7.0638,4.0895,5.5562,0.21227,7.1703,12.138,-4.7935,-9.721,1.3628,5.8579,14.123,15.024,2.4495,7.091,9.748,-5.2367,2.0235,9.7323,-10.637,-10.991,-1.7876,-18.093,-12.915,7.5174,-5.3061,-13.593,-5.2073,-13.571,-9.7543,7.5531,1.6063,1.5895,13.782,-0.47401,-12.822,3.0246,11.135,8.3638,18.822,26.81,9.7704,-13.447,-7.4706,14.633,14.059,5.6638,7.7547,-5.672,-23.944,-17.876,-8.9378,-9.9018,-14.636,-28.032,-22.094,7.4991,3.5996,-18.872,0.11866,29.744,34.464,29.091,6.7621,-12.589,-0.52932,-2.5027,-17.168,10.186,29.696,0.41564,-11.902,1.0872,2.8284,7.203,2.7411,-18.05,-18.902,-10.904,-9.0821,4.836,12.307,10.2,8.0989,-17.71,-25.765,6.3762,-4.9796,-28.891,14.565,35.384,3.5542,4.6844,4.1723,-14.991,8.1916,17.192,-16.776,-12.025,10.805,1.7948,1.6284,14.709,13.093,1.2515,-13.03,-10.987,3.203,4.0197,10.703,12.73,-24.103,-38.742,-1.2634,8.3795,-12.831,-2.6222,11.536,-7.9469,-15.557,17.105,33.537,-2.1823,-28.328,-2.2134,24.401,14.88,-3.5044,-1.8845,12.887,5.8034,-14.38,-1.0244,15.883,-3.3219,-13.094,-3.0687,-2.2435,6.1224,5.6656,-20.413,-19.775,-1.3425,-6.9031,2.6881,23.133,5.8459,-10.688,-0.55384,-0.55972,-2.6884,7.8652,8.0306,-0.70976,-1.7422,1.3415,-4.6205,-17.324,-7.3934,14.938,2.2433,-9.8096,23.167,32.762,-4.215,-12.084,7.0378,10.1,8.2701,-12.419,-44.176,-21.128,18.818,1.2961,-10.371,17.391,7.1937,-25.233,-9.6907,19.784,16.528,-5.7353,-19.877,-6.3351,7.9805,-6.9388,-7.4122,19.212,23.787,15.592,10.628,-11.494,-15.574,13.043,13.223,-14.141,-22.235,-13.891,3.048,14.496,1.001,-2.85,14.645,7.2253,-14.773,-10.625,6.6396,15.046,0.23162,-33.532,-32.465,4.6789,2.534,-26.317,-6.7974,30.841,24.111,2.4919,6.9383,20.367,15.307,-0.46759,8.882,32.98,13.719,-23.906,-13.054,0.42095,-27.752,-36.468,-14.553,-4.6871,3.9921,5.8272,-11.443,-8.3959,6.3085,0.65773,4.3295,16.769,12.308,9.6134,9.9414,8.9641,9.9362,-13.193,-27.268,1.3521,-0.28796,-16.962,22.059,27.379,-14.987,8.0167,26.159,-24.117,-29.231,-1.1892,-8.5067,5.3979,20.706,-2.7949,-4.5893,-7.448,-32.877,-1.59,40.831,11.673,-13.726,2.9717,2.7979,-10.393,-3.713,10.017,4.5816,-11.435,-6.0338,-0.24153,-14.793,-2.6889,23.895,12.202,-4.0608,-3.3942,0.59263,20.779,16.324,-21.823,-12.147,16.6,0.81919,-0.18391,13.389,-12.64,-29.963,-10.334,6.6659,1.8607,-25.704,-31.999,6.8968,22.318,7.1546,17.395,29.002,17.791,0.97521,-15.113,-7.9697,6.7116,-6.8559,-8.8284,3.7659,-8.3417,-8.0794,3.4866,-8.9388,1.4317,23.16,1.6022,-6.9647,15.812,3.1409,-27.145,-18.493,20.075,34.206,-10.733,-47.328,-9.1685,29.535,10.289,-11.003,-8.7286,-5.5728,-0.37338,4.9038,-0.14617,-4.0729,3.0582,4.4864,-1.8742,6.1874,13.698,10.147,23.274,22.246,-5.7944,1.7948,-2.938,-52.994,-22.59,35.015,-22.408,-54.26,8.7962,10.9,-14.501,12.127,12.486,8.9365,28.418,-2.3214,-19.005,29.377,31.316,-11.298,-9.7281,5.7752,0.89519,-0.94759,-4.4157,-17.8,-19.405,-1.0168,6.4988,-8.8739,-11.026,2.1009,2.8493,1.7806,2.4174,0.92217,9.5875,5.5753,-12.015,-5.366,3.3155,1.7771,17.664,19.025,0.94759,4.3189,-0.80474,-17.377,-0.24837,14.679,1.0789,-8.427,-15.418,-15.575,-5.8707,-14.704,-13.069,15.633,11.518,-11.588,4.6601,25.541,10.877,-12.617,-14.259,4.8551,15.946,4.5944,-11.114,-15.907,1.6777,26.723,17.407,-3.0272,7.9679,11.957,-6.1308,-7.3051,-7.832,-18.886,-7.4762,0.6312,-19.518,-19.613,0.52127,-5.8062,-13.781,4.9702,13.043,1.1175,3.5524,21.288,27.836,12.158,-4.7788,2.9234,7.8023,-15.891,-16.044,21.982,27.248,0.26582,0.84091,6.3701,-18.969,-34.395,-15.526,-3.3161,-15.696,-16.045,-0.0024003,-3.7227,-7.8827,15.165,16.635,-13.171,-10.18,23.869,40.02,27.951,-2.26,-15.546,3.8858,6.2715,-13.255,-11.403,-5.1985,-5.9016,6.1391,5.74,-6.6881,0.65309,0.44574,-12.308,1.6431,16.11,-1.2275,-18.296,-8.2288,18.1,16.395,-27.907,-38.7,5.0846,18.252,-0.91039,2.1544,5.8405,-0.63557,-1.2539,-2.454,15.96,37.065,7.9401,-19.37,0.61168,8.133,-1.8473,0.21598,-5.493,-4.0658,6.3721,-5.6546,-9.1282,-7.8579,-32.247,-14.383,30.751,-0.13356,-35.464,4.4682,27.45,6.8478,-2.0196,-6.14,4.956,31.506,17.097,-17.338,-21.254,-18.496,-9.4767,18.545,22.548,3.8701,5.7903,7.2901,-7.2715,1.151,14.742,-13.441,-32.433,4.5757,24.851,-7.5982,-20.773,-1.0315,0.81019,-8.4854,-6.9623,-4.537,-1.1618,0.46678,-4.3354,2.6677,14.885,6.5983,-0.28102,14.174,15.444,-5.6777,-12.412,-1.2274,8.7546,16.635,10.83,-9.1373,-9.8545,3.4387,-2.6839,-10.813,-1.7651,1.0777,-7.7,-8.9215,-0.35318,1.737,-11.567,-18.869,-7.8588,-1.914,0.46016,9.9568,5.1917,4.2125,29.319,27.499,-6.4302,-7.2077,10.596,4.5276,-1.7196,0.60032,-3.9738,-9.1631,-15.657,-14.013,11.395,22.42,-6.7295,-24.814,-5.8507,5.6953,-9.0215,-15.425,5.8522,26.665,11.919,-22.283,-24.487,7.5064,21.837,3.1456,-9.4007,3.1712,13.795,3.5405,-5.761,4.8558,17.034,11.328,-7.7261,-21.16,-9.3325,8.4197,-1.2456,-10.477,4.7263,9.3509,1.7471,0.39805,-8.5114,-8.0458,3.5611,-13.898,-24.541,3.1156,9.6061,0.06042,13.767,11.24,-1.4562,11.555,11.423,-3.4054,2.2027,3.6971,-7.1242,-10.265,-7.8127,3.9791,5.09,-17.709,-11.167,19.471,8.3895,-16.635,-8.5911,9.3597,23.022,23.101,-0.11839,-12.873,-8.1481,-15.649,-18.067,-0.015731,4.1123,-11.522,-10.53,8.5747,9.1298,-3.6138,10.11,27.067,7.3542,-9.3227,-0.74041,-1.6511,2.6637,15.915,-9.1043,-32.759,-3.3926,12.837,-7.6205,-5.6598,7.2901,6.2642,13.95,17.234,1.7222,-13.82,-23.774,-13.13,12.28,5.5284,-17.47,-14.599,-3.2296,11.701,26.156,11.385,-3.7331,0.81404,-7.5181,-6.1572,16.257,7.8219,-16.62,-12.619,3.9771,13.306,3.4956,-15.7,-7.6718,11.033,12.134,8.6641,-5.1443,-16.772,-2.0867,0.34628,-14.695,-7.703,6.9797,16.487,11.773,-18.983,-15.129,23.533,13.152,-8.915,2.882,-4.1761,-9.6165,5.3201,-3.7063,1.1402,20.436,-9.6263,-27.485,3.6675,8.8935,2.2269,16.859,13.214,0.22123,-3.8522,-13.155,-9.9506,3.4599,2.6053,-3.1675,-9.0767,-14.488,-13.405,-8.4492,14.146,34.168,6.2371,-22.253,-1.8213,13.704,3.087,5.0923,14.592,11.471,0.81984,-5.5301,-0.5195,0.063986,-16.477,-31.466,-27.093,-2.4548,21.12,13.893,-7.7152,-8.7126,0.030387,-1.2236,3.12,27.236,35.972,-0.5123,-20.938,12.468,16.365,-23.758,-19.722,5.9462,-10.86,-22.957,4.5537,30.986,25.175,-7.3915,-26.059,-9.4062,4.2735,-3.7905,-14.498,-17.563,-4.8255,9.2521,4.2648,0.87559,5.0162,9.6028,29.286,30.543,-4.7081,-8.781,12.13,-2.4923,-8.9225,11.735,-2.7199,-32.023,-28.676,-16.257,-5.88,3.0412,-0.666,4.8442,18.936,8.3857,-6.7544,1.7503,15.64,20.612,7.3628,-20.121,-19.614,2.711,-6.7716,-17.907,16.358,35.317,2.405,-15.445,-1.5864,-2.5746,-6.5426,6.1093,7.5162,0.60724,1.1401,-11.138,-20.474,1.19,12.274,-4.1407,-4.7487,1.6555,-0.83819,15.803,19.792,-13.315,-15.516,5.495,-11.86,-12.399,18.273,-0.66874,-24.063,8.766,19.092,-4.7606,0.51634,9.7514,5.9276,9.7688,4.9643,1.7726,4.9573,-12.102,-13.159,6.8353,-6.0834,-14.184,1.7835,-11.651,-8.8411,25.89,1.4234,-39.556,-10.934,24.566,20.377,2.6348,-11.398,2.2744,18.309,-0.13596,-5.237,11.088,7.1948,3.2285,-0.80474,-11.836,8.8101,17.118,-28.269,-42.054,-7.4796,1.4617,-2.9657,12.807,23.974,14.291,-1.6906,-1.7361,6.3718,1.3839,0.77593,5.5437,-5.0772,-10.588,-7.9873,-9.7223,2.0348,2.9984,-16.167,0.10158,24.379,2.38,-19.166,-13.278,2.2808,18.633,5.9252,-7.5882,20.083,19.053,-17.989,-7.3997,15.98,5.076,-1.7965,-8.0869,-9.056,13.294,3.3406,-29.227,-17.525,-5.7456,-24.252,-13.167,24.2,38.349,19.465,-12.811,-12.029,17.697,5.856,-28.548,-11.417,21.837,18.133,10.456,11.243,-2.5295,-11.41,-3.2387,-2.6539,-11.262,-17.261,-16.606,-2.8072,3.3231,-11.872,-7.5385,21.501,28.169,14.163,-0.029273,-17.746,-15.552,15.057,26.158,-3.0025,-28.602,-9.5464,26.841,21.163,-13.991,-21.481,-3.2895,6.4955,0.53515,-5.668,0.94834,-1.3678,-19.634,-10.747,18.048,18.448,0.1828,-17.823,-25.829,1.5392,33.091,26.172,8.6618,-2.9757,-12.592,-1.7182,12.94,7.5402,-0.62923,-8.2882,-18.606,-14.474,2.4777,9.6693,-3.4915,-13.294,-1.6145,-2.9716,-19.349,-5.7177,13.37,4.6905,-0.2471,3.3556,9.2705,25.807,19.832,-8.8471,-16.071,-7.5232,7.0298,22.85,9.6724,-10.93,-8.6509,-7.4609,-6.8656,-2.7353,-8.2157,0.9473,16.377,3.7372,-9.0735,-10.623,-21.549,-24.588,-13.472,3.3483,20.144,13.788,5.7039,17.259,4.1247,-13.738,9.4195,13.932,-13.765,-4.1312,27.91,34.792,22.189,-2.0237,-21.103,-19.303,-17.798,-21.948,-13.315,-5.6328,-15.084,-10.727,18.336,18.568,-11.198,-10.741,-2.4111,-15.944,0.32311,26.219,7.9678,-3.7674,11.146,14.251,17.936,17.695,0.96208,0.81164,4.2909,-10.781,-14.086,-6.3679,-2.3448,-0.43135,-11.819,-14.725,2.935,1.7031,-11.76,-11.272,-4.0663,14.575,19.971,-4.26,-8.0046,-1.2564,-11.916,2.2123,8.0728,-21.399,2.4537,45.623,10.907,-17.6,13.344,17.071,-8.2395,-9.1383,-0.46483,-1.7974,-5.5136,1.5278,10.36,-7.4183,-27.832,-16.559,-2.6287,4.4506,18.603,14.118,-2.6021,-2.5482,-5.0737,-5.1763,13.833,6.7678,-23.879,-15.13,8.831,-2.0767,-11.146,10.109,30.341,24.668,-3.2067,-23.234,-14.618,2.1211,15.198,15.81,-14.36,-27.24,5.5622,8.1821,-15.73,6.0646,23.341,-0.74305,-5.0086,6.3415,6.8416,3.9299,-18.759,-21.806,19.061,15.177,-19.816,-1.0982,9.054,-19.614,-16.621,-1.8416,-3.7154,-2.9256,-12.733,-3.4783,32.216,19.155,-5.8008,21.59,26.805,1.9624,9.509,6.5508,-15.852,-8.2139,-2.6268,-8.2818,3.8832,-4.3876,-27.119,-12.649,0.12734,-14.447,-8.7976,6.715,-2.3301,-10.486,-0.33146,14.801,20.95,4.8001,-13.027,-1.6071,14.95,11.611,7.0572,6.215,1.2058,0.68016,3.8287,3.7007,1.5852,-2.6215,-3.5434,-2.7489,-8.7129,-4.2766,10.888,-1.957,-29.24,-18.946,5.0893,-5.595,-17.345,3.7968,10.23,-7.3109,15.788,48.39,11.876,-24.859,1.465,5.7723,-26.038,-20.637,-4.8184,-4.0571,16.629,23.684,1.1884,12.327,36.889,7.5311,-28.423,-8.6523,11.392,-15.078,-25.527,-1.5315,-9.9988,-23.12,15.438,31.628,-3.8604,-9.5037,7.7727,-1.0698,-12.075,-15.993,-16.552,0.1438,10.931,4.3582,3.6556,6.867,13.652,24.97,15.628,-7.2991,-11.797,-0.42139,5.1872,-6.0616,-13.383,3.1048,8.6234,-7.5177,-3.0903,7.4617,-3.7902,-2.1426,9.0339,-5.5149,-11.248,8.437,-6.008,-44.677,-25.932,21.358,14.182,-5.9635,9.7231,14.915,10.064,15.673,-1.2947,-13.237,4.0498,5.5127,13.458,23.262,-23.723,-34.081,29.314,25.317,-12.364,6.7328,-8.4658,-34.782,4.2428,13.628,-0.64821,17.713,-17.746,-52.422,3.4689,11.198,-37.87,-2.2368,38.618,2.4319,-10.057,17.841,19.878,4.9542,4.9447,17.21,12.957,-1.8351,8.7346,4.7695,-31.303,-19.338,15.267,-6.968,-19.823,6.6882,-5.9602,-25.71,10.695,33.377,-5.5865,-33.496,-5.1943,20.921,4.8429,-6.064,8.8374,13.62,6.1679,-7.8067,-22.595,-3.5453,18.937,1.936,-0.68242,12.373,-5.0566,-6.5864,-0.68271,-28.417,-4.959,49.656,15.121,-25.959,3.2317,8.2454,-7.3556,3.3454,-2.1213,-4.8706,6.5249,-15.328,-25.267,0.99896,1.793,-6.9728,1.0425,0.179,9.9759,29.163,18.349,-5.149,-17.428,-15.479,6.0408,19.265,0.57082,-27.346,-21.925,22.492,25.77,-23.093,-5.1643,42.734,1.4392,-30.509,3.091,-9.8595,-30.133,15.701,36.515,1.6361,-23.676,-15.237,11.389,7.8773,-10.983,17.681,30.092,-14.726,-22.907,0.8938,-6.9963,-10.917,4.4613,13.905,8.3484,-20.601,-30.265,5.2468,27.321,15.965,-6.6314,-18.115,11.006,24.286,-14.933,-12.203,26.947,17.629,1.2122,2.19,-5.1467,-1.3054,-13.38,-32.831,-1.255,6.9179,-30.286,-9.9257,20.026,3.4709,14.535,21.195,-13.53,-10.932,8.3931,-6.5091,-10.399,-3.4952,-4.761,7.7521,18.162,16.533,16.308,11.902,13.901,9.6382,-23.134,-29.711,2.3323,0.57854,-24.242,-17.29,0.70384,6.3082,6.5562,-1.5253,-8.1253,0.83547,6.9889,-3.6921,-7.1062,4.8043,4.7014,0.97643,11.832,4.7349,-9.7534,12.835,22.697,-10.483,-16.205,4.5047,2.3004,5.1293,14.165,-2.1919,-9.6001,3.4602,2.7805,-2.1133,-4.8467,-15.185,-11.448,-3.7809,-15.211,-10.375,5.609,-13.907,-22.253,18.996,36.416,13.184,10.577,15.18,5.7904,13.51,13.934,-16.513,-25.68,-11.243,-13.168,-8.0964,9.2517,4.6435,-3.0113,1.9795,-2.2909,-3.0319,7.3294,5.8968,0.58955,-3.2621,-9.8189,5.706,17.28,-15.909,-25.323,16.574,13.821,-25.76,-8.58,28.327,16.419,-6.8981,-1.1781,14.512,7.956,-18.642,-25.436,-8.9067,-2.4279,-1.0179,6.5606,12.414,18.714,8.6997,-16.305,-8.1154,17.229,8.0165,-7.2657,-4.4337,-6.118,-0.30853,11.787,-3.928,-15.672,13.705,20.598,-22.709,-23.168,21.263,1.0771,-41.427,-15.485,-3.3767,-22.294,19.842,46.197,-1.6264,-1.7396,37.225,14.69,-14.019,0.74734,14.154,11.494,-0.069805,-9.1509,-11.759,-20.606,-8.3767,19.109,1.2931,-26.392,-11.137,-6.8547,-30.413,-23.39,15.571,23.703,-12.734,-15.319,30.245,32.178,6.0503,18.981,21.116,2.5198,3.2032,-8.9506,-16.52,6.9377,-1.0394,-25.958,-7.1831,17.568,2.5259,-35.944,-30.693,28.635,29.939,-16.09,-3.183,-2.8583,-27.025,19.723,26.552,-34.636,-3.4297,38.274,-10.419,-17.609,18.467,11.861,-0.64624,-5.1036,6.7934,31.6,3.1098,-25.064,0.51726,-15.008,-43.554,1.8196,35.163,12.41,-4.9213,-11.579,-8.6296,3.7074,-4.8913,-19.009,-6.5323,20.599,23.262,-13.003,-24.805,20.016,37.938,1.5509,-14.117,7.649,21.711,12.292,-3.2347,-13.473,-23.69,-26.743,-18.333,-10.033,1.7063,4.2527,-6.0326,10.978,21.065,-16.636,-17.737,22.504,13.965,-4.6615,6.4515,3.0259,1.0272,11.101,11.211,15.261,8.3508,-2.8314,16.235,14.971,-15.512,-21.35,-29.548,-31.848,3.6793,7.1251,-21.247,-17.898,-9.6875,-0.19749,16.393,-2.527,-16.825,7.8436,19.447,16.155,8.6191,-5.6863,8.5024,26.495,20.277,27.132,22.279,0.43287,12.277,3.0829,-40.125,-27.234,-2.5198,-29.154,-38.821,-16.66,-0.042153,10.009,-6.5044,-29.609,-9.6299,20.798,27.455,22.005,0.66173,-14.713,2.2406,13.585,-1.6135,-2.94,23.404,34.833,9.7224,-8.1069,5.359,7.9847,-5.3182,0.90455,5.4624,-11.787,-15.645,-1.8101,1.6618,-3.9181,-12.389,-23.31,-27.034,-24.225,-17.353,-7.5838,-7.7278,-3.3089,23.574,34.129,17.123,17.236,25.028,16.997,13.865,4.4578,-13.209,-11.608,-21.832,-30.693,20.015,42.629,-15.36,-21.961,25.953,13.507,-5.2615,21.267,11.24,-29.744,-31.819,-18.894,-25.223,-21.929,4.1758,6.5421,-27.244,-22.504,26.006,25.497,-4.064,14.378,27.407,-1.9434,-8.2961,9.2316,13.067,16.052,9.3465,-0.81213,28.026,49.816,17.84,-7.9515,-23.289,-57.092,-44.893,-1.0449,-5.6082,-12.035,-3.3385,-22.099,-10.825,9.227,-28.596,-18.793,30.385,-7.1601,-18.712,47.738,36.609,1.9488,37.063,39.128,15.17,13.326,-23.022,-39.941,0.51016,6.2496,-14.196,-15.642,-15.24,-0.69666,-1.1302,-25.073,6.0904,42.504,4.3776,-22.231,-9.9165,-15.186,-5.6122,16.197,2.1587,-11.03,-2.6041,-2.9382,-1.5234,9.5393,7.0853,-6.108,-7.1444,4.2496,10.983,12.995,16.733,16.172,13.009,2.6,-17.227,-13.768,8.7664,9.1213,0.65225,-6.4652,-24.222,-19.538,3.3318,2.1434,-5.6986,-10.872,-16.614,0.63193,5.1626,-16.182,0.55791,20.51,-5.9228,-4.408,28.759,24.075,9.7548,11.604,5.8293,5.5707,6.8467,-12.466,-28.819,-25.6,-15.331,-5.0043,6.5248,24.888,30.117,-3.1841,-31.536,-6.033,29.767,15.373,-25.539,-30.02,0.17882,11.443,-1.7109,-9.1053,-8.9199,-2.8745,6.7002,8.7586,16.186,23.622,3.159,-14.305,-0.068857,5.717,-6.5771,-3.6886,6.2072,-1.9007,-17.027,-11.509,2.9931,-9.7606,-16.699,19.833,32.234,-2.1072,-8.4595,4.1421,1.6764,18.941,23.991,-15.389,-26.92,-9.0919,-17.429,-14.671,11.789,15.912,9.1216,7.333,1.3461,-7.0153,-30.284,-37.675,13.462,42.035,-4.6247,-24.041,18.349,37.408,14.422,-10.151,-19.676,-12.197,3.3998,18.867,27.258,12.304,-13.799,-20.254,-14.41,-16.922,-16.772,1.4983,18.358,8.789,-7.6145,-8.3074,-9.8318,-13.769,-4.7229,6.6197,11.843,10.173,0.33165,3.4685,18.995,15.673,1.865,-0.21207,0.57275,-6.4309,-20.726,-22.047,0.87773,16.269,20.749,27.046,0.48774,-31.382,-5.6756,16.559,-12.78,-27.741,-15.292,-7.7574,2.1519,1.4816,-11.133,-3.394,13.109,18.03,15.289,8.2618,19.895,34.732,-0.052341,-36.276,-10.783,10.497,-13.305,-22.181,-5.2731,0.62019,0.57868,8.0924,13.119,3.2177,-12.279,-3.374,15.826,0.66914,-11.792,16.51,9.6734,-38.408,-23.282,17.116,-2.857,-8.8743,18.858,4.8237,-4.805,14.05,-3.7567,-8.206,27.025,13.71,-13.717,5.8276,8.5365,-6.9233,-4.9527,-16.852,-16.429,11.621,2.5963,-21.024,-6.0489,10.626,10.28,2.7468,-7.2933,9.1123,20.911,-15.229,-26.697,12.673,16.764,-9.9653,-8.1626,-2.0117,-7.2305,2.1272,11.994,1.5219,-9.569,0.24349,19.818,23.157,9.9612,-5.5299,-20.33,-15.152,14.284,17.192,-10.892,-14.077,-4.3936,-10.888,-3.3188,1.4749,-19.696,-4.2674,31.929,-1.3839,-44.738,-12.492,21.876,12.01,15.177,29.42,15.029,-11.664,-18.55,2.6656,23.718,11.017,-5.4919,5.7058,1.297,-31.141,-27.56,15.256,23.606,-11.278,-29.529,-17.649,-3.8822,6.1001,14.372,17.412,14.834,0.12894,-16.21,-12.371,-3.9879,-6.452,-4.1436,2.0102,7.4469,12.746,3.4475,2.3188,27.26,24.047,-4.6501,2.0187,9.3618,-19.581,-38.13,-30.928,-10.987,5.1299,-10.953,-10.278,37.285,45.759,21.08,29.849,12.814,-27.537,-14.15,-10.863,-44.344,-34.043,-19.348,-36.246,-18.38,5.9379,0.074271,21.428,44.292,19.831,12.454,46.343,60.499,45.954,30.331,2.187,-42.093,-57.683,-36.322,-30.057,-36.456,-26.291,-27.615,-28.806,-0.044748,10.402,5.8755,29.641,32.048,12.735,28.923,29.791,-1.605,7.4169,30.074,13.252,-14.302,-36.203,-43.813,-26.296,-11.736,-1.9468,15.981,14.975,-0.57557,0.9247,8.3568,4.6942,-0.42191,3.1379,8.384,11.408,27.603,33.115,-10.28,-46.353,-27.75,-13.421,-21.427,-14.543,-4.4021,2.1638,11.448,9.3047,10.025,20.108,18.942,15.362,7.3639,-10.79,-12.74,-17.781,-38.196,-16.087,30.402,30.826,9.7474,-0.60447,-11.6,-10.496,1.2073,14.046,37.436,35.918,-4.6446,-17.312,1.6925,-11.156,-37.304,-31.072,-20.857,-29.117,-25.791,-4.2374,4.9343,-2.0414,1.5411,23.413,46.338,49.558,25.614,4.0261,15.09,25.328,1.2551,-21.697,-24.692,-27.052,-14.61,4.063,-9.5805,-20.573,-1.941,-4.2243,-22.063,-12.421,5.0235,10.864,0.71746,-10.981,23.529,53.497,13.529,-3.699,14.389,-24.601,-34.607,21.262,4.1064,-33.26,11.349,21.871,-20.485,-10.762,10.192,-4.4332,-14.598,-12.473,2.1652,21.423,20.345,7.54,-12.988,-21.823,11.082,26.92,-0.10826,4.3975,25.738,9.9499,-2.8679,0.12055,-13.047,-30.033,-30.649,-16.192,-11.126,-26.979,-21.406,3.6471,1.9356,4.9914,37.404,49.867,30.731,8.516,-0.71634,-0.51903,-11.958,-14.024,7.8058,0.9954,-13.737,13.206,17.398,-4.9021,10.21,5.5239,-33.701,-25.869,-6.4127,-20.998,-21.931,-13.834,-8.3618,17.171,25.06,2.0749,-5.2152,5.3131,16.896,16.269,-0.38892,11.31,36.02,7.9236,-22.106,-9.3566,-15.947,-25.974,5.2957,18.72,4.5333,14.708,25.143,5.5273,-23.781,-37.615,-16.537,10.376,-0.99906,-19.405,-14.041,-5.7855,3.0706,13.458,16.178,15.666,0.90646,-18.712,-6.9151,12.694,9.2983,7.3183,10.009,4.9004,-0.59081,-6.8982,-1.5897,16.161,11.162,-5.0831,-1.3362,-0.78222,-13.338,-16.094,-5.4226,1.3689,-13.612,-22.708,2.047,10.228,-6.5367,6.2192,15.626,-2.6434,6.7941,24.424,6.1097,-14.727,-14.137,-1.6597,-1.7903,-14.659,11.123,36.513,-7.0273,-26.987,15.007,16.813,-8.7441,-8.086,0.4728,19.509,6.1578,-43.715,-17.981,35.628,3.6849,-26.202,-9.6797,-2.7256,21.596,34.811,-8.2857,-26.674,-5.1169,-1.3867,-3.3119,-6.1252,-6.3888,15.393,21.282,1.3137,-3.2363,5.7098,8.6441,-3.1593,-13.304,3.1809,5.3826,-16.077,-4.7773,8.7491,-4.9773,-4.3123,-9.4575,-13.049,26.357,31.66,-14.83,-17.344,8.0593,9.7547,2.3322,-10.054,-8.3011,5.5632,2.0278,10.587,15.192,-24.542,-40.996,-17.379,-4.5644,13.268,17.35,0.0080616,18.717,25.448,-5.8442,6.698,22.605,-3.4131,-1.8323,0.10168,-28.513,-18.445,8.6506,1.199,-11.315,-12.864,-0.42038,14.799,12.415,15.648,4.1983,-36.664,-25.721,17.628,10.347,5.2766,20.864,4.4862,-7.354,-3.8595,-18.118,-17.982,3.0408,18.102,15.908,-15.806,-23.603,14.874,11.745,-7.6915,27.188,24.141,-27.387,-9.4292,33.314,11.844,-16.151,-11.54,-11.98,-19.447,-10.098,3.2634,-6.7226,-17.888,1.1671,15.543,4.3974,6.828,18.138,4.239,-9.667,2.5481,6.6795,-18.408,-28.512,0.67683,21.654,14.777,15.313,21.214,8.7757,-11.884,-20.919,-8.6417,7.975,6.1686,2.8781,2.4433,-13.327,-19.369,0.88858,19.797,16.917,-14.383,-38.434,-17.133,-2.5964,-14.74,1.7648,15.876,-3.1935,1.4813,16.693,8.2209,10.187,11.43,3.2222,20.264,30.544,17.46,18.445,6.5925,-25.698,-29.595,-27.094,-38.562,-22.329,4.4757,-3.3473,-16.343,1.7043,20.557,8.1462,-5.8024,2.5222,5.8746,2.215,9.9518,15.324,13.11,1.7314,-19.991,-16.07,5.8652,5.3213,15.495,36.176,12.318,-16.753,-15.195,-20.296,-10.515,19.8,7.6201,-20.868,-8.1911,7.2203,-1.1106,-1.5528,4.6805,-11.319,-31.562,-12.713,18.686,13.348,2.3664,5.5527,-7.2635,-10.657,7.9051,3.0799,-4.2243,17.104,24.228,8.7446,0.73908,-2.4305,-2.6657,1.7127,5.4114,13.021,15.681,0.63435,-23.318,-35.923,-17.964,1.9983,-19.249,-33.688,2.1753,23.068,-0.81749,-11.137,10.409,26.271,18.622,13.743,22.75,6.6442,-23.599,-11.543,12.701,4.1174,-12.549,-24.449,-15.287,21.073,17.77,-14.543,3.9182,18.738,-14.392,-14.657,7.8765,-4.3204,-6.1432,5.5743,-8.0093,-3.1214,27.506,20.233,-14.805,-20.124,4.0623,15.683,-4.2658,-27.233,-25.544,-10.203,-2.0919,-4.8532,6.7885,35.111,20.701,-16.64,13.797,45.695,-1.0289,-15.621,21.591,1.7496,-20.295,1.3716,-18.564,-33.682,11.401,18.691,-14.773,-27.163,-36.902,-10.48,42.014,18.006,-20.269,15.883,31.173,-1.2457,-7.6588,-5.4408,-8.6235,0.13715,-3.7194,-7.2134,11.829,21.271,12.048,-0.17084,-5.3838,4.7063,8.3347,-0.49881,-2.0191,-10.194,-14.494,2.0247,-6.6326,-25.629,-1.7403,13.319,-3.5335,-2.6554,-4.3986,-12.527,12.901,18.253,-21.87,-16.95,33.422,29.639,-17.428,-17.239,19.919,22.126,-2.3264,-12.805
11.663,2.1998,3.4136,1.6328,-7.5325,-3.8303,3.0532,1.3513,1.5611,0.79867,-3.47,-4.2312,-5.2703,-4.0264,2.6041,2.8749,-1.0179,-0.97278,-3.1728,-4.7403,-1.422,0.34712,3.2863,7.3485,7.3375,9.2154,5.9219,-10.043,-15.019,-4.1249,-1.9616,-2.747,6.1306,7.4429,-1.8402,-5.6856,-4.6876,-2.6345,3.6061,7.622,3.2719,-1.2459,0.60025,1.509,-1.8417,-0.82056,3.8936,5.3861,7.311,6.3391,-2.3755,-4.6833,-2.8895,-12.683,-14.79,-0.015974,3.0907,-1.2827,4.3813,-0.5581,-12.118,-2.1968,10.661,6.4414,3.2909,4.7239,0.50973,-3.5437,-2.6264,2.1846,8.8953,10.285,3.411,-5.7856,-9.3981,-7.5446,-7.6919,-3.0502,11.95,15.061,1.6846,-3.1631,-1.3342,-4.7384,-4.8087,-5.2022,-10.095,-8.2755,-6.437,-9.1164,-0.43795,12.011,10.847,8.1845,12.051,8.5555,-1.5922,-1.9149,3.9958,0.27679,-3.5555,3.8639,3.105,-9.0372,-8.8365,-1.4872,-0.95813,2.2495,4.3128,-2.8378,-5.7048,-2.3164,-2.976,-5.7913,-6.5629,-1.9381,4.7113,1.1245,-4.6782,2.1304,9.5038,7.8653,6.7825,7.9557,5.7563,-0.32112,-6.0126,-6.605,-4.8172,-1.4271,5.7096,6.3547,0.8038,2.4402,-0.17283,-9.751,-0.88567,9.0863,-9.6589,-21.758,-7.8152,-4.3832,-5.5814,10.775,13.404,-1.2003,2.2449,7.4376,-5.6688,-7.0314,7.7727,12.76,10.029,6.313,-1.8903,-5.7243,-0.89909,4.115,4.2238,-2.1605,-10.527,-12.834,-8.5949,-1.8299,1.1074,0.078873,5.6365,12.102,2.9344,-11.173,-8.8326,5.5596,9.4695,-3.6818,-10.913,-3.7558,-3.258,-3.9495,7.1551,6.5807,-4.4741,3.2448,17.246,13.308,-3.9905,-16.111,-3.1072,17.466,11.788,-1.4264,-3.624,-8.5263,-6.4308,0.63019,-5.0401,-3.1392,3.2224,-7.4168,-7.7992,-0.77065,-10.901,-4.2086,12.859,-0.90543,-7.2474,8.4822,2.4099,-3.7499,10.133,5.5388,-7.2603,1.4388,9.8428,8.1634,8.9801,6.6652,-1.5689,-6.0644,-2.596,2.2165,-0.82294,-6.9948,-6.5196,-2.5253,-2.1768,-5.9324,-6.1856,-1.7706,-4.7443,-8.5701,-0.11026,3.0652,-2.6814,3.414,10.216,5.642,6.2285,10.15,6.5155,-0.83271,-9.8394,-9.5947,5.1336,12.801,5.3077,-7.3473,-16.489,-6.685,10.46,5.5741,-3.4507,2.3558,0.24053,-7.5313,-0.55056,8.8254,8.4715,2.4878,-5.2712,-6.597,-4.6351,-10.356,-12.486,-2.1983,4.3602,1.2147,1.7039,7.7508,9.6439,7.4024,3.9249,-2.9772,-5.3027,0.17317,-2.6989,-8.7589,0.044774,5.2693,-4.1533,-2.796,9.258,10.136,2.2507,-3.5757,-1.0071,7.2502,5.7183,-1.1099,1.4416,1.2311,-8.0641,-10.995,-6.8641,-5.5002,-6.3611,-4.3727,-0.26807,-0.60357,-1.3266,3.7478,2.926,-2.1369,3.9192,7.8294,-0.71536,-4.2882,-0.44503,1.4966,2.0073,2.4595,7.3019,10.849,2.4167,-1.4666,8.6991,13.225,5.237,-7.1377,-8.9598,6.2336,5.9619,-14.098,-11.158,-0.81448,-11.793,-10.035,1.015,-11.996,-24.272,-19.931,-14.212,-5.3131,1.0599,5.3292,16.658,17.071,14.095,27.596,29.765,23.061,31.987,24.748,3.8826,8.6648,9.1501,-15.521,-33.105,-42.783,-45.02,-28.221,-20.753,-28.258,-18.069,-0.53743,3.9299,11.372,22.885,22.313,16.917,17.261,14.214,4.5958,1.38,5.2086,4.6551,2.9781,6.602,7.8683,2.022,-3.2361,-1.8301,-0.51257,-2.1216,4.7915,9.2785,-10.084,-27.664,-20.549,-13.616,-10.158,2.0535,4.028,-4.8006,-7.6885,-7.0956,2.8426,15.062,7.1954,-0.20374,5.4365,0.62788,0.56812,15.733,14.088,5.814,11.221,5.4708,-5.9179,-1.7512,-2.1242,-6.07,3.0341,2.4242,-8.7844,-1.547,6.7398,-7.2222,-18.196,-12.89,-8.2059,-5.4817,-2.2032,-3.7261,-1.2467,8.2537,11.001,7.7785,5.9749,2.8068,1.3701,1.6292,-3.2704,-5.1146,-0.23095,-1.0412,-2.9127,5.2419,12.902,11.219,6.3284,2.8276,2.4423,2.5322,-6.0802,-17.852,-13.328,2.4703,6.7579,0.38083,-7.5127,-16.356,-13.931,-1.2931,3.3526,9.4205,15.601,0.22518,-6.9566,8.7014,0.11963,-15.775,4.0111,14.518,-1.5902,0.15687,7.6369,0.55465,-0.17136,1.3885,-0.66464,4.3503,5.9452,4.6251,8.7358,1.9719,-10.716,-11.029,-13.105,-19.88,-13.627,-3.8387,-2.1242,4.1292,12.921,9.5885,4.2436,7.7099,8.809,6.7243,3.9235,-5.8143,-3.612,11.256,-0.25629,-17.644,-2.2389,5.2348,-6.5346,-0.12242,1.3935,-10.563,-3.4349,0.37452,-6.6399,6.8705,17.414,7.9032,1.7394,-4.2461,-6.9366,0.34235,-1.6943,-2.6204,3.6097,-5.4988,-8.2398,5.3341,3.2117,1.6692,11.289,-0.28359,-13.93,-4.3724,2.646,3.6748,6.6587,-1.4903,-9.5443,-1.6202,6.4656,1.1704,-5.0192,2.3258,6.8629,-5.5115,-6.3677,7.2159,0.49452,-7.4346,9.8118,13.434,-6.8351,-8.9372,2.424,-3.828,-11.125,0.3057,8.1292,2.5541,4.1129,8.6495,2.3432,-2.6342,-5.4686,-9.3623,-0.30014,6.3459,-3.6265,-2.2541,5.9377,-5.5606,-15.92,-10.98,-3.215,8.3633,13.7,6.2108,4.6585,4.8002,-1.6747,3.4693,14.908,12.321,2.6515,-3.2029,-5.624,-8.941,-15.407,-14.698,-3.4414,2.2619,-5.0441,-12.984,-7.6506,4.1188,5.4911,4.9237,12.456,14.585,10.844,4.0878,-11.861,-13.522,7.6027,13.142,0.81363,0.44707,5.126,0.034958,-7.9605,-7.5183,1.381,1.419,-6.3864,-5.809,-10.366,-17.654,-2.4638,12.261,7.7595,5.6383,-0.25762,-8.1416,6.2351,15.473,2.6523,1.6155,5.9475,-2.285,-1.5002,4.8033,-0.69237,-6.0579,-6.8431,-6.322,1.2799,9.9589,7.1677,-7.4226,-14.737,-0.0088075,8.7808,-7.4553,-14.568,-5.1607,-6.6949,-6.6895,7.2685,12.162,5.9721,5.4156,12.765,19.743,13.173,1.9566,5.8549,3.8323,-16.155,-19.985,-10.238,-14.959,-14.953,-0.84869,3.243,2.3319,5.9773,3.8861,1.9899,2.5677,-2.4443,-1.5565,4.0006,-0.20422,-0.69898,5.6315,1.9192,1.1519,10.048,4.904,-6.7978,-2.2384,3.7763,-0.59363,-0.84642,3.1591,0.89323,-3.3163,-5.4211,-7.3335,-4.8456,0.034137,-0.16574,-0.16895,-1.1974,-9.655,-5.2272,14.223,12.087,-3.1385,2.674,7.9512,-2.3212,-4.7213,-4.1963,-7.4914,0.24315,8.2483,4.8434,-2.0327,-10.279,-10.774,-5.6832,-9.2644,2.0349,29.161,26.128,9.5035,13.646,4.8948,-17.04,-13.015,-1.9271,-5.6391,-9.1909,-12.141,-16.085,-16.971,-15.337,0.18564,19.201,15.23,6.6961,10.126,6.1782,1.9994,7.4294,0.14052,-12.815,-6.6679,3.8033,2.7754,2.4719,7.3692,6.5247,0.32042,2.3612,6.7997,-3.6291,-10.228,2.1809,1.1919,-14.681,-9.5036,0.20578,-7.8679,-6.7921,5.3778,6.5539,1.4578,-6.6338,-10.494,3.8349,12.419,0.96672,-1.4263,7.1858,8.3127,5.6976,0.12675,-4.5929,-1.9634,-4.2013,-4.1572,10.035,11.325,-5.1292,-7.9901,3.5552,8.4403,-1.3895,-10.359,0.85939,5.6382,-12.883,-12.289,3.8141,-0.47917,3.6635,17.761,1.7432,-13.589,-1.3458,4.2047,-1.2302,-5.4405,-13.17,-15.066,-9.6376,0.22842,16.529,15.694,-1.253,-0.65949,5.2393,-0.32424,3.8101,14.459,14.173,6.66,-1.8715,-1.0177,10.228,13.536,2.5816,-14.941,-20.991,-3.0084,11.573,2.8255,-12.51,-28.132,-32.216,-16.378,-10.197,-11.069,-0.92642,-8.3879,-20.881,-4.5471,11.976,28.749,55.526,45.236,20.802,32.465,33.294,16.475,24.985,21.066,-11.154,-30.062,-45.764,-65.185,-61.709,-44.201,-30.611,-24.392,-16.456,13.814,37.387,20.666,8.9332,22.185,21.101,12.465,13.913,11.819,12.867,18.477,17.063,18.618,14.309,-8.4256,-21.973,-19.909,-18.927,-6.9451,6.762,-6.0362,-19.929,-11.731,-10.781,-15.937,3.9675,22.999,7.7458,-9.6153,-6.7987,-8.4498,-11.966,-0.088503,6.7418,-0.027298,3.2006,14.414,12.775,6.6002,14.726,25.423,17.588,-0.15787,-13.247,-20.503,-11.923,2.4519,-6.122,-12.525,6.074,4.7379,-15.767,-6.2101,10.053,3.3708,-0.18625,-0.79016,-6.8607,-0.35372,7.3142,-1.5925,-12.672,-12.286,1.1474,10.229,-1.2053,-6.1822,7.8846,10.222,2.6988,6.7766,12.752,10.825,1.9328,-7.7478,-6.0478,-0.32421,0.12152,1.4052,-2.9152,-11.407,-7.881,0.64952,3.7381,1.6706,-4.5942,-1.7672,2.9196,-8.8442,-9.6652,7.5581,5.4404,-4.6684,2.0952,8.2155,6.0755,-3.8903,-14.02,-0.37308,13.902,2.5787,0.60664,10.279,2.0152,-5.194,0.29998,3.3911,2.8938,-5.0093,-9.2819,2.1211,0.78783,-12.493,-7.2245,-1.3417,-4.8259,2.9187,7.3888,-0.040948,2.3522,10.121,7.9965,1.709,1.4712,7.7924,8.1076,-3.1101,-15.178,-18.817,-8.5503,1.643,-5.603,-5.9179,6.8776,0.61021,-5.1682,8.9856,7.5285,1.6582,15.883,13.807,-2.1467,1.2192,1.2768,-9.4884,-5.6801,0.45751,-5.5813,-8.4833,-3.2192,-2.0923,-6.66,-1.0129,9.4862,0.59194,-7.9322,7.3033,13.516,-0.4216,-4.3807,0.84342,1.5146,-1.185,-5.2759,-3.6739,-1.163,-4.8763,1.201,12.201,8.2611,1.228,-1.8224,-3.8781,2.5102,2.3574,-8.235,-2.0315,8.2293,-1.0758,-9.5793,-7.912,-4.9864,0.22745,1.7874,1.3469,3.2938,-2.1439,-0.90512,14.676,11.476,-5.1638,-1.0222,7.4718,3.7134,0.51673,-7.0703,-14.302,-4.236,2.3794,-7.1016,-6.6844,3.1779,2.5929,1.3827,4.5149,1.0043,0.28314,3.9527,-2.8462,-3.9863,9.4107,6.2641,-9.4316,-7.0326,2.6869,8.5994,10.203,-8.0919,-19.125,6.1658,18.496,1.1109,0.16084,0.27906,-18.946,-13.9,12.479,16.173,3.0976,-7.5591,-8.7327,2.6963,6.4958,-1.0379,-0.64928,-4.1508,-16.211,-14.481,-7.3912,-3.9583,11.824,23.577,9.8991,-4.1925,1.807,13.072,12.814,3.1268,-0.52593,3.2908,0.020922,-7.2335,-7.2194,-5.2914,-7.4249,-11.623,-11.597,-2.8804,1.0975,-7.973,-10.546,0.99779,10.158,9.3017,1.0116,-3.5015,8.8167,21.273,12.202,-1.8156,-2.35,0.50746,-1.1359,-3.0539,-3.3342,-1.8721,-1.461,-6.5286,-10.76,-3.7769,6.9956,6.0426,-1.8485,-1.6629,4.8604,5.6787,-2.4536,-8.5522,-2.4268,3.4269,-2.6139,-4.9115,-1.1153,-7.3198,-8.6629,6.0549,8.2623,-1.8129,7.8329,21.878,9.7306,-6.543,-3.4167,0.38134,-3.2658,0.1082,2.8288,-4.7511,-8.3354,-8.5867,-12.473,-3.3854,10.629,3.767,-3.0359,6.9432,6.0213,-4.5825,-1.1778,4.0572,1.0758,-0.14784,-3.3855,-6.0182,4.247,11.074,-0.43624,-6.8582,0.64003,-2.9531,-10.993,0.70736,10.016,2.3495,5.1164,11.249,-1.5004,-11.011,-9.3182,-9.2309,-1.2097,4.6668,-2.5942,3.6044,15.266,5.7659,-2.2639,0.96011,0.54777,2.222,-3.3874,-17.733,-11.282,2.2768,0.92254,7.472,14.269,2.3147,-3.4419,-0.46811,-3.0393,0.65646,2.4107,-6.1996,-4.8307,1.2689,-0.65616,-0.64963,-2.0812,-2.7785,7.0614,8.6989,0.64559,1.4574,-2.135,-8.462,3.0345,8.8675,-3.7051,-6.2308,-0.26006,1.4986,6.5062,2.7838,-9.6828,-3.747,6.4165,-2.3759,-6.0146,1.6241,-1.4916,-4.3365,3.9702,7.0733,5.4575,5.3801,-1.0956,-6.4934,-2.5787,-2.0858,-7.5569,-9.8128,-7.1351,2.7664,12.623,6.5305,-5.5708,-2.3469,10.248,14.218,7.7227,3.1531,5.9899,3.1091,-10.566,-17.203,-9.6538,-1.6355,-0.30063,0.069238,2.8821,0.51656,-9.4441,-11.025,-1.6312,0.67265,-1.6705,3.0873,7.9856,9.8278,8.288,-0.77736,-3.4205,6.461,9.3994,2.8846,-2.1468,-7.103,-9.4597,-5.8734,1.5197,12.254,13.485,0.3158,-5.468,-1.0203,-1.4355,-4.5248,-11.203,-17.708,-6.5884,5.7136,-2.0266,-5.6612,4.3604,5.0176,-1.2583,-0.16358,4.4103,7.3054,6.6941,5.5661,10.188,12.201,2.9394,-5.9453,-5.461,-3.6497,-4.2407,-1.157,0.8272,-6.9416,-10.114,2.1775,7.0303,-4.8418,-8.6672,-0.22181,2.7081,0.49563,-0.56424,-2.9603,-5.0848,-3.1407,3.2474,10.146,7.5748,-2.7352,-1.5798,8.8694,2.0851,-13.542,-6.6035,7.1248,3.7012,5.3235,14.623,6.4423,-4.8559,-5.1406,-8.6634,-6.0567,4.8545,0.0033858,-7.4998,2.768,8.9713,-0.63641,-10.144,-11.181,-9.0692,-11.933,-10.615,4.3723,12.784,9.3181,13.722,17.676,9.6875,0.021887,-10.418,-15.009,-3.7098,7.231,7.3714,3.5159,-0.12031,2.0491,1.1695,-7.2205,-1.3494,4.4268,-14.912,-20.962,0.99623,8.7966,2.6016,2.0997,-0.35841,0.35416,4.8194,1.3343,0.64847,3.86,-1.242,-4.9551,-3.7638,-4.4852,0.097817,8.143,9.0602,5.1469,2.3138,3.4258,1.6587,-10.24,-14.733,-1.6089,6.3516,0.51266,-2.6573,1.7945,7.0132,7.1855,0.25925,-7.2421,-7.4791,-3.3844,-2.9377,-2.7681,4.1985,8.4521,2.3203,-5.2177,-9.3177,-5.435,7.413,9.7996,2.0489,4.2051,3.5875,-7.876,-11.421,-11.041,-10.011,0.36846,6.0714,11.5,27.912,24.012,2.3498,0.93748,1.0923,-14.598,-17.829,-8.3832,-4.5559,-7.3232,-13.697,-9.4771,4.3342,4.6246,-0.82918,1.1898,1.7914,5.7213,6.762,-7.6346,-10.258,5.6227,10.627,9.7246,11.747,6.1682,3.7218,6.4424,2.5026,0.8382,-1.6662,-11.585,-9.6985,-0.33064,-1.1861,-1.3485,-3.6642,-16.559,-15.693,1.0294,4.7622,-1.6882,-0.65804,2.5653,1.7846,1.8725,5.7129,10.376,8.7354,-0.69213,-4.1318,6.188,10.743,-1.2344,-6.2859,1.798,0.25106,-7.3846,-5.2294,-0.89997,2.1896,5.6557,1.5817,-4.4199,-2.3159,3.5373,5.0307,-5.6595,-14.891,-0.35717,11.826,-1.7337,-8.0005,-1.1288,-5.4411,-4.4783,6.2038,2.3992,-5.3455,-4.0546,-2.2236,4.38,9.8002,2.194,0.33064,13.072,17.905,6.5984,-3.3793,-1.8217,-3.4557,-12.83,-8.4654,1.2246,-5.2304,-3.0385,11.575,2.5653,-12.509,-4.0978,1.4751,-5.3887,-4.3197,0.83937,1.3728,-2.7451,-9.5355,-5.5684,9.2539,15.961,11.102,3.0235,-4.1649,-7.6254,-7.0559,-1.6108,8.1797,15.505,13.089,-1.0825,-10.678,-1.2134,2.0869,-10.311,-3.1992,12.396,-0.080829,-12.658,-4.3026,-2.5515,-6.1646,-2.5912,-1.4188,2.8335,9.5325,3.2566,-3.8851,-0.29834,4.9021,10.69,6.4553,-16.358,-24.902,-3.7405,9.3856,-1.4165,-10.596,-3.4964,13.539,23.086,12.755,-0.45538,-1.153,-2.3602,-1.7625,12.303,14.968,-5.6377,-15.142,-2.486,5.9816,-1.0053,-11.376,-9.0827,-0.15961,-5.5524,-11.516,-0.51478,2.4998,-5.7777,-1.0212,3.794,-2.0803,-4.3243,-7.4898,-7.7051,5.3789,8.7137,0.74199,6.3889,12.509,8.1525,10.241,12.288,5.7681,4.7451,10.205,12.572,7.0842,-6.1775,-13.529,-7.4684,0.50626,0.59835,-11.172,-25.149,-24.19,-17.07,-13.213,-5.4969,-9.9429,-26.544,-15.375,12.933,16.485,12.126,16.415,11.089,11.065,32.031,43.857,32.692,19.088,13.987,13.56,7.1521,-9.9153,-23.711,-28.072,-33.013,-36.842,-33.864,-28.493,-19.349,-6.3779,-1.0594,-3.8659,-4.893,-1.506,10.713,27.93,26.879,9.7353,6.8144,15.8,19.233,23.898,21.754,1.4891,-9.359,-2.844,-5.5312,-10.522,-4.6654,-5.267,-10.475,-6.0722,-0.85831,-0.88087,-4.2965,-9.6063,-8.9291,-8.1784,-14.299,-9.529,4.5181,1.8476,-9.4693,-4.1885,8.8283,7.8327,1.7186,12.176,24.288,13.066,-2.6003,-2.8865,1.4496,9.3882,15.679,4.6047,-7.5316,-7.3748,-8.2814,-6.0468,-0.55712,-6.9816,-11.708,-3.5897,2.3403,3.807,0.90136,-8.2893,-6.1811,6.742,4.1618,-10.468,-8.42,7.1929,5.652,-5.9358,2.5273,8.2697,-7.3819,-4.6974,10.335,1.0556,0.27307,16.737,7.6277,-6.2533,-0.69774,-3.339,-4.2241,7.5847,3.265,-3.2528,6.5394,1.3181,-14.204,-6.6245,5.2762,-0.6116,-4.5423,1.3057,3.3696,1.1961,-4.4551,-11.089,-2.9714,2.6816,-19.684,-23.831,13.375,24.252,3.2031,6.062,12.532,4.8669,10.516,9.0679,-4.8133,-0.035713,-3.5132,-23.041,-11.898,10.032,2.9933,-4.7251,3.6995,4.3819,-7.2229,-9.9872,5.743,18.211,12.409,1.6303,-10.135,-14.284,4.6772,16.877,-1.4562,-21.579,-28.086,-18.693,7.223,14.002,-2.4279,-0.29258,9.4417,5.8159,12.161,18.221,3.8207,-1.2112,9.4416,5.2726,-8.133,-7.0699,1.1828,-2.8208,-12.752,-6.6719,6.4185,1.3594,-9.9152,-8.8,-5.8572,-2.9405,4.3744,3.842,0.66324,5.7731,3.3308,-2.6823,6.5168,8.8913,-4.4072,-1.0707,12.202,4.4944,-12.632,-16.437,-4.2678,8.2419,-0.28081,-11.982,-0.552,10.277,6.6034,6.0202,3.8488,0.084214,3.9827,0.85366,-5.9053,-2.206,-0.82665,-0.19064,4.3665,-2.6224,-9.6408,-2.6586,3.5117,3.9973,-2.4301,-10.267,-1.5929,4.8273,-3.533,0.55987,4.6412,-5.3909,0.4905,7.5508,-5.5363,-5.824,3.492,0.27289,5.2797,15.721,10.726,1.3136,-2.5095,-0.95602,-1.4044,-11.217,-9.6134,4.8938,2.7354,-5.9308,-3.7215,-2.9379,-0.40763,2.9611,-1.465,2.9832,9.1693,-2.9134,-7.8403,3.6894,2.2694,-10.992,-13.734,-2.7453,9.0513,9.2774,5.5133,5.4079,-0.65029,-6.8934,-1.8089,4.3129,6.3491,8.7148,7.528,3.4095,2.2487,2.1867,-2.7634,-10.756,-11.795,-6.6093,-3.5409,-2.2722,-4.8618,-8.8804,-5.836,-3.7681,0.53008,14.006,9.7062,-1.8058,14.667,17.554,-9.9549,-10.773,3.2894,-0.52663,3.3667,4.3284,-7.5098,-3.5686,-4.5585,-11.295,12.917,24.706,-1.1774,-11.711,-9.1933,-11.703,-0.87351,1.9004,-6.8612,4.482,12.419,1.3891,-2.0074,-2.4298,-4.5497,-0.33233,-2.1614,-3.1438,6.6258,11.536,12.086,7.1683,-8.3266,-10.197,0.60261,0.50546,-0.64017,-2.3121,-10.765,-8.4969,-6.3566,-13.964,-4.8779,9.9461,8.865,11.09,16.716,15.03,11.63,-2.1434,-14.453,-6.22,-3.0827,-5.4729,6.4393,2.6165,-15.722,-9.5908,2.1623,2.444,8.3776,7.1284,-1.8417,0.74665,-1.578,-10.58,-5.8585,-0.94328,-5.3699,-6.2948,-0.61221,10.973,16.806,7.2857,-1.8054,-7.279,-8.031,9.5324,15.922,-5.4531,-9.0122,1.6952,-7.8591,-8.2172,8.3179,7.7943,1.2385,0.85192,-2.3734,2.773,8.211,0.12232,-0.039905,4.2273,-7.4703,-15.459,-10.381,-10.045,-8.8117,3.1639,11.132,4.4707,-3.9731,-2.7594,-2.8186,-5.7678,3.8989,12.784,5.2799,3.6794,10.824,5.4818,-0.92684,4.3683,8.1967,6.9231,5.7331,4.5849,0.60163,-10.985,-20.952,-15.142,-0.91484,5.3194,-6.3061,-24.042,-17.056,5.3308,7.8404,4.0007,9.5111,5.5989,2.4071,10.9,6.1566,-6.9463,-8.8426,-10.735,-7.8487,7.9146,11.22,0.18434,0.40134,8.0655,7.3896,1.8685,3.5222,15.541,22.024,14.446,8.7217,6.0994,-5.2186,-15.266,-17.223,-21.522,-29.683,-34.715,-25.097,-0.22717,8.5544,-9.0711,-18.223,-11.341,-5.662,5.8779,21.148,27.151,28.514,21.826,13.298,23.73,31.318,21.161,24.577,31.251,15.433,0.080498,-16.5,-45.477,-53.797,-44.737,-45.098,-38.674,-25.648,-15.756,3.8165,11.056,-1.8024,5.1821,18.925,12.381,16.656,33.139,29.99,15.187,9.761,17.298,20.357,5.4076,1.0207,10.542,-3.2744,-17.64,-3.5926,0.21512,-15.914,-23.193,-19.87,-9.1878,-3.1563,-13.564,-15.574,-3.8132,-2.5388,-8.3445,-9.6814,-0.67742,14.632,9.95,-2.6164,6.4043,9.2909,-0.053097,8.8318,16.883,14.31,19.033,11.459,-1.5829,9.6782,14.412,-3.0721,-9.6335,-7.0823,-9.0965,-6.6719,-5.244,-13.291,-20.133,-15.841,-8.7164,-8.8839,-5.0396,1.0514,-7.2348,-3.7591,20.394,17.789,-0.96591,6.2393,11.765,1.0376,-0.68864,0.25842,1.689,8.5535,3.166,-3.6117,5.2639,8.4559,-0.58191,-5.8505,-2.5009,3.5196,0.81443,-1.8514,4.7995,-1.5847,-11.751,-1.7007,-1.1629,-10.575,0.46217,1.4162,-15.424,-13.359,-9.8556,-11.196,8.0164,16.176,1.5352,4.2272,11.494,3.8169,7.1574,15.112,6.1668,-1.6953,5.022,12.054,4.0001,-13.128,-15.055,-1.7238,1.1952,-8.1078,-11.713,-5.4977,2.5016,3.218,-4.1187,-7.104,3.6406,13.945,4.7906,-7.4926,-2.0054,1.1198,-4.2224,3.3688,5.8721,-7.5273,-3.1936,7.6426,-4.6077,-10.918,1.6963,8.6908,10.704,7.1088,-6.5816,-9.146,1.1013,6.9315,9.1624,6.4436,2.4534,6.0467,0.40103,-13.544,-9.6324,-2.6322,-10.225,-7.9697,4.7575,1.1739,-10.158,-6.6528,4.1146,7.0026,6.3318,6.1579,1.1953,-1.4248,2.0253,0.68685,3.1659,12.231,4.4997,-6.799,0.979,1.7139,-9.7632,-9.7444,-5.9163,-0.83093,7.3431,-0.50353,-10.489,-4.0318,-0.63616,1.6506,10.446,11.985,15.331,15.081,-5.5254,-12.374,0.34385,-5.894,-13.779,-5.0197,-5.9776,-10.552,-3.0917,3.8213,6.6288,3.8982,-3.0296,-0.48363,6.7877,7.4509,2.7338,-1.5813,5.1699,11.792,2.7872,-0.7469,1.0543,-9.9271,-9.3604,1.5876,-6.2539,-10.084,2.5902,6.8748,3.6342,-2.9565,-7.3891,3.946,8.6133,-1.5357,0.28355,5.0927,1.1277,-2.1149,-9.1881,-7.7197,4.669,-1.0129,-7.2662,5.217,6.7032,2.8459,9.0905,4.6154,-3.6253,-4.7834,-9.6426,-6.4742,3.3946,2.0027,-0.16523,1.8468,1.631,1.9077,0.27158,4.0175,12.964,6.0548,-7.2874,-10.088,-7.2513,3.8043,5.1394,-11.984,-6.6217,10.148,-2.1072,-9.9561,0.79917,-0.57994,-2.2602,2.1364,-1.0749,-1.3229,0.33186,3.1549,14.104,10.796,-4.4465,-3.2604,4.2138,5.5201,1.6691,-6.5813,-1.4937,6.8026,-3.1315,-5.5785,0.93636,-6.9402,-10.948,-7.324,-5.3357,3.3281,-0.00068792,-5.9374,15.148,17.578,-7.6946,-1.517,12.163,1.2719,-0.6252,-3.5483,-13.994,-0.31854,9.4677,-4.2114,-5.3802,0.18963,-2.3786,1.1827,-1.9671,-10.912,3.0412,20.378,10.9,-4.3329,-5.5397,-2.8083,1.5556,9.1452,6.7291,-1.7406,3.2453,6.3358,-10.491,-19.942,-7.93,1.2216,-2.3236,-10.03,-11.742,-2.6098,3.8372,3.195,7.6015,10.899,7.9868,8.2924,6.8782,1.9744,4.3943,7.2611,-1.2101,-12.322,-9.2267,4.8216,4.3373,-9.9939,-8.1475,5.4595,5.298,-3.2515,-4.4141,3.2403,7.0326,-3.8139,-10.677,-2.1076,-0.92491,-7.2186,-3.8515,-0.44561,0.92819,6.8713,4.1576,-4.5645,-1.2583,6.971,7.4196,5.8343,7.7327,6.1712,-1.6017,-4.7892,-3.0679,-4.0615,-0.3793,3.684,-2.833,-2.8182,4.7373,0.25844,-3.8156,-2.1521,-7.6461,-5.6267,2.2083,-4.008,-7.5193,-1.7443,-0.43325,5.3798,8.6064,-1.0211,0.07189,9.0841,7.021,5.8551,3.1578,-8.269,-10.036,-3.1336,1.2287,4.4837,1.0886,-1.68,2.4002,-2.5752,-5.93,3.3618,2.3925,-0.62401,7.7453,1.7939,-10.488,-6.1091,-2.754,-0.10027,9.0871,2.8502,-6.5535,4.6226,12.762,5.9259,0.99815,-2.4791,-8.5318,-10.975,-7.5394,-3.8436,-6.5547,-6.1948,1.8491,-1.0165,-7.0946,4.2565,10.753,2.7874,6.5318,15.66,11.217,1.6648,-5.69,-4.2982,7.0774,7.2553,-4.8588,-5.4843,4.9145,10.132,4.0423,-8.196,-11.639,-5.462,-5.5956,-11.867,-14.681,-13.999,-8.1442,2.3454,5.6923,-1.3792,-2.8093,6.9428,7.8087,-2.0617,0.68605,10.676,12.228,15.748,15.719,2.8102,0.3241,9.0516,8.5266,7.6108,6.3886,-4.3882,-8.1681,-8.3698,-18.061,-15.617,-2.4597,-5.5763,-14.519,-15.509,-15.46,-10.463,-5.9921,-11.779,-7.1217,12.253,13.188,-2.8082,2.8753,26.626,29.785,13.754,9.7448,18.273,20.044,13.215,7.4198,6.7734,3.9555,-7.3549,-17.036,-18.777,-21.885,-27.634,-28.103,-19.132,-4.4792,-1.026,-13.072,-16.548,-3.162,8.0076,11.203,15.232,18.484,13.495,6.5913,8.4234,9.0313,3.5676,9.1436,16.256,6.2297,0.95114,6.784,2.8722,1.4794,5.5195,-7.4169,-16.16,-3.7763,-7.0651,-28.492,-26.603,-5.9191,-1.9157,-9.3977,-2.7333,8.4055,6.0144,4.2519,6.5511,-2.0525,-4.0086,10.045,9.2796,-3.1518,1.6504,10.464,8.4635,8.3623,7.936,3.4624,7.7071,9.9052,-8.0593,-20.183,-4.702,5.5516,-3.9,-1.4995,7.1826,-4.3134,-14.342,-7.7275,-5.3444,-6.1767,-0.73424,0.78794,-1.2609,-0.23716,0.92869,3.6526,7.4116,4.5362,-3.4265,-6.1402,-2.1596,-0.93188,-2.0018,1.6609,4.7721,9.963,19.9,10.8,-11.916,-10.788,2.0156,2.4091,5.3681,6.3012,-5.2319,-5.3501,7.5404,6.1166,-9.2299,-12.759,-0.1331,-0.2751,-13.739,-7.0808,3.7829,-4.6686,-2.6316,6.4122,-1.7721,-4.0504,0.31409,-1.2426,7.7859,7.1339,-11.589,-6.7484,7.5105,1.9578,0.3922,4.9633,9.1835,18.573,13.294,2.6685,5.9766,-0.46133,-5.454,7.2302,0.91137,-17.049,-14.984,-9.3874,-5.9853,-3.7286,-7.8613,-2.1664,-1.7278,-14.803,-0.062239,16.607,-7.8298,-17.321,8.0017,11.722,-2.1736,2.7139,14.489,8.5085,-4.6529,2.0653,11.748,2.2239,5.734,19.392,4.3242,-9.7713,1.3092,3.0025,-8.2044,-10.842,-0.60764,9.6377,-2.6384,-15.731,-5.8695,-8.6966,-17.228,-2.1101,-2.6024,-12.884,4.8614,11.016,1.5009,8.216,-1.1523,-16.96,1.3677,14.3,1.6065,-3.8796,2.154,13.442,14.651,-1.9933,-1.1506,13.941,10.661,10.704,16.04,-0.051012,-9.0041,5.2361,7.4802,-6.4284,-12.599,-9.6703,-13.051,-25.519,-29.165,-20.397,-14.923,-12.126,-4.8268,3.0473,3.0021,-3.9357,4.7718,21.589,8.8735,-2.296,22.098,29.152,17.614,39.51,51.858,22.437,10.674,18.761,-0.32578,-29.18,-37.626,-38.065,-43.432,-43.893,-33.764,-27.871,-26.317,-12.401,1.8743,4.8392,12.808,21.627,19.207,20.14,27.045,27.326,24.024,21.51,17.905,12.815,2.8868,-8.8926,-9.6983,-1.9735,-5.8871,-17.747,-12.075,-0.35315,-7.8154,-14.282,-6.7033,-6.5117,-10.801,-8.8223,-7.6317,-4.0552,-3.0496,-10.108,-5.1755,7.3344,7.6295,7.3166,9.468,9.5883,16.188,14.777,2.6402,4.232,7.7349,1.1785,1.8915,1.3622,-4.7633,-1.3407,-1.3427,-5.6899,0.097346,-3.0422,-11.418,0.69046,6.8497,-9.6952,-14.535,-5.7583,-6.4691,-4.9076,3.9993,0.33504,-5.7997,4.1028,6.5851,-4.1982,4.3882,14.937,-3.9526,-11.801,11.023,19.885,7.127,-5.2593,-9.7833,4.449,18.206,6.844,0.2327,3.4082,-13.071,-21.168,-2.3351,2.2381,-10.398,-10.436,-1.0884,5.8171,4.8465,-2.477,-3.5332,-2.1983,-4.5335,0.2281,5.425,2.5289,4.0943,7.7677,6.423,6.9923,3.2843,-5.0128,-2.0054,4.31,-0.068918,-6.6992,-7.709,-2.5821,1.3672,-3.185,-2.0385,6.2833,1.9572,-3.6778,0.73804,-1.8074,-1.1099,9.2148,0.83566,-10.381,3.0123,6.2207,-9.2031,-4.7081,8.2754,5.0707,3.2932,2.9489,-7.6287,-7.4729,2.6916,-5.0491,-11.723,5.8754,11.607,-4.8926,-3.821,7.2888,3.6158,4.6535,9.9102,3.3747,-1.314,-6.038,-12.958,-4.711,1.0468,-3.7818,3.2622,2.8671,-8.9337,-0.057347,7.4761,1.3111,7.6453,3.7892,-11.19,-0.24558,7.0471,-7.1417,-6.6219,2.2602,5.5558,6.4724,-5.354,-5.1007,16.448,11.802,-9.8993,-7.7796,2.5719,3.4013,-7.885,-21.646,-9.7072,8.0007,1.1288,-4.7571,-1.1034,3.9611,15.606,11.415,-1.7315,7.6576,9.4326,-4.0331,1.3063,4.6372,-2.702,1.6592,-2.179,-13.534,-11.043,-11.967,-12.088,1.2044,6.0356,2.7222,0.17721,-4.3634,1.2558,6.4333,1.4708,9.8507,16.012,0.099475,-5.3192,4.2887,7.0468,4.4141,-5.8646,-10.971,5.5414,14.544,1.8365,-10.462,-18.507,-19.758,-10.09,-2.2585,1.9967,3.0004,-3.2415,-4.8049,-2.6667,-4.4063,7.5294,30.35,31.722,12.801,2.8052,1.0521,-10.019,-12.995,3.2553,2.9674,-8.635,7.9583,17.246,-9.7654,-27.408,-29.857,-33.042,-14.242,7.7727,4.0152,0.02985,6.0161,13.008,20.686,17.894,13.57,14.286,-0.66722,-9.7835,5.3548,8.0545,0.6802,2.6318,-4.7383,-6.3814,4.9709,-7.3209,-19.064,-0.63246,2.7615,-9.9509,0.64814,6.6533,-10.241,-11.208,2.8956,1.6653,-3.0042,1.7792,-2.3451,-13.065,-9.2089,0.79792,2.6795,5.7109,10.758,7.5471,3.4584,9.5668,16.282,10.063,1.5937,4.7171,4.9214,-2.0431,4.8744,15.979,9.8432,1.2877,-0.22794,-6.1171,-15.27,-20.337,-21.305,-28.729,-41.757,-32.697,-11.993,-15.79,-14.164,12.311,20.231,18.125,31.527,30.333,23.968,38.81,43.517,33.189,29.068,17.283,1.9547,-4.6665,-22.256,-44.554,-46.355,-38.035,-35.483,-33.133,-23.673,-10.596,-1.5669,2.7988,3.15,2.6693,9.4295,16.461,17.407,19.365,15.368,8.8661,16.581,18.737,6.489,6.7257,11.389,6.1448,5.838,3.5741,-7.6589,-13.361,-12.417,-6.1742,-4.4623,-17.965,-20.312,-9.7595,-13.131,-8.8574,4.6617,-3.9116,-4.9586,12.384,6.1341,-6.1486,1.3289,4.8292,5.6853,9.0201,0.96945,-3.2295,6.266,14.334,14.295,5.007,0.92765,9.9642,4.5909,-10.438,-3.9793,4.0649,-3.3844,-3.9101,0.32243,-5.2022,-11.051,-9.1411,-3.3875,-2.9919,-9.843,-9.3539,1.5432,5.9419,-1.648,-8.5713,-5.48,0.75452,2.5582,3.9427,5.4758,10.216,21.264,17.245,-3.2778,-5.5489,5.2088,2.5903,-1.653,-1.1138,-1.4819,1.9354,-1.9383,-10.886,-5.2923,-2.8339,-10.053,0.14917,11.386,-2.0357,-15.011,-7.4752,6.5063,6.9699,-4.7713,-2.9525,7.3093,-1.1432,-5.9497,8.1285,6.3343,-7.3614,-4.0952,0.78514,-0.063134,9.007,16.283,7.3785,-5.6967,-7.8853,-0.23422,2.5299,-1.9277,-2.2658,-2.6963,-4.8915,1.7734,7.1626,3.5561,3.4139,-0.18028,-11.309,-9.3732,-1.8729,-6.7193,-5.8747,4.7176,3.3227,-3.9732,-0.16597,8.6175,8.8963,-2.6171,-10.044,0.16752,10.29,5.666,-2.6801,-6.3735,1.5844,17.177,12.311,-7.0339,-6.7387,-0.79181,-7.6001,-5.1289,3.3306,0.71575,1.4974,2.9001,-6.9744,-8.0436,-1.7945,-8.034,-7.8028,5.1333,4.1597,-0.96372,7.3622,9.3798,3.097,2.2486,-2.5283,-3.5858,9.4485,6.3304,-13.088,-9.6228,5.2832,5.0262,2.8817,-0.55412,-8.4771,-2.1637,8.1407,5.1029,3.2935,1.0055,-10.826,-13.646,-4.2501,0.36855,-1.2132,-0.79565,6.8157,10.745,0.39073,-1.0818,11.891,7.5212,-6.159,-5.9338,-7.2671,-8.5149,-0.56412,-2.7352,-3.0217,14.488,14.042,-6.6475,-7.353,3.3994,2.8641,-0.051736,-5.8756,-12.044,-0.64915,11.375,-2.6755,-15.974,3.0349,23.924,11.726,-5.9354,-0.93806,1.4563,-7.8087,-3.9991,0.54521,-11.652,-13.543,-1.0145,1.49,3.3482,9.9146,5.6725,3.328,9.1075,5.0619,0.58635,5.8372,6.7998,1.3048,-10.736,-21.894,-9.7432,5.9976,-0.36634,-2.9203,-0.15032,-9.6379,-5.8406,7.4734,1.5347,-1.2299,7.5809,5.6742,3.5486,5.8495,3.1484,4.2474,4.4846,3.341,8.4721,-3.6017,-19.921,0.23278,15.674,-7.6711,-18.517,-7.4735,-7.9123,-4.1199,8.813,4.7415,-3.8393,2.5076,6.6458,0.36865,-1.9253,0.42098,2.0089,8.2046,9.8437,-3.9516,-12.469,-6.0515,-0.56082,7.8852,14.915,2.7104,-5.1198,2.9723,-2.0106,-7.5699,3.1446,-0.12417,-10.281,-0.78635,1.8072,-8.8698,-3.1036,6.8612,2.6139,-1.0049,-2.2292,-4.3364,2.3164,6.5253,-2.0737,-6.5738,-4.9086,-1.7525,14.609,22.651,-0.079009,-11.7,2.2166,-2.0371,-13.639,-1.3089,9.1168,5.3247,3.988,4.2891,4.2814,-1.4531,-11.955,-8.1733,-4.2616,-12.34,-2.8431,10.188,-1.3677,-6.0652,3.2428,3.313,1.5709,-1.8258,-2.3973,9.5841,5.6262,-5.9657,7.919,12.135,-1.7827,2.9469,3.2275,-9.1433,-3.9009,0.42219,-2.3378,3.3276,-2.2209,-7.805,2.2137,-3.3049,-10.166,6.0868,8.9813,-3.0191,-2.1854,-2.1578,-4.5136,-1.5612,-7.9019,-13.778,-4.2352,7.5322,15.946,19.153,8.6371,-4.3368,-2.2569,9.1794,11.522,2.6622,-3.4328,-4.4298,-4.4647,-3.5244,-9.0969,-15.119,-7.4017,-0.23165,-0.43871,3.4844,1.5907,-3.914,1.7786,2.3493,-3.1808,1.5885,1.8733,-1.3961,7.0445,8.2032,0.60864,1.8151,-1.1372,-5.8174,5.2609,10.663,-2.5764,-7.4395,3.023,3.3012,-8.7977,-5.4714,7.9287,0.194,-10.165,3.053,11.114,0.62907,-6.8199,-8.1541,-2.4797,5.6563,-1.2248,-7.3686,-0.52889,-3.1271,-5.5369,7.8999,10.405,-0.029871,-1.2451,-1.4072,-1.4927,8.7827,8.7694,-10.207,-15.512,0.90032,6.0917,-2.3851,2.6677,11.273,4.8169,0.89228,4.9914,6.3453,10.231,8.3469,-5.9953,-13.631,-17.203,-21.976,-8.9195,6.7468,0.36376,-10.126,-11.209,-1.9966,18.039,24.792,8.7551,-6.7731,-10.673,-2.8801,4.6496,-3.1908,-4.8425,9.2421,12.241,7.8574,6.6965,-0.13808,0.96446,8.0376,-0.91128,-9.5547,-6.3921,-3.157,0.54581,-5.5739,-13.546,3.3721,10.158,-14.916,-18.805,1.4355,5.9859,5.7075,8.2205,1.3905,-6.4781,-8.3049,-0.49407,7.4779,-4.9511,-13.871,1.2618,9.0934,7.7828,12.705,5.2813,-2.1145,13.041,22.489,11.172,-1.3434,-1.9078,11.032,14.262,-6.1978,-19.094,-16.728,-21.24,-21.897,-14.595,-19.258,-25.139,-16.319,-4.3598,5.277,13.025,11.714,9.172,18.76,26.079,15.907,8.4764,15.079,13.918,7.3601,12.232,10.903,-0.97907,-1.0439,1.2081,-7.6374,-13.039,-16.519,-25.925,-26.6,-16.64,-13.295,-16.685,-12.361,-0.55592,5.4245,5.1389,6.5103,7.4256,6.8448,7.0948,9.2538,18.731,24.648,12.572,4.7337,13.248,12.77,1.288,-6.5045,-11.029,-7.1022,-1.8173,-10.331,-15.614,-7.0905,0.71241,4.0383,-2.0805,-14.287,-11.498,-3.1162,-4.8396,-5.137,-7.4338,-9.0453,6.4516,11.816,-4.7416,-1.9404,14.308,8.8759,3.5784,18.425,25.105,6.9029,-10.19,0.08273,13.975,-0.48625,-14.362,-1.5205,6.3469,-2.4148,-6.6408,-9.6108,-14.15,-9.5503,-3.7252,-4.2331,-5.4398,-6.5717,-4.089,3.1609,3.8871,-1.0253,-0.85501,0.53686,-0.77604,2.7382,12.35,16.739,7.8013,-0.74531,5.6606,8.0227,-3.446,-0.020676,12.341,-0.33841,-13.356,0.42486,5.8986,-8.5038,-10.721,-0.44285,0.25741,-11.251,-17.58,-5.6459,3.7296,-1.8873,1.8037,5.394,-8.1466,-2.4109,16.106,2.943,-7.1119,10.511,9.0386,-2.2246,8.2981,6.5974,-6.264,7.3512,17.296,-2.9348,-13.306,-1.523,1.3834,-4.7709,-4.613,-5.6292,-9.4842,-7.2414,-5.3413,-4.8668,3.3422,8.7585,6.241,7.645,3.989,-5.9666,-1.6858,1.9315,-9.1131,-5.9743,5.568,-3.8186,-8.9589,8.0291,14.802,3.8791,-1.1058,3.0815,6.1796,5.327,2.4505,-2.4584,-7.5145,-3.6838,4.4155,-0.88316,-10.379,-5.4793,0.43507,-1.8667,2.9182,9.0501,-0.3508,-10.202,-5.0683,1.7343,3.4203,3.6129,-4.8365,-14.814,-9.1533,0.18648,0.88298,4.7988,10.739,10.282,7.8804,2.205,-1.1837,7.2299,10.509,3.6341,4.7164,5.3817,-2.4757,-5.9515,-9.7387,-12.903,-4.9612,-3.8057,-9.8754,-1.9412,2.0117,-7.7767,-6.0234,1.7795,0.73615,0.57258,-1.1172,-5.0616,-0.59123,3.5654,4.501,10.925,12.301,7.4294,8.7564,6.2893,-4.1933,-4.4387,4.6647,5.351,-3.675,-10.774,-7.9051,2.8864,9.1214,4.8965,5.7357,14.248,0.22688,-30.646,-32.074,-16.667,-19.058,-8.8756,18.193,14.908,-0.40016,10.223,17.304,5.8748,1.5952,3.6516,1.0569,0.039457,1.1922,-2.7275,-10.519,-12.031,-7.6445,-3.7415,10.487,28.288,21.706,10.826,22.473,22.869,-0.2516,-12.886,-16.592,-25.811,-27.023,-19.387,-15.603,-15.22,-13.759,-11.157,-8.7766,-2.8953,5.1613,0.79622,-8.0526,1.2722,13.1,12.481,22.622,41.301,38.119,21.147,20.188,30.131,22.508,0.044003,-6.5823,-3.2804,-20.541,-44.505,-47.795,-42.073,-39.789,-31.829,-17.815,-7.6118,-1.9503,6.3878,17.231,20.946,15.258,10.043,13.818,22.799,24.67,17.965,13.816,15.447,16.369,9.6339,-1.6356,-2.3756,1.2983,-10.196,-19.923,-12.329,-11.033,-19.907,-19.621,-11.606,-3.0129,-2.2673,-10.591,-3.3384,15.31,8.8436,-12.81,-17.159,-7.3263,3.676,9.1516,5.4232,-0.069104,3.003,18.146,29.303,16.997,2.8832,10.21,16.24,8.5854,2.3389,-0.81051,-4.6898,-12.855,-23.43,-19.039,-5.0203,-2.1347,-4.6336,-9.1855,-15.433,-6.4364,5.7175,-2.8969,-15.878,-16.436,-9.6182,1.4831,12.09,19.949,24.043,20.741,19.46,17.764,1.6389,-7.2187,5.1902,8.7734,-1.4923,-3.1678,-0.88403,-7.2944,-17.478,-19.359,-10.267,-3.1456,-2.8797,-4.9766,-10.396,-6.7177,7.646,3.9498,-8.9525,1.7883,15.453,10.691,7.9983,7.0907,-2.6019,-3.7395,3.4431,-0.10424,-2.7316,6.7231,6.3461,-4.7477,-2.1438,3.379,-2.9264,-1.8478,1.7243,-8.9158,-11.185,-0.87353,1.5887,5.6672,8.5676,-2.4652,-3.3361,5.012,0.38586,2.5712,7.6082,-8.6836,-10.969,9.0913,1.7566,-19.382,-13.896,-2.2567,0.031855,2.4132,0.55014,3.796,16.783,13.615,1.6646,8.5664,12.123,-3.3942,-7.8434,0.74044,-0.29202,-2.7727,1.1278,0.38904,-5.1933,-8.6016,-5.3599,0.85763,-2.5674,-9.4211,-8.0902,-8.7716,-8.9496,-1.1527,-0.6071,0.97653,17.603,20.683,5.5731,1.5672,1.0895,-4.5091,4.2079,19.243,14.993,-4.0794,-13.434,-7.0519,-6.1395,-13.472,-9.5811,-3.7257,-4.9039,3.2289,11.45,8.5642,10.87,12.165,1.9105,-5.2525,-8.9865,-11.978,-8.8759,-12.371,-21.903,-19.978,-9.9189,4.1699,18.988,18.233,8.5127,10.016,17.328,16.36,8.4205,7.6823,13.361,5.7997,-2.4848,7.6147,5.2653,-16.051,-18.036,-10.98,-18.494,-16.253,-0.46271,0.8394,-11.364,-18.394,-16.777,-15.61,-19.618,-17.477,0.27571,21.495,26.095,15.26,14.034,28.198,35.192,33.052,34.513,32.888,22.256,5.3952,-15.354,-31.777,-41.474,-46.231,-43.033,-35.91,-24.554,-10.551,-8.1924,-4.8667,9.6816,8.7488,2.9891,14.995,16.774,13.031,23.117,15.028,2.9181,19.482,21.169,2.1104,4.981,8.7857,-2.3311,-4.7117,-4.4581,-5.9001,-4.3564,-9.7124,-10.829,-5.425,-11.554,-13.458,-5.7121,-11.12,-14.031,0.29928,4.6883,-5.4352,-6.8941,-0.53335,0.2112,2.5371,13.404,15.905,10.363,15.363,12.841,-3.9486,-0.627,10.594,1.4857,-1.9047,6.0035,5.0765,4.6573,1.0155,-12.163,-14.588,-9.649,-7.1471,-1.6582,-4.7591,-9.9797,-2.0024,-3.8979,-13.658,-4.711,3.7076,-0.65685,1.6051,6.9056,8.5089,10.605,9.3995,7.7905,4.4587,-3.407,0.44164,7.863,-3.6538,-9.6802,6.8634,12.09,-3.8443,-9.9738,0.30827,4.6933,-0.89427,-0.97116,1.1363,-6.0515,-10.549,-6.6983,-4.8066,2.708,11.238,-4.8103,-24.27,-11.637,7.2406,7.9369,8.9486,8.251,1.1465,10.399,20.121,1.7959,-11.98,-1.8104,0.99996,-4.6142,-3.5496,-6.7289,-11.604,-6.3028,5.8729,16.539,10.83,-3.0316,1.6824,4.7303,-11.327,-10.336,7.4618,8.3516,1.7022,-2.2793,-11.473,-15.349,-7.5284,3.2332,6.4678,0.50645,2.42,8.9409,2.5558,0.54173,2.7695,-8.1076,-3.6388,12.33,1.0197,-7.5577,3.4021,-2.8334,-8.224,5.9947,6.3305,-3.4358,-1.6507,4.3449,9.4883,4.5728,-5.6994,0.81045,7.6419,0.74278,-3.1475,-10.95,-17.502,-4.3334,0.30062,-7.3974,4.7436,14.119,2.1962,-3.7611,-5.6509,-8.8208,0.57546,5.0178,-1.0885,6.3454,13.323,2.966,-0.23732,7.2053,5.327,0.91745,1.0241,-2.1332,-2.1767,1.1527,-5.9471,-13.198,-8.2251,-5.7943,-8.195,-3.6156,3.0019,7.2775,8.8432,5.2186,6.1565,9.7736,0.76384,-9.1224,-4.8379,4.0288,6.4702,-3.4518,-14.588,-8.1309,-1.1945,-7.3552,-3.8215,8.6359,12.134,8.9129,-0.39764,-3.5067,10.131,10.916,-4.1387,-1.557,5.0899,-2.9947,-3.5733,0.86585,-5.7333,-5.7078,3.3282,-4.2127,-18.897,-9.9462,5.5384,-0.9511,-4.4329,8.7089,9.8714,5.3635,8.3864,-0.33035,-5.4301,6.2137,2.5545,-6.595,1.7654,2.0437,-4.5235,-1.2712,-2.5905,-1.703,5.0243,1.0306,2.0833,6.0492,-6.7048,-5.2408,10.503,-0.13515,-11.887,-0.27019,5.0816,4.67,5.463,-8.2478,-15.982,-2.1334,4.6981,-1.0028,-0.6393,1.7417,-0.53731,-0.60376,2.0953,2.1088,2.5858,7.2581,8.322,2.1075,-4.4445,-9.6568,-9.693,2.3517,12.477,3.8883,-9.3147,-6.4193,4.8388,6.152,0.37781,-0.81633,0.93505,2.2101,2.3336,0.085886,2.3548,5.2707,-4.38,-12.007,-7.1405,-7.6124,-7.7154,2.7312,3.7588,-3.1552,-3.8726,-6.2462,-2.9986,8.0819,4.4909,0.7545,16.359,19.782,4.0493,2.4046,8.1184,0.51262,-2.4703,3.8872,-4.4681,-16.363,-5.8817,3.7952,-8.0148,-16.073,-11.51,-7.291,-1.9582,-0.58783,-1.3393,9.1837,11.931,0.64503,5.7666,13.889,-1.8232,-11.485,2.9705,11.892,0.97708,-8.6126,0.070572,10.83,8.9908,4.8803,-6.0508,-19.351,-6.4315,7.3379,-7.0743,-6.9876,11.906,5.6363,-11.04,-11.746,-2.2805,11.3,12.488,4.4776,6.6529,0.51485,-11.154,-3.289,-1.2543,-7.8628,2.6102,1.6233,-12.475,-1.1433,12.088,3.7366,-2.9299,-4.246,-2.0824,3.7711,0.59103,-1.6642,0.13151,-7.7271,-2.9332,17.99,16.747,-0.44682,-5.8333,-1.9936,8.4754,11.98,-6.0319,-14.811,2.4946,9.9388,-3.454,-8.4706,1.0345,4.3007,-6.7171,-16.734,-12.875,-7.9365,-13.103,-10.169,4.4687,3.4546,-6.1376,4.9252,19.422,18.163,16.899,14.015,4.974,3.9024,3.2191,-2.3647,-0.54491,0.078149,-1.402,4.5033,2.2504,-4.7976,-1.0734,-1.8286,-5.1453,-1.4856,-9.3828,-21.53,-21.042,-18.518,-11.308,-3.4717,-9.1383,-7.8255,3.9851,6.1457,8.6242,11.605,10.571,22.633,30.083,19.679,19.62,21.056,10.282,8.9681,4.9318,-10.971,-11.653,-6.3305,-13.889,-23.264,-30.53,-29.662,-19.849,-18.935,-19.337,-10.543,-6.2593,0.57529,18.234,26.61,18.599,9.9566,13.327,19.844,14.794,12.431,15.177,-0.26006,-12.236,1.0342,7.166,1.4379,1.0317,-3.437,-1.8107,5.4296,-11.005,-27.09,-13.14,-2.7913,-12.952,-19.342,-11.762,-0.56602,1.3979,0.99611,7.7209,7.9478,6.4087,13.996,9.4174,-0.55604,7.1727,8.5906,-3.2603,-4.8326,-4.295,-2.0365,13.491,17.419,2.2765,-3.0549,3.1061,2.5515,-6.5528,-13.454,-8.7191,-0.075411,-0.17095,-4.3862,-4.8956,-2.5473,-2.2821,-5.8304,-5.1494,-0.44784,-1.5601,-2.7452,-0.21932,-1.9555,-0.5708,8.9202,14.154,11.679,2.482,-9.6593,-7.3107,8.2718,13.954,5.9284,-3.0575,-5.1421,-1.3191,0.286,-0.49898,-1.0861,-7.2331,-8.3546,7.4313,16.043,2.1894,-10.215,-9.2705,-5.4809,-0.80834,4.3317,2.1936,-9.6534,-16.891,-3.0144,11.228,-3.3921,-18.716,-5.2311,10.973,19.42,26.655,10.361,-11.779,-0.34999,10.52,-3.4725,-4.9663,5.0838,5.0808,3.3843,-2.6725,-8.2159,-6.2062,-15.933,-15.898,9.2277,5.4982,-13.574,3.7925,9.0689,-9.3097,3.7216,12.283,-7.8276,-3.0883,11.542,2.8074,-2.2183,0.16648,2.3978,5.2816,-7.5599,-13.593,6.1952,9.7612,-2.0134,4.3459,5.8668,-7.1729,-6.1438,7.6309,10.269,-6.6747,-16.557,-0.23428,5.1034,-8.5847,-3.9236,3.0431,0.57215,11.66,8.3136,-10.459,1.3625,12.183,-3.8036,-3.441,4.4294,-0.43178,5.5494,6.0473,-11.933,-17.599,-12.015,-8.2377,-4.4891,-5.7318,1.6071,15.692,7.0593,-2.8831,13.258,24.947,15.33,-0.22183,-8.7403,-2.0244,4.3773,-0.89535,-2.9654,-10.087,-23.581,-12.539,7.7022,1.9644,-10.239,-6.9179,2.2549,6.1483,2.1399,2.392,10.473,8.2649,0.59288,3.1385,3.9139,-2.484,-4.8808,-4.1773,-3.9525,-2.0383,1.8021,3.8163,-0.69925,-4.0232,1.8381,5.3441,1.7435,1.3302,2.5854,-1.0009,-5.4597,-2.9216,5.1884,3.8761,-6.8223,-6.3199,3.1737,3.8399,-0.1964,0.45741,0.54466,-6.4479,-11.084,-0.63181,8.6112,2.1295,-0.73689,-0.44191,-8.9887,-4.1714,9.7374,5.1761,0.53991,5.6557,0.88517,-4.836,-3.24,1.7978,14.539,15.229,-2.5495,-8.5,-5.8914,-5.3128,5.2027,3.5674,-15.746,-11.756,6.0878,3.7632,-2.0657,-0.54854,-5.876,-9.9647,-0.68038,10.082,8.9536,2.1687,-0.80853,-1.2154,2.2379,5.3703,-0.88007,-4.5375,-1.9925,-5.0731,0.22076,11.368,3.6435,-3.629,0.25814,-3.7272,2.4294,13.783,-1.9072,-10.422,4.9761,2.1095,-6.6979,2.6488,4.5076,-3.3916,-7.3009,-8.8381,-4.3333,-2.4953,-6.085,0.56054,7.551,6.5633,5.4446,-5.1431,-14.869,-4.8897,6.4512,11.406,11.673,-3.8678,-13.416,-2.1524,6.8433,15.132,21.002,5.4697,-6.306,0.51072,-0.6932,-4.3189,1.3458,-1.941,-12.271,-12.004,-1.3322,4.3836,-5.2832,-10.9,-1.7449,-3.6271,-12.389,-3.9898,1.3859,-7.1551,-2.8551,13.066,15.749,6.4934,3.3431,7.5505,8.4169,9.1402,9.973,0.55984,-4.4558,4.12,3.9271,0.28067,6.2578,2.0606,-5.3524,-2.7841,-14.105,-27.404,-15.655,-4.8347,-5.4345,-1.0971,-1.7787,-2.8292,7.8937,8.821,-1.0365,-1.376,-0.40883,-2.5434,0.3721,0.95413,1.0011,10.688,20.106,18.337,8.6939,0.8458,4.119,10.526,7.1707,2.9483,1.9135,-6.471,-12.936,-9.8223,-12.09,-14.431,-7.6642,-15.196,-33.329,-27.788,-9.0956,0.53016,9.6147,12.852,8.843,17.425,24.485,13.435,7.8637,12.074,11.368,12.043,10.095,-2.6917,-8.2392,4.8451,20.19,11.523,-21.505,-36.813,-19.337,-7.0589,-7.5148,-2.5544,-4.3615,-13.191,-10.414,-3.8385,-2.6499,-0.49643,3.5053,8.4995,9.9979,6.5125,8.6008,9.9012,3.0845,8.8626,21.212,10.19,-4.5014,1.7938,2.8641,-9.6339,-9.9889,-0.76989,3.375,4.3854,-4.419,-21.33,-21.053,-4.8461,2.236,2.2528,3.6239,-2.0737,-8.7241,-3.0037,6.1913,7.0356,5.2224,8.3213,9.4109,1.7481,-4.0121,-2.6576,-0.99716,5.9216,10.501,-5.7033,-17.64,-3.2465,6.2941,1.0925,1.9678,4.7732,6.9159,8.9027,-0.50096,-6.4482,-2.7108,-10.382,-10.546,8.0701,6.0091,-9.093,-4.1049,-0.0020925,-1.9324,6.2008,1.8703,-12.367,-5.3755,4.5339,-0.0023872,3.4807,10.714,3.6549,-2.026,2.3598,2.5959,0.55633,4.2383,4.4037,-1.8769,-4.1158,-2.0722,-1.7937,-3.131,-4.7152,-3.0167,2.1098,3.3931,1.7664,-0.1782,-4.4779,-1.2896,7.1522,1.2551,-6.4167,1.4094,5.4053,1.7066,2.2973,-2.8105,-8.8883,-5.664,-9.5402,-15.819,-6.6951,6.4407,17.331,21.977,8.4371,-0.20959,9.4718,7.2241,-3.6493,-2.5386,-5.3451,-9.7594,-4.3898,-8.9509,-14.305,0.75522,7.9856,-1.8518,2.4628,13.249,6.7307,-1.4921,2.0453,2.5212,-7.7206,-16.928,-14.762,-4.0489,5.9041,10.368,10.898,7.0059,-1.2446,-3.1644,2.2586,-0.72973,-4.308,4.8029,3.5509,-9.6593,-5.0323,5.5156,6.7782,12.472,7.4245,-7.6656,0.53325,6.8242,-10.84,-11.425,0.62488,-3.6544,-5.2185,-7.8545,-16.45,-0.74375,13.14,-3.6436,-4.8545,14.078,12.048,3.5963,5.5082,2.8868,-1.4606,-1.3903,1.89,5.0715,-4.2742,-15.027,-5.676,8.496,10.624,6.176,-0.6424,-3.8893,-4.9754,-9.7172,-6.3294,2.3733,-0.11928,-2.4436,2.5121,4.8538,9.0026,8.9947,-4.9095,-14.635,-13.643,-9.3756,0.89624,1.7452,-6.7127,10.26,31.007,11.053,-9.5258,3.9309,8.8596,-4.3146,-3.4314,-0.91274,-13.079,-20.601,-14.167,4.9788,26.997,21.316,-3.3547,-3.9091,5.0693,-5.8812,-11.145,-3.5776,-5.6638,-6.199,-2.5599,-9.1771,-5.1587,9.9415,3.1389,-6.8549,7.0703,17.211,11.803,7.1377,-1.075,-8.003,-0.88134,3.82,-3.295,-8.606,-6.6793,2.9582,9.453,-3.2696,-12.625,1.1401,6.2125,-5.4934,-2.6752,6.642,2.7917,0.17497,1.1456,-3.1815,-3.2601,1.4441,1.8115,-0.32785,-2.4294,-0.12362,5.3508,-0.51109,-8.9033,1.0647,11.302,2.6595,-6.7744,-8.732,-9.1736,1.439,14.244,5.76,-5.044,3.8435,5.77,-8.5966,-9.1637,3.9645,8.9045,4.656,-1.7872,-0.91458,3.9088,-4.0119,-5.4171,12.831,10.619,-11.617,-13.997,-8.3611,-6.7218,0.0037533,-3.4049,-6.8038,4.2862,4.9994,6.2363,16.619,1.8988,-8.6947,9.8561,2.9534,-15.75,-1.9956,2.358,-6.6386,5.3858,8.7909,-0.03513,4.8419,1.4133,-7.4859,2.8268,9.178,-1.5877,-8.6823,-4.1964,2.5908,0.13905,-2.6875,4.5804,3.2054,-5.2233,-1.2758,0.26966,-5.9463,-6.1051,-4.886,-0.0060351,2.5933,-11.871,-14.425,3.0531,2.7047,-1.8949,12.155,15.103,3.4305,1.9608,9.1036,13.664,8.1519,2.2223,11.349,14.886,-0.0030991,-10.031,-10.796,-8.8676,-4.1804,-6.7715,-10.143,-7.6172,-15.22,-21.886,-13.655,-11.688,-14.748,-7.0692,2.2583,10.316,14.146,8.0294,8.8135,16.628,17.484,22.742,28.631,24.093,27.517,30.147,8.9538,-10.482,-14.432,-26.496,-40.979,-40.634,-35.353,-30.896,-21.848,-11.842,-6.0581,-0.75756,8.6997,16.737,17.648,17.867,19.156,15.126,11.332,15.053,18.058,11.577,1.6914,-0.3678,0.22666,-7.2666,-7.9963,6.1316,6.3643,-10.397,-14.732,-13.262,-15.259,-3.5096,2.323,-12.858,-9.2519,6.7121,-6.4478,-14.314,8.7568,14.972,0.54869,0.81217,4.255,2.4409,6.8004,3.4356,-8.1509,-6.1553,5.2313,13.295,15.652,7.4271,-3.3111,-3.3444,0.78298,2.2363,2.7723,-2.319,-10.888,-8.2007,4.4813,5.9079,-8.0781,-14.831,-4.8605,4.802,3.7358,-1.2234,-2.7284,-1.4879,-4.042,-7.5971,-2.1094,4.2116,0.077948,-3.6039,0.1537,5.4793,12.244,12.181,-2.5374,-9.3842,6.0338,17.859,12.723,8.3675,3.2997,-14.064,-21.215,-5.027,0.97543,-10.338,-3.5581,10.15,-2.4378,-13.515,0.2309,8.3899,4.3764,3.6094,-3.9465,-11.802,-2.8778,4.7669,1.5308,1.4254,2.5865,2.8904,3.301,-3.2948,-4.901,2.8074,-1.9612,-6.8958,7.7591,13.374,0.7504,-0.42068,10.723,16.097,8.2049,-11.067,-18.659,-4.0878,3.6856,-6.546,-11.365,-4.7239,-1.4826,-2.7774,0.42098,1.8019,-5.9929,-11.208,-10.815,-6.5014,15.044,32.092,12.795,-5.302,3.6576,3.2677,-2.8735,6.3256,3.6277,-9.0379,-1.4951,8.7643,1.0414,-6.6224,-0.80275,3.2014,-8.922,-17.645,-10.11,-9.3788,-8.5694,10.623,14.488,-1.6109,1.2643,8.5041,-0.95159,-3.1049,4.1432,6.8588,7.0972,1.6591,-3.4414,2.3171,6.4026,1.4817,-2.6886,-1.1036,1.6694,-5.1111,-17.097,-16.212,-5.678,2.2327,6.2694,5.3516,4.5196,4.5599,-2.0064,-2.2511,8.8038,8.7045,-0.18505,0.75418,5.4251,4.2995,-2.4602,-10.325,-12.319,-9.4427,-1.6015,8.2388,7.2638,3.4161,5.5219,0.42247,-2.7635,1.8256,-7.2122,-12.311,3.4948,4.6333,-7.732,-3.3679,2.0277,0.94583,6.1208,5.5452,-0.26161,0.45956,-0.92329,0.21346,10.658,10.86,-1.9443,-7.031,-1.3151,2.9699,-0.80037,-8.0492,-9.2788,-5.108,-4.3781,-7.147,-5.7655,-0.88272,1.5211,4.8537,11.671,14.762,11.816,5.6343,0.64825,1.279,-2.8003,-13.237,-9.6704,0.10277,-3.3281,-4.521,-0.87076,-4.23,0.23078,7.0888,-1.2592,-4.1444,0.83353,-4.4279,-1.0238,13.48,11.261,1.6166,2.242,2.7608,-0.32941,-1.7981,-1.7304,-1.5536,-3.5648,-2.9752,0.18434,-5.6868,-11.938,-5.1883,0.11486,-1.1974,3.568,8.3364,5.8105,2.8188,-0.76086,-2.5435,4.078,8.8069,3.4949,-3.7872,-8.6166,-6.8654,1.6914,1.1984,-4.7806,2.4336,6.9993,-1.9943,-2.2803,2.397,0.16094,3.8781,2.8428,-9.0484,-3.9921,8.7177,5.0927,-1.4479,-6.7054,-6.0649,9.8388,9.5304,-10.147,-9.861,-0.57854,1.1749,3.7761,-9.011,-18.287,4.6546,14.973,1.6782,1.1381,-4.285,-9.1287,14.687,22.192,-0.54622,-4.5196,6.0975,7.5861,0.87923,-12.787,-10.748,7.471,6.7916,-2.2914,-6.5977,-21.539,-17.918,13.411,19.963,1.7343,-7.9528,-16.491,-15.9,6.9004,18.012,1.576,-10.477,-2.1248,11.16,14.203,4.7216,-6.2024,-2.8017,11.153,14.004,3.781,-3.5285,-6.5811,-7.9333,-4.0007,2.0058,7.166,5.689,-6.0192,-9.3853,-2.3554,-6.0383,-8.2446,0.37347,-4.5034,-14.116,-7.8214,-1.6486,2.4252,10.979,8.1655,-0.14849,1.3556,3.0472,3.245,6.9895,8.9689,9.6326,9.0277,5.8808,2.3806,-2.7539,-0.011689,9.4018,0.81175,-12.938,-8.0877,-7.0477,-10.204,-2.2636,-10.748,-26.762,-13.233,0.50125,-6.9229,-6.4184,3.7274,13.777,21.248,13.99,9.3715,19.544,15.457,2.6944,3.1834,-0.88071,-7.3717,-1.2823,-0.70632,-8.2944,-12.223,-16.745,-14.018,-1.0131,6.5435,8.6618,6.3928,-2.9486,-4.6456,2.397,3.1019,-3.1226,-9.783,-4.7892,10.864,7.7272,-9.0032,-3.9115,6.9749,-1.0314,-4.8973,4.6337,9.1268,6.7346,3.339,0.69244,0.036907,-2.4198,-4.8981,-1.5308,2.6744,1.9943,-1.9338,-5.2554,-3.3366,0.068641,-1.9246,-0.022486,10.206,8.951,-5.4559,-6.8935,0.49309,-6.5668,-13.818,-6.5117,-0.75552,3.303,9.724,4.1446,-1.2635,6.0907,3.0265,-4.7924,4.3165,7.819,-1.8551,-2.2148,0.50687,1.6708,8.1339,2.875,-9.7053,-4.1925,3.5493,-3.1849,-5.7145,-0.27387,0.80533,-2.7989,-8.0268,-6.6528,5.2812,10.673,2.6145,-3.2998,-3.6958,-4.348,-0.87409,5.5396,9.0576,11.233,6.2215,-7.6852,-10.319,0.5223,2.5075,-2.1249,-1.4555,-3.5955,-7.6682,-6.8557,-7.561,-7.0765,0.53616,9.5627,17.542,17.236,4.1329,-2.1482,4.5172,6.2456,1.9061,-3.4177,-9.7559,-7.9365,-2.5235,-6.5249,-9.1106,-3.1572,-1.9525,-5.874,-1.9788,6.9545,3.8986,-7.6088,-2.6311,12.323,8.1429,-5.4703,-5.037,3.0029,7.0958,4.731,2.4527,9.7294,11.265,-1.8403,-2.5901,10.145,7.7504,-6.11,-15.298,-19.313,-16.618,-10.967,-5.9581,2.6218,6.7845,3.0759,2.9728,2.9096,-0.0095263,5.7624,12.738,9.2631,5.4094,2.2262,-8.3239,-13.851,-3.6826,7.1395,4.7183,-2.5025,-3.4502,-1.1371,0.46024,3.0652,3.4222,-1.3433,-3.6361,1.6953,5.5471,-0.56244,-7.8405,-6.0763,-1.7154,0.55243,3.7483,1.2005,-4.8152,0.53081,5.4558,-4.1981,-6.9058,2.9777,2.4641,-1.4915,6.4725,9.882,2.7729,0.72548,2.913,0.82017,-3.7315,-7.1548,-7.3135,-7.0252,-7.806,-1.7009,6.4619,3.7111,0.38258,4.2571,2.3898,-2.235,0.44516,2.9815,3.7932,4.583,0.48232,-0.086369,5.2548,3.2005,-0.47927,1.4889,-1.5353,-5.208,-2.6657,-5.1731,-12.343,-15.052,-12.6,-4.0486,3.7522,5.6368,10.213,10.815,0.80444,-0.42805,7.5907,7.2713,5.4917,6.3485,3.0076,5.2587,12.665,9.662,-2.6098,-18.229,-27.884,-14.509,4.9856,-0.76605,-10.236,5.0814,14.028,-5.2469,-15.06,-1.2031,3.3705,-2.1094,1.7816,3.1412,0.47426,6.588,6.9493,0.75889,6.7872,10.065,1.8928,2.866,4.851,-3.6066,-3.7434,-0.14535,-8.6323,-10.964,1.0285,6.2343,-0.80517,-7.9869,-9.217,-2.4292,8.9714,10.447,-1.2056,-5.4231,1.2884,-0.84373,-5.4099,-2.2407,-5.4117,-2.3743,13.456,3.3376,-15.138,5.3087,18.197,-6.2112,-9.4667,7.3496,2.0347,-2.9327,4.0084,3.2867,2.9705,1.067,-7.4819,-1.0396,10.962,4.1355,-5.9951,-5.9208,-2.041,2.7154,3.1261,-0.39467,-4.8825,-10.12,-1.0257,14.367,2.0521,-18.12,-10.971,-0.5505,-1.6387,2.833,4.2145,-2.3452,-2.2944,-1.4131,-4.0208,0.95446,10.151,13.922,10.307,1.8443,-1.9012,2.7765,9.0065,12.916,11.768,4.5516,-4.2125,-9.3971,-5.6744,-1.9517,-13.731,-20.838,-4.3369,1.8473,-14.423,-14.55,-3.5028,-14.539,-24.567,-7.5887,10.046,11.697,11.907,15.977,21.46,23.655,16.071,13.947,24.639,17.663,-6.5709,-9.6415,-1.0338,-5.9726,-6.6146,-1.3132,-7.9179,-14.878,-16.304,-18.243,-14.58,-16.035,-26.538,-20.199,-1.3802,7.7478,12.381,10.757,2.6774,4.4663,4.7588,-1.9499,10.64,29.891,25.953,16.831,19.304,21.239,17.605,9.1068,-2.6077,-12.703,-21.309,-24.757,-22.439,-23.851,-24.035,-15.878,-11.848,-13.619,-8.7013,-0.19576,3.1955,3.9628,7.5574,13.4,16.517,17.551,17.979,12.303,3.5344,-0.56451,-1.7691,2.6439,9.4885,2.1188,-6.952,4.3595,12.631,0.67142,-4.8459,1.0577,-3.023,-12.359,-15.638,-19.127,-21.795,-15.218,-4.1048,2.5347,8.213,15.28,10.096,-4.5087,-1.2373,10.85,1.4548,-6.8311,7.4842,10.671,-3.4945,-4.6924,2.7285,6.7097,8.9526,4.001,3.2773,10.472,1.2327,-10.365,-1.896,-0.61822,-8.4428,-2.4754,-1.0779,-7.6428,-1.8766,0.33329,-8.3566,-5.9057,3.4019,-1.3027,-13.179,-5.4672,10.998,-2.3868,-15.74,9.0832,20.179,7.1327,13.877,7.0127,-11.01,8.8587,8.0985,-23.558,-6.9875,9.7602,-9.2881,8.0572,24.978,-0.32727,-1.9323,1.2171,-18.845,-8.341,4.2108,-6.9219,6.0462,9.7775,-15.133,-11.036,-0.60625,-11.106,-5.2146,3.086,-1.9675,0.77429,3.1814,6.385,9.0714,-3.123,2.887,19.534,2.1441,-2.6042,19.514,6.5503,-8.8484,7.772,1.4037,-16.754,-5.1803,1.1289,-11.905,-13.983,-2.6974,1.5394,-8.0413,-5.4101,12.771,5.1725,-11.869,1.1338,8.6004,-2.3956,-0.10909,3.1622,2.993,6.4514,-6.319,-10.486,10.19,8.817,-3.3266,4.943,3.4909,3.4767,16.693,-0.77806,-15.64,10.888,11.546,-16.062,-8.8571,1.7568,-12.477,-15.466,-11.455,-10.64,3.9631,14.16,4.8605,-3.4506,-4.0148,0.82983,11.082,14.442,9.1353,5.1132,-1.0965,-9.9706,-7.3753,5.1294,5.4405,-4.9315,-1.7782,6.827,2.342,-0.18247,-0.52606,-11.432,-8.6782,8.7574,5.1016,-8.7108,-6.0746,2.4573,6.4479,1.0594,-9.2651,-7.9834,-7.7633,-10.016,12.251,25.275,-2.4241,-13.116,11.225,16.889,0.78851,-6.2982,-0.33013,4.9953,-5.2712,-11.501,3.4727,3.4415,-10.291,2.1119,11.284,-8.1004,-16.487,-7.9119,-2.8069,4.571,8.5925,4.6613,8.4894,17.814,16.595,1.327,-12.553,-10.109,-7.2252,-10.795,-4.119,-4.4114,-14.777,0.91777,16.752,-0.88881,-6.9384,7.218,4.6399,0.99081,4.3566,-3.1698,-4.9661,2.4779,4.8024,10.857,12.945,3.7364,1.4551,-1.6413,-10.603,-7.5949,-7.8025,-14.455,-2.1552,5.8383,-6.1801,-2.6687,11.29,12.351,11.92,1.5227,-16.777,-8.6239,5.8015,-2.2643,-4.0093,-2.6953,-18.356,-14.406,11.14,14.584,8.7002,11.342,1.1745,-6.6346,8.2743,16.189,6.5314,1.8405,0.02904,-8.9452,-12.779,0.38208,17.394,13.231,-8.4015,-20.76,-18.949,-10.424,0.73639,-0.35352,-12.64,-15.478,-9.7648,-0.46765,11.958,9.6167,1.6486,14.959,26.2,18.265,14.302,5.7451,-12.153,-10.127,-3.3986,-8.8455,0.80859,6.6578,-11.8,-7.8616,12.197,0.64921,-11.956,-2.9661,-2.3259,-1.6376,3.6125,-6.3636,-5.5218,11.037,5.7064,-3.3957,1.3258,-9.1455,-14.486,5.7588,4.379,-16.904,-11.646,-1.9631,-8.7028,1.1789,21.622,23.154,20.367,19.876,8.1452,2.4063,11.072,8.8963,-1.7992,-2.0386,-4.2821,-14.152,-15.252,-11.382,-13.405,-14.778,-11.178,-7.7345,-11.13,-16.957,-9.6454,2.1284,-0.59857,-3.0476,1.7456,-1.874,0.9305,19.41,27.214,25.266,28.339,24.866,18.409,20.717,19.756,11.653,0.78171,-16.902,-33.285,-39.776,-39.669,-30.024,-15.669,-11.895,-12.245,-4.1388,-1.0362,-8.9863,-2.4514,15.797,8.0448,-5.7751,15.618,31.775,18.373,24.009,34.388,10.998,0.083763,12.404,-0.030502,-16.719,-11.303,-14.46,-22.802,-11.717,1.0702,0.812,1.1387,4.5829,-5.0562,-22.364,-17.785,1.5397,4.2231,-1.6445,-3.3346,-5.1254,4.5014,15.66,5.2592,-4.2909,2.7302,6.9231,5.0513,2.4561,4.0406,11.83,6.8541,-1.4591,11.502,13.351,-7.7424,-10.074,-3.0989,-9.9429,-6.552,2.8876,-0.8701,-0.06285,5.1346,-3.0488,-11.936,-11.256,-14.06,-17.818,-4.4416,12.345,3.6385,-8.5822,6.1205,18.776,10.661,8.4114,12.639,7.3603,1.0187,-1.9354,-7.376,-10.727,-2.1594,10.595,4.4668,-8.042,2.1435,8.6826,-7.1224,-9.3004,1.0198,-1.7806,-4.1169,-2.5291,-4.2194,-2.6297,-7.4689,-11.47,4.6553,13.704,4.6518,7.312,11.88,-2.9124,-14.919,-4.2483,10.204,1.0654,-13.444,-3.2139,2.7992,-6.6959,5.5374,14.819,-4.0495,-1.2796,18.11,9.1343,-3.2452,-1.595,-1.2269,3.4426,1.612,-12.266,-11.639,0.36519,5.1047,-1.9054,-18.945,-15.193,10.711,8.7877,-7.5509,0.19625,4.586,-0.43971,3.9503,0.24335,-2.5967,7.9944,1.9471,-7.379,7.215,13.169,4.2457,5.7406,1.5114,-9.3217,-0.83813,8.9302,0.08133,-4.7355,0.95525,-2.5301,-10.285,-7.0459,-6.1726,-14.498,-5.9022,15.945,10.699,-11.755,-8.9364,7.0516,4.659,-5.8298,-6.0005,2.6374,13.729,19.347,10.624,-8.3832,-14.602,2.5671,13.853,2.76,-1.7807,5.2465,-0.60256,-10.444,-12.963,-12.408,3.6943,13.248,-16.22,-28.914,7.0921,19.87,2.6308,12.268,22.171,8.1297,5.3729,3.4684,-14.879,-22.706,-19.722,-15.551,-6.1572,-6.7897,-7.7004,9.8618,15.78,9.3972,20.922,24.987,10.266,7.0322,4.3598,-5.725,-4.6276,-8.7831,-20.763,-16.746,-10.054,-6.1539,4.9481,3.0984,-4.9007,2.3832,4.8646,4.4012,10.258,-1.4504,-8.7429,6.0801,-1.3673,-12.986,6.0215,6.1141,-7.8588,7.9286,8.2709,-11.339,2.0924,15.394,4.7208,5.8379,3.5542,-7.889,1.0828,4.3877,-9.4751,-7.2488,-2.5483,-9.3442,-7.2084,-4.5062,-7.3422,-1.4167,3.9038,4.4515,9.9706,12.309,7.8943,1.0736,-8.3782,-8.8264,2.5641,8.7832,5.0622,-4.6785,-15.485,-13.682,-0.059643,8.1611,6.2767,2.9087,6.6135,13.949,10.545,-2.9794,-11.115,-8.6091,-1.1735,1.9905,-2.4951,-4.3255,-0.41583,-0.28793,-1.8072,-0.02271,-0.92006,-3.0374,-2.0078,-3.9531,-5.3543,2.6586,7.7143,0.91198,-2.7177,0.53139,1.9227,6.5439,11.443,6.4135,1.9064,0.72413,-6.4658,-8.2906,-1.9299,0.47215,4.0454,1.2076,-14.814,-10.913,11.396,10.984,-0.48033,-1.7154,-5.9655,-4.4181,6.4893,6.5166,2.9899,-2.759,-18.071,-13.744,6.8976,5.4304,-3.0283,-0.49362,-0.19479,8.4839,16.978,0.44545,-8.3736,7.5546,10.974,3.5757,3.1145,-6.6303,-16.457,-3.1813,11.07,0.17535,-16.274,-8.7397,8.7432,7.5596,0.69731,-0.95423,-13.816,-18.691,1.1002,9.1205,2.2079,7.8011,6.9075,-6.9003,-3.9964,11.693,19.467,13.694,-1.1729,-6.7509,-6.27,-14.063,-8.1059,8.397,2.0624,-5.4819,2.4173,-5.4658,-16.009,-1.5115,10.695,3.5979,-5.3228,-5.1232,4.3714,10.98,9.6505,10.965,4.922,-12.444,-13.731,-0.036134,2.9286,-1.8349,-3.4791,-2.3857,1.3363,2.8441,-0.5814,-4.3968,-5.6693,-2.131,2.9337,4.4705,6.053,5.7166,-0.034119,-0.61188,7.3039,11.702,6.032,-5.9131,-15.962,-18.893,-12.149,3.8837,12.996,6.8914,4.7387,6.3234,-4.5718,-10.98,-1.2029,3.3486,-3.5453,-8.485,-4.3082,5.5627,7.1378,-0.77678,-3.4715,-0.35247,4.7176,10.431,6.1179,-2.556,1.4351,8.1457,1.8244,-8.3917,-6.9327,0.43558,-3.1986,-5.8888,7.9051,10.887,-5.4519,-8.6936,-3.9832,-8.7319,-5.086,3.5515,-0.32111,-3.2411,2.6002,6.2317,2.3157,-4.4811,-2.112,3.7265,-1.1296,-2.274,5.7699,7.1685,5.8915,1.6542,-5.9491,4.9687,17.6,4.8018,-3.1534,1.1784,-7.2753,-8.3111,2.2509,-6.5995,-16.221,-2.6896,5.5321,-6.7551,-14.786,-3.3567,7.044,-1.8539,-5.9729,7.3082,7.895,-2.4173,2.1052,6.5988,0.99441,2.555,7.7265,7.4276,6.5763,4.2378,0.54286,-0.89778,1.1887,7.7987,5.8556,-9.4709,-13.053,-3.2546,-2.4208,-1.9192,1.9918,-6.3453,-9.0848,1.03,-5.5672,-14.467,-1.2628,0.62126,-11.709,-1.3812,8.6086,-6.9268,-11.501,8.0927,26.591,30.621,13.812,-6.5974,-5.0214,1.0243,2.9343,17.409,16.678,-13.782,-24.304,-4.0109,8.0621,6.7385,2.8896,-5.7192,-14.592,-17.167,-10.605,1.9138,6.5978,-1.1749,-11.752,-16.781,-13.874,-8.4155,-4.4424,-0.9722,1.1809,9.1111,20.278,15.77,9.7541,19.228,18.621,13.445,25.945,20.86,-7.1969,-13.9,-9.3789,-15.801,-18.902,-18.242,-10.381,6.5015,10.888,12.265,16.288,-4.4927,-25.593,-21.713,-26.844,-33.912,-22.167,-21.181,-23.078,-6.7984,3.0467,12.596,34.062,41.318,43.078,52.482,46.963,39.111,45.095,37.277,11.639,-12.836,-37.872,-60.162,-66.232,-55.991,-43.225,-39.68,-37.687,-26.43,-8.5411,11.011,22.064,23.36,28.42,28.274,18.446,22.985,32.666,25.115,14.389,6.2805,1.5545,5.3301,-7.0168,-28.717,-19.398,-0.88581,-1.4439,0.49392,5.4363,3.6626,1.2351,-6.2454,-9.3804,-4.8176,-10.25,-7.8583,5.9943,-3.8256,-17.433,-11.007,-14.838,-20.215,-5.4812,2.6096,2.8608,13.02,19.763,20.905,24.222,23.601,21.454,19.755,8.8602,-11.216,-22.233,-13.526,-8.7733,-15.853,-5.8165,4.043,-10.207,-8.62,2.7613,-11.723,-8.2617,16.88,11.167,5.2359,17.472,3.8464,-14.663,-11.745,-14.109,-16.744,-12.02,-9.3431,-0.033051,-0.8399,-10.198,12.78,34.52,17.281,12.409,24.96,12.84,-1.7683,-0.16176,1.8682,3.9698,-1.4531,-12.935,-14.536,-19.238,-21.051,-0.86644,4.0309,-16.556,-13.074,7.7296,8.3966,1.7863,1.1072,0.34277,0.73033,-0.14309,2.643,11.739,5.3316,-10.8,-6.1353,3.5697,-0.036746,7.2266,20.412,13.305,4.937,7.9433,1.0777,-10.21,-12.922,-15.659,-9.7956,5.7888,4.6092,-6.5372,-6.2901,-7.1129,-9.0702,2.0875,13.563,13.301,3.1483,-8.0058,-1.4917,8.6033,-2.2516,-5.8887,6.2219,0.81987,-4.8451,2.8367,-11.51,-29.514,-16.896,-1.3121,12.608,35.354,31.959,7.5699,3.0868,2.1829,-13.547,-20.658,-10.336,7.4518,17.73,8.7588,0.43505,7.2306,5.9898,-7.8908,-13.193,-11.842,-15.146,-17.097,-12.556,-8.557,-6.9194,1.6107,11.036,3.9063,-4.5595,7.8093,15.939,1.276,-2.5537,15.609,22.01,14.902,15.122,7.889,-10.771,-9.5405,3.2587,-2.4563,-5.0811,6.8756,-3.268,-29.108,-27.255,-6.5023,-1.1061,-10.685,-14.178,-1.6917,11.685,10.137,5.1708,6.9751,7.378,4.3279,0.27582,-2.7965,0.6469,4.8766,4.0289,6.9757,12.324,11.357,7.8298,1.6748,-7.0871,-7.579,-2.6761,-1.4002,0.69584,-1.9555,-12.973,-10.37,2.7888,-4.5328,-17.039,-4.8585,6.0807,-3.8251,-7.3739,0.52152,1.2854,0.70385,6.8314,11.902,9.6221,0.8927,-2.6169,3.7611,4.9308,-0.76428,-1.3733,2.5683,9.3638,11.876,0.46693,-9.0298,-5.1814,2.0668,8.8701,2.5677,-14.932,-7.7538,7.9426,-6.9803,-17.004,-4.6859,-5.8535,-4.7912,10.358,2.8125,-11.658,-1.5156,5.0902,-4.5303,-5.5012,5.8374,11.736,3.9109,-1.4306,5.7229,7.1579,3.925,10.229,12.825,11.038,14.033,6.1147,-9.0713,-15.374,-21.92,-26.263,-20.106,-9.4957,9.8583,24.285,11.507,-3.4568,-2.3496,-3.9889,-6.648,-1.6345,4.2517,4.5578,-8.4355,-17.277,-1.5332,9.4184,5.6506,12.095,10.226,-3.7251,4.3418,12.286,-4.2966,-12.25,-4.031,3.5938,11.424,11.21,4.7828,5.2763,0.43993,-11.037,-10.892,-3.9538,-2.3778,-7.3611,-14.039,-11.27,-1.2973,6.5254,11.432,4.7901,-8.8804,-9.4555,-6.1394,-4.5697,10.618,17.763,0.036817,-7.0897,4.6917,5.401,-1.7767,1.9607,8.5874,5.9092,2.5031,5.7329,4.2694,2.2905,10.983,3.5774,-19.967,-10.347,11.857,-6.2739,-24.741,-8.367,-0.063041,-7.9272,-2.1909,6.1715,1.4063,-3.9228,-0.057476,6.7699,4.6379,-4.0378,-4.3797,2.8087,5.9714,3.4217,0.42785,1.233,0.66486,-6.3278,-6.5835,7.0122,16.228,9.3844,-0.21272,2.9147,12.811,13.134,5.5172,-2.2487,-10.387,-8.3589,1.5966,-5.7064,-16.971,-4.0654,5.3923,-9.3962,-16.898,-10.102,-14.029,-23.683,-19.466,-6.0402,1.7828,2.6069,4.8764,10.997,16.078,18.594,24.445,37.08,44.009,34.996,23.963,18.173,6.6496,-6.125,-15.782,-32.551,-46.16,-45.71,-45.429,-41.041,-21.363,-10.28,-15.026,-5.1246,16.401,17.961,8.3533,12.852,22.764,27.219,30.612,26.514,15.95,8.7702,-3.0937,-8.2291,9.8348,13.416,-5.5261,-1.2517,2.5851,-22.515,-22.279,0.58472,-4.8789,-10.141,-3.5501,-17.6,-21.064,-1.1689,-3.3338,-13.423,-1.5673,6.5805,2.8542,1.8385,2.4471,7.1602,13.011,10.792,5.1916,-0.22076,0.40468,11.591,14.756,6.6932,5.5356,2.237,-7.085,-1.3057,9.7518,7.4736,4.3642,-0.38651,-13.78,-13.45,-1.7973,-9.7601,-22.007,-13.221,-9.3938,-20.024,-15.804,-1.7091,3.3215,9.8651,16.903,15.825,16.948,16.893,8.9765,4.4166,-0.03955,-6.6166,-1.1472,5.8067,-0.58858,-5.6054,1.3592,12.852,11.561,-8.9348,-16.275,0.76187,2.0962,-11.634,-8.4558,-1.1645,-0.70736,-0.33605,-9.7351,-14.877,-0.11098,6.5868,1.1017,3.7211,0.27674,-8.6434,0.88162,12.385,4.6839,-2.9154,3.3839,7.5083,2.0658,3.5018,8.4128,-3.666,-7.77,15.757,18.823,-5.1789,-4.5462,5.1434,-2.9864,0.050706,-0.78123,-25.014,-22.085,3.8457,-3.0953,-17.099,-5.4578,0.93678,1.3037,15.012,19.035,3.3937,-6.8546,-3.9187,0.14014,0.55883,1.5494,3.6041,2.5315,3.6177,11.435,12.516,0.34336,-8.863,-4.9766,0.41874,-4.3302,-7.7098,4.8203,15.17,4.6394,-7.8565,-9.4893,-11.334,-9.409,-0.62624,1.4562,1.6239,6.6164,0.99966,-9.7161,-4.4874,0.94057,-10.538,-13.017,6.1038,16.205,6.3278,0.33497,5.0286,9.2482
4.6153,-0.86782,8.0336,5.1789,-8.6177,-2.0739,5.2004,-0.45618,-0.99164,-3.6366,-7.1376,-2.1681,-3.2121,-2.7749,6.0812,3.2964,-0.62899,4.0117,-1.0164,-5.172,-0.020014,0.76927,4.2239,6.6882,2.1379,9.8015,10.989,-10.99,-13.15,1.9707,-5.6549,-9.3176,8.5495,10.002,-5.8902,-10.867,-6.6523,-2.4047,3.3276,6.0937,-1.899,-9.6831,-1.4129,6.4165,0.23062,0.57261,8.0098,10.424,17.066,13.102,-7.2077,-5.208,2.9216,-16.876,-16.011,10.035,-0.99382,-16.801,4.0997,5.2559,-14.923,-1.0722,17.049,5.6591,0.42697,5.8667,-4.8305,-15.927,-6.9216,4.7103,5.3609,7.9167,10.343,-2.5453,-10.358,1.6278,3.2756,-3.0414,7.8458,9.2025,-4.3355,2.6031,9.9141,-4.7682,-11.203,-7.3395,-6.8269,-1.1526,-2.5183,-11.098,-1.8275,9.8612,4.5629,1.6161,6.6732,6.4272,-1.4136,-7.9106,-2.8715,4.6833,5.7457,9.1371,6.0445,-5.5529,-3.7231,-2.3487,-12.205,-4.0406,8.6563,-0.27925,-3.9658,3.0276,-0.080619,-4.7506,-3.7021,3.7478,11.968,-1.3822,-17.364,-3.8084,9.8702,4.8921,4.4443,5.2959,-1.0379,-4.4111,-3.4407,0.84553,2.7199,0.49441,5.0059,2.8477,-9.387,-4.4761,0.2017,-6.992,11.346,22.951,-9.6333,-17.851,5.0513,-7.45,-14.605,14.201,8.5903,-17.713,-3.4494,7.9749,-8.7927,-3.1886,16.783,9.4424,-4.5189,2.813,11.385,1.0168,-8.0516,3.9135,12.889,0.32807,-10.661,-8.5566,-3.6133,1.6798,-0.10559,-6.8494,-0.6194,7.2212,-2.4779,-14.192,-8.0901,11.459,14.662,-9.6554,-15.569,6.0444,4.084,-5.8986,8.103,6.1935,-8.4671,4.2655,18.543,11.368,-4.8266,-14.784,4.0618,20.496,-2.4551,-12.154,1.0894,-9.1606,-10.079,7.3447,2.148,-1.0016,-0.50778,-13.546,-0.042159,9.9467,-16.6,-9.6261,11.614,-6.3493,2.2539,23.695,-6.3387,-18.511,6.1777,2.837,-0.79852,13.418,8.7441,2.6615,7.2047,6.5608,6.0083,-3.2459,-15.384,-5.4988,2.8082,-5.0718,-3.2205,2.5892,-4.8593,-14.08,-8.8439,7.278,5.7036,-9.5873,0.53602,14.036,-0.85695,-5.9982,5.6744,2.2715,-0.4592,6.6919,4.585,-1.9534,-7.3287,-8.2499,3.6945,10.857,3.4812,-3.9428,-9.2312,-4.3303,10.487,7.3864,-1.8378,7.429,6.1449,-9.2193,-3.4707,9.7897,7.2287,-0.22538,-9.9478,-16.33,-10.317,-8.9513,-11.041,-0.19027,2.0313,-8.0747,3.2759,21.563,14.732,4.3545,3.7441,-1.9128,0.22604,11.881,3.0525,-13.754,-5.5437,6.2293,-1.9209,-5.3282,4.4889,1.501,-10.974,-5.7863,9.9399,8.8562,-7.5302,-13.342,3.2598,18.057,4.3743,-13.551,-4.1779,6.0644,-2.6108,-4.455,-1.492,-7.6308,-3.3583,4.9722,-1.6005,-1.204,8.3161,5.3736,-0.61633,-5.3656,-9.1998,1.5138,5.8443,-5.0934,4.3914,18.166,4.5889,-5.4637,0.72628,7.4441,10.852,-4.6661,-12.153,18.857,18.294,-22.296,-9.1557,19.188,-11.595,-28.575,-3.2667,-2.8716,-21.273,-24.893,-20.408,-10.509,1.3597,15.876,26.59,13.087,5.3829,23.138,20.618,12.596,32.017,24.76,-3.7292,8.4905,16.03,-17.947,-34.618,-27.558,-29.981,-22.933,-8.4152,-17.615,-26.422,-7.0409,6.1355,2.6762,19.919,35.792,12.216,-4.0323,10.332,8.9042,-3.13,-0.35341,0.89395,7.3665,19.837,6.9564,-13.368,-7.6931,5.2584,2.1815,-7.7376,0.45645,14.728,-6.3711,-28.659,-6.4431,2.4752,-17.471,-3.7529,16.142,-0.014571,-10.38,-4.4125,-0.81225,7.5549,8.8913,1.1054,-0.74351,-5.736,-2.048,16.687,12.255,-2.9206,5.2949,4.0699,-10.055,-2.3303,0.66399,-9.6323,4.6581,12.783,-9.9394,-3.3494,22.856,-0.36631,-27.629,-4.8935,11.63,3.8933,4.054,-7.4259,-17.749,5.9865,14.283,-9.2223,-11.424,-0.38825,-0.46652,1.814,-1.2605,-4.0499,7.0857,3.2721,-8.5305,3.5778,12.467,7.1158,9.995,4.8776,-5.7192,4.5925,6.7905,-16.131,-20.116,4.8558,20.681,11.875,-7.3683,-15.53,-6.7409,-3.4318,-9.418,-0.11949,8.2133,-6.4267,-1.2506,25.04,4.5652,-33.222,-13.219,15.652,1.3664,-6.4856,9.1719,11.989,2.1772,-2.1184,1.2925,3.7709,-0.27572,2.9965,14.6,11.948,-2.2046,-10.365,-15.826,-20.337,-12.67,5.9279,13.745,5.1034,2.1133,1.8117,-7.4796,0.53552,19.451,7.7616,-15.825,-16.266,-1.5402,9.2665,-4.3266,-22.418,-4.1383,14.991,8.7248,12.648,7.0317,-12.941,3.8955,15.53,-12.813,-9.2704,19.094,8.4576,-13.881,-12.185,3.3119,8.9167,-6.9176,-5.6225,13.461,-1.5465,-13.674,7.5535,1.9454,-11.812,7.8617,5.9728,-18.428,-13.283,5.3774,14.56,9.1549,-9.4687,-10.1,5.5805,10.267,7.2031,-4.0117,-6.3341,12.055,2.2178,-17.439,10.474,19.251,-12.031,1.9522,17.566,-23.535,-31.532,6.0481,5.6227,-10.156,2.5659,12.24,7.3684,5.6505,7.8825,9.9775,2.827,-14.493,-16.225,3.7225,8.3553,-10.737,-8.3084,17.715,8.8101,-29.408,-27.715,6.9155,11.972,-1.8387,8.7102,19.274,2.0521,-6.6353,8.9309,15.167,12.234,11.923,-4.8816,-19.534,-4.2725,-0.35536,-20.043,-10.246,13.392,-3.6233,-26.97,-9.9376,14.008,11.545,-0.11925,-2.7097,5.781,14.752,2.8939,-19.745,-14.305,13.39,21.317,8.8608,6.5098,11.613,-3.0436,-22.685,-5.9839,17.972,-1.5492,-18.435,2.506,4.0074,-13.501,-3.0498,7.5359,2.3124,-2.2231,-21.043,-22.3,17.365,23.725,-4.5201,3.8199,14.56,-2.1566,2.6483,12.843,-7.1563,-18.974,-2.8774,8.9873,0.518,-4.2079,9.1548,2.8791,-20.942,-1.4261,26.539,-1.4302,-22.699,1.876,10.715,-1.9516,-1.1977,2.6239,-3.8285,-14.561,-9.0622,13.603,12.29,-3.835,5.2345,5.3259,-11.353,0.47347,9.7644,-4.7325,2.2413,9.0978,-9.1409,-6.4392,6.8878,-2.008,-1.7795,5.0265,-7.9449,-10.781,5.0396,4.2737,-11.852,-13.135,7.9269,23.3,8.7762,-9.1692,-2.9318,7.2921,6.5885,2.4083,-4.4021,-6.714,0.074428,2.1648,-3.7828,-7.0978,-3.8692,1.0067,-0.84123,-6.6496,-6.9517,-1.9306,10.197,21.374,10.854,-4.684,-0.62399,0.35336,-9.0514,-6.0644,-1.1504,-5.2574,-4.4067,-0.03526,3.6618,5.1438,-1.7036,-3.0672,-1.3386,-13.973,-8.4785,22.507,24.485,7.8301,10.051,0.18629,-19.075,-7.9578,7.0767,1.6891,-3.0343,-8.4781,-19.702,-22.342,-9.7691,14.849,27.33,13.528,2.5269,-0.51311,-8.0712,1.1583,9.3797,-13.33,-19.047,4.1979,2.3367,-8.373,4.6753,10.97,3.0405,2.5746,11.413,18.876,4.8731,-12.445,3.9717,9.9677,-20.156,-17.451,9.8361,-5.1357,-23.034,-3.0722,10.047,-2.1483,-15.784,-13.417,7.0091,20.855,14.801,2.8,-6.3724,0.82054,15.349,5.3337,-4.6226,4.2536,-7.1563,-18.459,7.2927,22.319,4.9023,-9.279,-7.8824,3.3272,-2.2771,-25.163,-11.699,13.989,-0.71157,-5.8536,6.523,-2.2254,13.98,37.782,2.0998,-21.244,6.5699,5.028,-17.68,-13.562,-9.2672,-14.971,-14.789,-2.5866,16.22,9.4293,-11.085,-2.1334,6.3885,-2.2443,12.238,29.758,17.256,1.942,-2.9698,-3.7642,6.5908,20.43,13.644,-15.82,-24.355,1.788,3.7269,-16.837,-9.7077,-9.5945,-25.983,-15.766,-14.976,-26.452,-2.3731,9.3425,-4.2222,5.8361,6.3748,8.0463,44.913,36.684,1.667,31.798,49.323,17.167,19.518,19.118,-23.218,-37.647,-28.781,-37.525,-41.839,-33.132,-25.042,-31.623,-38.559,3.8135,52.255,25.267,-10.686,12.721,30.01,14.41,9.5446,15.175,16.834,16.585,10.761,7.1735,12.967,6.5984,-22.296,-37.375,-17.152,0.74251,-2.6147,-0.62844,5.9491,-1.6013,-19.622,-28.728,-4.4124,23.598,3.852,-14.554,7.0684,4.8323,-11.759,8.1521,9.6927,-15.03,5.5689,40.001,21.197,-16.732,-14.08,15.509,12.546,-18.032,-19.559,-2.8792,1.904,4.4702,-4.6982,-9.8632,16.321,22.799,-3.6431,-8.5716,-3.6496,-3.9307,6.616,-1.2254,-19.149,-4.4267,11.451,-1.3156,-17.722,-15.271,7.0332,13.526,-8.9722,-11.822,7.1074,11.904,9.1916,5.745,9.1442,19.858,4.7916,-15.179,-5.6117,3.2088,11.951,17.689,-10.945,-19.363,3.7017,-9.1588,-13.901,5.8508,-15.692,-19.431,14.101,-2.4538,-16.99,12.169,4.5686,-12.804,11.002,27.865,20.239,-5.9299,-25.756,0.1458,13.708,-9.1524,7.0605,29.984,4.7543,-9.8041,0.9389,5.3097,4.6177,-9.3294,-17.846,-8.7727,-20.449,-28.723,-5.2205,-4.2592,-16.802,7.6625,26.385,10.377,9.2828,32.723,31.379,1.0577,-5.6734,13.186,11.589,-8.0631,-26.126,-31.43,-7.48,2.4406,-21.077,-6.3105,19.429,-11.913,-21.481,11.207,2.9396,-4.2328,26.337,20.107,-4.7424,10.945,18.062,-10.223,-18.978,3.4765,8.541,-9.6901,-9.7924,-1.6399,-10.708,-2.2134,18.202,4.0133,-7.2101,13.443,11.192,-15.224,-11.759,12.647,11.595,-12.397,-17.127,-3.2092,-4.7372,-8.0047,0.70277,1.6307,8.8675,17.682,-5.3766,-18.347,4.5306,7.3281,-4.5736,9.0349,21.636,15.394,4.0514,-4.739,-1.0337,-0.42504,-15.943,-18.488,-8.927,-8.0848,0.65679,11.052,2.3574,-3.4286,-0.96901,-4.8431,2.8474,15.445,-0.56621,-18.907,-3.5949,11.838,3.4371,1.5088,10.563,8.0348,-2.6209,-12.122,-8.6382,13.589,13.358,-16.097,-10.364,18.271,5.6646,-15.309,-7.7829,0.17582,12.673,20.736,-12.573,-31.974,4.1576,14.259,-14.445,-3.6864,14.873,-12.037,-20.438,13.45,26.958,13.848,0.54543,-8.0345,1.9651,11.931,-3.8861,-12.627,-8.4555,-14.519,-9.2205,-4.4673,-17.572,4.8196,38.206,8.1851,-21.184,8.4544,29.226,14.966,2.4028,-0.629,-0.86515,-10.524,-21.952,-11.023,-2.3077,-12.546,-10.485,-1.7877,-3.2848,3.4774,13.16,10.908,8.2426,10.577,9.3461,-6.589,-21.672,-4.1747,15.005,-0.17922,-8.0347,4.4522,3.9016,1.3161,1.3144,-4.0456,8.8771,18.182,-7.9781,-20.211,1.4453,5.3591,-13.194,-16.363,3.2277,21.499,11.596,-12.998,-11.191,9.8295,6.9273,-14.256,-10.424,7.8003,-4.6656,-19.487,6.9328,21.644,-5.638,-6.4831,23.868,19.639,-1.8388,2.5821,5.4701,-6.3096,-6.0811,-1.2035,-7.4906,-9.2627,-5.1605,-7.5096,-4.6426,3.685,-0.83175,-4.5921,4.5423,2.1506,-8.9832,-0.81278,13.562,12.158,3.0881,-7.124,-10.013,5.7538,15.47,-0.9839,-10.506,-0.91028,-4.2442,-8.6206,10.779,17.78,0.064063,-2.528,3.7504,-4.9858,-12.355,-10.417,1.8519,17.893,1.2594,-26.973,-9.6812,15.932,7.8694,1.5067,2.5463,-0.92283,4.163,0.70451,-9.5398,-2.4777,-4.6351,-10.383,12.444,17.646,-7.3239,-9.364,-1.5007,1.6029,17.214,11.267,-9.7636,0.88944,6.9597,-7.7915,-4.6993,-5.045,-11.795,4.0031,6.5333,-1.7131,13.672,4.637,-22.598,-6.3362,4.987,-13.259,-3.7408,8.4405,1.5953,13.441,10.396,-14.19,-1.9694,9.1991,-11.752,-4.7034,15.666,6.932,2.8266,5.7944,-0.89543,3.1817,6.1162,-1.7883,-0.11281,-5.4268,-20.268,-14.61,-5.5655,-8.1486,0.80462,10.991,2.0787,-8.4495,-2.8275,12.71,15.555,-0.62319,-4.7794,14.528,23.575,5.1474,-16.131,-14.308,-1.9041,-4.2524,-4.9176,9.8829,7.1098,-14.273,-14.16,0.54085,-0.52823,-6.526,2.3159,14.024,8.6294,-3.5264,-3.0208,0.6549,1.0541,6.1505,3.4427,-7.3706,-4.6366,0.96298,-3.2683,1.1745,12.935,11.947,-1.9959,-13.508,-7.5172,4.7553,0.24071,-9.1583,-9.4631,-9.4792,-2.6233,10.066,9.0183,4.4351,7.8237,3.9813,-2.8031,2.4566,10.011,5.4705,-7.3753,-8.5107,4.1452,2.6634,-9.7187,-3.9674,3.0848,-6.978,-6.8366,3.7013,-3.8954,-13.012,-0.33722,9.0505,0.19179,-2.1645,6.1643,7.0863,5.8561,6.7419,0.38831,-2.0425,4.4291,5.6236,8.2221,7.9405,-12.566,-17.824,8.5335,7.5695,-23.165,-21.817,2.9759,9.4842,5.2499,1.5773,-4.4631,-6.5306,-3.0634,1.5821,7.7412,13.144,9.1476,-4.3615,-5.6735,8.6687,4.747,-10.767,-0.14275,9.1176,-8.7063,-11.149,6.2415,8.4818,4.8103,2.5615,-3.4524,0.70303,-1.3924,-21.403,-20.943,-0.74481,7.708,12.334,12.702,5.295,5.8335,-1.5972,-10.219,12.817,16.983,-24.035,-28.712,7.3739,13.403,0.85543,-2.2194,-4.4633,0.50368,4.5245,-0.095408,5.182,8.3034,-0.57751,-1.2328,-4.5299,-12.301,2.0879,15.629,2.4939,-9.0746,-3.0545,8.273,8.164,-11.53,-20.158,-0.32631,11.086,3.5066,-1.669,-6.4127,-4.6297,9.5475,10.293,-1.7758,-0.54992,2.627,-7.2993,-11.119,0.23174,9.5316,5.5375,-7.5016,-14.286,2.4061,27.694,23.896,-0.84128,-10.014,-10.181,-14.104,-9.7627,-5.4386,-5.8792,1.7263,3.6713,2.0195,16.86,16.165,-7.4093,-1.984,14.279,-5.4655,-23.352,-11.836,-2.9427,-3.288,-1.2923,1.2257,6.8633,10.122,4.4506,3.379,12.273,15.574,0.94556,-20.493,-19.59,3.1935,11.711,0.28552,-5.6974,-3.5789,-2.1972,-0.14824,1.8823,3.3031,3.2155,-2.82,-7.0092,1.8586,14.345,11.796,-8.0976,-22.283,-7.7861,14.774,8.7112,-11.642,-12.27,-1.0587,1.4298,-3.5728,-2.1385,14.757,19.944,-7.7035,-14.353,21.566,24.644,-8.6439,-7.4998,4.1679,-10.215,-10.357,0.47282,-5.111,-3.8524,0.48526,-8.0551,-8.2886,-2.6506,1.4767,9.8719,1.7969,-6.697,14.258,19.114,-2.3016,-1.3702,2.222,-8.1913,-1.8262,1.2772,-9.9408,-6.3753,-4.0244,-6.716,9.2283,14.349,-5.0131,-9.1991,10.025,22.602,3.3613,-21.408,-3.4,13.109,-15.003,-16.218,13.506,2.3531,-6.2874,20.288,14.64,-10.532,-4.2569,0.23807,-10.663,-6.9457,1.6533,-6.4806,-18.183,-10.493,6.3488,11.743,18.217,19.928,-3.635,-16.406,-4.3505,-3.1662,1.8007,17.7,12.45,3.1032,-3.2804,-17.217,-1.1714,18.172,-8.8873,-14.874,13.948,0.76746,-20.355,-2.7119,5.3589,-2.4089,-2.5462,-1.7174,8.8341,14.228,-7.5917,-19.907,-6.5255,6.8345,14.504,7.5098,-11.994,-11.946,4.6451,12.338,7.6573,-6.8087,-10.069,11.138,19.346,3.0373,-0.29753,1.5721,-16.95,-20.478,9.9925,19.875,-9.5819,-18.488,11.493,23.477,-5.8804,-29.872,-10.438,19.817,8.9912,-15.819,-2.8322,14.622,1.1064,-8.5512,-2.9205,-1.4755,-2.1546,-8.9246,-12.38,6.6885,13.974,-5.3424,-2.3522,18.805,13.894,0.44206,3.8153,4.5527,-3.8806,-0.57155,12.617,9.7951,-4.1623,-5.1328,-2.4737,0.29525,11.319,-3.2451,-35.007,-21.618,1.278,-16.022,-15.876,-0.84083,-21.594,-15.812,29.095,23.477,-5.8693,1.6348,6.2423,11.786,37.953,29.911,2.3664,11.734,20.592,9.7993,8.3855,-2.5531,-20.431,-18.764,-21.995,-28.197,-19.367,-25.183,-26.152,5.7421,9.0511,-18.807,-11.454,5.2396,2.9627,16.407,25.711,9.2284,2.828,9.8659,18.201,24.706,7.4112,-7.25,11.958,12.888,-10.244,-3.3182,4.034,-12.266,-7.8521,1.8151,-9.8127,-9.7419,-7.0112,-19.705,-13.899,-2.9622,-16.829,-13.379,17.25,17.754,-11.847,-14.4,13.735,18.979,-2.7955,5.7042,33.116,14.282,-18.179,-4.3577,14.518,5.4037,1.6297,5.48,-0.88155,-6.9109,-5.311,-0.82476,-0.82037,-7.2529,-8.293,-6.1586,-7.9534,-2.101,-0.55179,-14.936,-8.0415,19.265,11.725,-16.512,-7.6019,17.059,6.883,-11.734,1.2391,10.78,-6.3248,-6.0214,10.287,4.9553,3.5937,14.325,2.5291,-6.0366,6.5584,2.535,-4.9039,5.3131,2.1068,-6.2775,1.3324,-3.5307,-18.386,-11.668,1.9231,-0.98584,-8.8457,-2.9755,11.821,9.1228,-13.802,-17.32,12.492,21.899,-15.193,-25.645,20.303,33.853,3.6566,6.6105,11.969,-14.106,-9.4103,8.0418,-6.4408,-5.7232,-2.9327,-26.743,-5.6149,39.039,12.647,-27.387,-7.7449,12.209,-3.571,-11.119,4.5587,11.528,1.0651,-1.5792,-1.5382,-12.548,-4.5967,18.37,13.779,-7.5741,-20.39,-13.169,19.423,21.003,-21.191,-17.034,15.873,-1.203,-6.4852,23.616,9.7845,-10.688,12.853,10.601,-20.517,-15.363,6.2496,7.3604,-2.6982,-9.4937,-1.9694,4.6341,-7.2582,-8.9981,4.8338,1.3249,-7.4348,1.7314,12.648,11.14,-2.621,-9.7939,8.4165,13.775,-14.462,-16.406,16.603,20.582,-6.078,-18.605,-6.4132,8.4017,-1.8374,-16.661,0.47207,13.811,-1.8958,-4.9244,5.0724,3.8176,5.1297,3.9587,-4.1198,1.8563,6.9162,-1.4204,-0.63709,3.428,-5.5984,-14.42,-7.5243,6.3987,-0.93048,-15.196,3.7659,17.421,-1.6836,1.8381,14.329,-1.5554,1.1684,7.7765,-19.358,-17.623,8.5615,-1.6288,-5.7018,12.14,6.1789,-1.3447,4.6948,-1.3267,-9.862,-11.919,-3.1511,18.622,16.601,-3.9519,3.3264,13.534,-3.4304,-15.597,-8.325,3.272,4.6168,-8.2449,-9.3888,6.4434,3.0672,-16.898,-17.884,-1.4624,10.024,12.865,14.37,11.168,-2.6332,-12.446,-6.7626,1.2506,5.1583,9.8177,8.1612,-2.5721,-4.6999,8.4272,10.844,-8.126,-16.945,-1.3385,14.98,9.3181,-16.049,-22.148,-1.5802,-5.4271,-10.815,19.175,7.2018,-29.906,9.5277,37.346,-11.773,-19.861,9.1312,4.0271,9.5668,15.265,-2.4123,-1.3109,-10.816,-19.654,24.598,32.58,-14.851,-17.015,-7.2308,-14.304,4.2816,-2.3503,-22.496,11.135,26.275,-1.7994,-4.4815,-0.68263,0.56617,12.644,-2.5264,-16.832,0.60574,5.533,5.7137,8.8791,-8.9182,-9.1384,3.8305,-7.5105,0.20812,16.554,-2.9185,-9.4145,-2.0487,-15.557,-5.7954,15.172,2.9721,1.1738,18.074,14.905,2.4705,-4.9847,-0.2359,5.7402,-18.975,-26.791,13.125,15.032,-19.38,-10.092,7.6235,4.2325,13.393,8.8807,-9.2963,-1.0619,-2.9278,-23.67,-11.481,11.698,8.7337,0.52272,-0.15996,9.0182,21.102,11.292,-9.6776,-17.412,-10.175,12.044,19.091,-7.7179,-16.071,1.2188,-5.0264,-10.754,9.1228,13.134,-1.4849,-7.573,-4.5881,8.2663,12.783,-4.804,-6.7794,11.031,6.8545,-8.3897,-7.5943,-9.2453,-18.282,-7.6284,16.322,14.452,-6.4558,-7.8604,-4.0291,-11.349,0.11795,16.511,7.7668,4.51,10.966,2.8492,0.75565,5.1497,-1.487,1.0061,9.8418,8.5719,5.7412,-8.3808,-25.806,-14.383,7.969,12.235,-6.0589,-34.002,-23.753,14.235,13.043,1.1427,11.578,-1.0638,-11.04,13.783,13.22,-10.742,-12.969,-11.981,-3.8884,18.296,15.006,-1.8976,4.0418,14.499,8.1541,-6.472,-2.2116,24.778,25.668,-4.4266,-10.399,2.7028,-3.1593,-16.958,-16.214,-5.5284,-13.893,-40.247,-30.603,7.5555,9.9444,-8.6388,-10.515,-7.18,3.9857,15.445,9.5602,17.059,32.298,14.051,1.9284,22.606,22.737,8.2138,19.911,26.113,12.659,7.6556,-8.0954,-39.088,-42.808,-32.643,-37.564,-33.834,-24.811,-22.956,-2.5665,13.628,-0.2226,1.6598,15.982,7.4548,15.636,42.421,32.845,5.1617,1.5909,14.353,18.545,3.8502,1.3212,16.224,-2.1608,-24.938,0.26158,10.837,-20.065,-29.192,-12.633,0.36376,0.39231,-16.894,-20.119,-2.9697,-2.7741,-7.7925,-2.0356,0.10975,4.6981,2.32,-6.4304,7.3492,12.997,-3.9446,4.7884,20.89,16.906,20.27,14.995,-0.059537,12.437,19.064,-2.2257,-12.61,-14.526,-15.253,-0.38749,6.0775,-9.5994,-20.858,-17.499,-16.852,-23.741,-13.12,4.7327,-7.0831,-6.088,29.322,24.251,-5.9304,5.9731,17.918,9.8026,9.389,-1.797,-2.6031,18.703,3.1852,-19.549,5.328,16.388,-11.138,-18.926,-1.2784,6.7857,-0.46603,-3.5579,-0.38093,-4.5075,0.55208,8.0472,-13.689,-19.116,10.519,6.7034,-11.491,1.8874,-0.813,-14.79,-0.80584,4.2367,-5.0412,1.1144,7.5518,9.4689,13.558,11.14,4.6963,-1.6089,4.2499,18.974,4.1977,-21.039,-8.9996,10.507,6.6973,-9.0634,-25.823,-16.622,9.804,7.0094,-10.5,-12.648,0.087499,21.3,12.072,-17.529,-3.7854,10.85,-8.7176,4.7606,19.322,-12.987,-9.8839,21.131,1.7837,-17.06,-1.8396,3.7897,11.005,18.017,-5.7895,-22.254,-4.2729,10.306,5.123,-2.5741,-1.0248,4.6217,-1.0915,-10.142,-2.7867,4.8747,-5.4265,-7.6719,11.878,13.574,-12.238,-15.377,6.5985,9.0924,0.8617,-0.76651,-10.898,-9.5799,10.824,7.8267,-5.9318,5.1728,10.934,4.4752,13.491,12.193,-13.071,-26.604,-22.074,-8.144,11.192,10.962,-2.9842,-1.3913,1.2622,-1.2594,10.81,19.097,9.5924,2.5532,-2.8246,-8.3917,-2.9757,-3.0063,-14.042,-11.438,-0.66932,-2.5423,-5.1347,4.7616,11.73,1.2916,-11.87,-4.588,17.033,20.648,-5.1168,-20.6,1.5374,16.46,0.98307,-1.6865,3.5248,-9.2281,-4.5332,12.079,-0.36492,-12.046,-3.518,1.5368,6.0242,0.64683,-15.721,-4.1034,18.589,11.681,-3.7127,-4.6068,6.5086,8.9878,-14.987,-21.422,3.0638,-0.77442,-13.028,7.3143,13.665,2.915,7.7455,5.286,-4.0668,-7.1425,-14.62,-6.073,15.186,14.539,6.2494,2.5829,-5.9689,-7.3355,-0.58357,8.5116,14.848,2.098,-12.18,-10.434,-8.1245,-0.35432,0.73145,-20.245,-15.927,11.949,10.382,2.5811,7.7771,0.16042,-7.9377,-3.7788,6.5674,13.94,1.2263,-2.0419,17.974,8.8127,-14.096,-7.9377,0.17416,5.5106,4.8439,-14.136,-6.0698,10.359,-9.8419,-6.5627,12.966,-5.7995,-8.3241,3.9333,-10.385,-7.7073,-4.587,-11.575,25.255,32.903,-19.203,-13.236,23.713,14.542,11.147,4.1592,-24.519,-12.399,7.817,-10.026,-15.666,-7.6381,-7.898,5.1762,14.472,4.0475,3.1057,12.196,7.8692,-7.7989,-12.801,1.1711,11.764,5.2748,-3.1832,-1.6902,5.4371,1.597,-13.399,-13.382,-1.2221,0.50858,-2.0995,-1.595,3.4742,9.6022,-1.1953,-9.9101,6.0763,10.739,-0.18635,3.2558,0.10708,-9.3138,3.7725,8.8924,-10.608,-14.637,5.0583,20.779,14.041,-10.454,-20.773,-2.8656,11.176,0.64874,-5.9993,8.01,7.8646,-9.5947,-3.9958,4.5337,-7.5546,-1.0177,8.5548,-11.827,-12.094,11.009,4.5755,-9.2608,-0.81652,7.2641,2.3983,-3.954,8.0783,21.307,0.29972,-17.695,-3.9397,3.4704,5.1057,4.0209,-12.668,-2.3376,19.882,0.10671,-11.993,-1.8048,-8.6086,4.8908,20.566,-10.132,-22.25,-5.9817,-9.9867,1.9124,18.377,-0.5491,-6.3614,4.2096,4.8041,18.429,15.259,-15.746,-14.82,4.2796,6.8146,6.8124,-4.5034,-13.143,-0.85879,-3.3361,-6.7308,11.787,8.3801,-3.4082,7.1314,-1.0013,-17.029,-4.1536,4.7463,3.5152,9.4923,-0.27939,-14.456,-1.8204,14.907,10.776,0.60364,2.3823,3.7286,-10.248,-14.255,-2.9294,-8.6725,-10.803,6.1515,-2.4549,-15.151,7.9223,15.135,-1.0664,5.7584,12.452,8.7153,12.185,-3.5232,-12.604,19.941,21.869,-20.682,-23.25,2.4389,2.364,-2.453,-2.2712,-9.3501,-6.0134,8.0585,6.8286,-13.048,-24.387,-7.9665,11.256,8.1327,0.61795,-0.07101,-0.51029,3.2974,4.0677,-1.7082,1.1193,7.9264,13.023,18.143,2.9885,-19.391,-6.6229,18.951,18.444,6.844,-1.6757,-5.3688,-1.8198,-8.5598,-20.284,-10.242,1.2791,-7.4215,-13.558,-11.596,-11.188,-6.9341,-7.5401,-8.0563,11.454,14.525,-15.011,-5.9439,39.517,34.303,-0.47876,4.7522,23.404,23.613,15.067,-2.1576,-9.7607,-1.616,-9.8197,-19.477,-4.9986,-3.0389,-24.312,-31.394,-15.415,5.5935,6.1161,-16.163,-18.738,3.1041,6.1129,-1.5573,8.6064,15.532,7.3047,9.1362,19.401,9.8876,-3.642,13.06,27.831,7.8817,-6.6601,-4.5999,-9.65,5.043,24.344,-6.5818,-32.135,-3.7297,1.7071,-31.4,-32.13,-11.282,-4.897,3.7591,5.5234,-8.3911,-0.57958,20.968,12.683,-3.6953,5.6522,17.049,10.351,-0.25225,1.1592,14.753,18.866,3.3787,-10.523,-11.032,0.68216,8.7083,-15.041,-31.495,0.94824,11.946,-14.73,1.1415,22.745,-5.1077,-14.85,2.755,0.74195,-2.0563,-5.766,-11.385,8.9849,15.181,-6.948,-0.74221,12.776,0.04717,-1.9728,3.9451,-4.7291,-7.444,-0.036222,0.35307,-5.7147,3.7968,26.78,12.429,-25.398,-16.94,4.3667,-0.42435,14.019,22.328,-9.684,-13.954,13.14,4.6241,-20.988,-15.638,5.4587,5.2191,-5.6032,5.6265,9.7596,-8.7182,-1.2142,8.8094,-13.364,-12.624,2.0304,-6.5026,6.4097,16.86,-14.945,-16.42,16.858,14.241,-4.9832,-1.6909,15.807,22.158,3.3465,-3.9041,3.8292,-14.203,-14.634,19.555,13.576,-16.152,-17.137,-11.85,-1.2196,8.4985,-4.1354,-6.0898,-6.2461,-21.587,7.04,40.89,-5.1542,-42.785,0.48078,24.242,-8.178,-4.1548,33.811,12.89,-27.864,0.86247,23.497,-12.599,-7.9877,26.369,4.3614,-15.737,6.5398,13.911,-1.5456,-15.95,-6.947,19.85,5.0324,-24.171,-5.6185,-0.4659,-20.536,-6.0553,-0.88517,-13.038,9.8031,17.036,-6.3915,-3.5316,-2.3137,-13.379,6.2378,22.272,1.3774,-15.845,0.89036,27.899,16.262,-13.621,5.1605,30.12,4.4267,-8.2398,9.4701,-3.1895,-22.385,-6.3947,7.6901,-0.99212,-3.1328,4.6971,-6.1825,-29.525,-27.9,-6.9671,-1.2915,-10.299,-9.4626,9.0614,13.298,-12.835,-10.138,26.471,16.707,-6.9341,18.124,18.321,-4.003,38.615,63.744,3.6761,-18.87,18.8,8.2741,-30.165,-31.197,-26.657,-30.424,-19.133,-13.589,-25.576,-27.953,-16.416,-1.1126,17.837,24.269,9.5046,0.87925,13.798,25.935,20.501,13.525,16.652,11.036,0.076842,5.7847,1.5749,-16.326,-1.3012,11.649,-15.842,-15.436,8.2884,-9.7633,-18.483,1.6279,-9.6251,-16.13,7.557,4.0149,-10.861,-6.4314,-6.7641,-0.27122,10.73,0.91226,-0.89268,8.2033,4.1635,9.8426,14.225,-7.2485,-11.206,9.9415,10.649,-2.902,-1.5297,13.699,20.238,2.0998,-7.8395,10.12,5.8435,-23.065,-17.572,4.6329,-3.8688,-18.116,-18.211,-17.731,-3.8176,13.497,-0.469,-8.8357,15.77,10.982,-16.678,3.2096,23.826,-1.9412,-4.2085,24.589,23.519,3.8679,-10.355,-12.522,9.3397,15.614,-8.9555,-9.4051,0.39669,-19.217,-21.341,7.3856,11.327,-11.248,-19.243,-3.2795,10.382,2.1922,-4.9841,1.6579,1.015,1.8897,9.0987,-0.68354,-1.4051,20.44,14.821,-2.282,12.44,11.713,-15.617,-11.858,2.562,-10.444,-16.222,-3.3223,3.1635,0.15804,-10.769,-15.432,0.6403,12.501,8.8536,3.6345,-5.1102,0.1917,19.539,4.6849,-15.202,13.035,21.056,-16.495,-14.108,13.135,3.3034,-5.8663,-3.7799,-15.059,-2.3242,19.599,-5.142,-21.486,10.71,15.091,-17.229,-15.138,7.2356,6.4343,1.4115,4.7375,6.6543,1.8482,-14.366,-11.118,23.315,20.976,-17.998,-11.112,15.004,0.14181,-11.571,1.4556,8.7766,9.7733,-3.0963,-19.658,-2.5479,17.612,3.2344,-12.976,-8.1991,6.5693,5.5891,-22.765,-21.951,23.561,28.837,-10.223,-14.748,11.107,17.505,-3.0683,-20.78,-6.2737,12.595,2.8029,-8.925,-6.7399,3.7194,18.039,6.9728,-14.214,-1.654,10.499,1.3827,3.2247,2.0649,-4.1729,5.6265,1.9923,-10.837,-4.6501,-10.549,-22.023,-1.761,19.438,15.121,-3.5844,-21.732,-11.48,10.202,6.2702,8.8224,24.483,6.0568,-21.855,-11.046,12.738,13.075,0.51658,1.4818,8.5412,-2.159,-13.538,-9.0868,-8.3332,-6.6645,8.558,16.358,5.4586,-12.578,-17.968,-5.3399,-9.8504,-29.872,-8.6963,33.977,33.495,13.015,12.814,8.8559,-7.4305,-5.0116,4.4792,-12.282,-16.948,17.851,22.028,-12.57,-12.571,-5.8036,-24.837,-10.201,15.187,-2.1241,-12.098,-2.3934,-5.7768,-1.6044,5.9827,4.8764,14.14,10.371,-3.727,12.799,23.8,7.359,4.7361,5.2172,-5.3398,-9.3605,-17.028,-15.637,0.79855,-6.8683,-12.217,11.201,7.2733,-11.5,0.69225,-0.4519,-16.071,1.0378,14.122,-4.9335,-17.612,-11.219,3.1722,14.773,13.728,11.213,7.5281,2.0176,16.634,22.669,-10.126,-20.252,8.2434,6.1415,-13.163,-0.63835,9.0174,-5.0688,-9.3456,2.2891,10.164,2.2947,-12.096,-12.413,-12.297,-25.188,-22.392,-7.1475,-9.6612,-10.921,4.6748,17.847,24.417,17.902,-0.63647,4.7698,29.687,32.719,23.452,21.887,14.743,3.6652,-5.5756,-21.478,-30.749,-23.508,-22.224,-27.564,-17.349,-8.0573,-16.229,-11.068,6.446,-0.70245,-7.7287,12.183,19.99,11.622,11.597,4.06,4.119,26.631,20.862,-5.5977,0.19091,8.8373,0.92946,8.176,12.062,-5.9571,-16.938,-9.9483,1.8273,-1.1907,-17.151,-15.218,-9.0529,-17.517,-5.5846,8.7632,-8.2813,-4.9008,17.909,2.9081,-13.127,1.3764,8.2599,7.798,6.3484,-8.63,-10.816,9.6373,23.035,15.395,-2.7256,3.358,29.839,14.517,-22.671,-13.367,5.0989,-3.5385,-2.4141,0.084161,-11.751,-10.592,-5.7324,-8.159,-4.3927,-13.704,-24.697,0.94985,19.61,-2.5354,-12.928,-2.5494,-0.43958,12.428,24.81,6.1706,1.7395,28.77,26.293,-0.3653,1.2256,11.493,0.38005,-16.86,-24.409,-13.171,0.65482,-12.903,-22.828,-1.1001,3.9653,-11.839,3.5461,24.418,7.5029,-11.665,-6.7299,-0.036671,-0.63103,0.36598,5.5768,5.7411,-1.5799,5.5361,23.188,13.258,-12.924,-16.042,-6.8674,-1.0894,9.7693,13.833,1.0928,-9.3127,-4.5638,4.4714,-0.1814,-13.269,-10.965,-1.6701,-2.9492,1.0867,6.3025,-3.4309,-0.36333,17.632,11.513,-6.7908,-8.9681,-5.9495,0.75572,8.1037,-5.3702,-18.876,1.7459,26.359,12.835,-13.945,-12.513,1.6265,4.4741,6.7112,-0.60408,-16.966,4.6068,36.583,7.4235,-27.052,-6.623,3.1013,-12.364,-1.5116,4.4273,-10.844,1.1576,13.811,-9.7108,-14.001,10.737,8.987,-1.1485,7.0187,-1.2492,-10.475,8.7444,12.084,-2.6329,-0.19558,-7.5696,-11.359,19.1,16.358,-22.02,-17.426,-0.65943,-3.0057,9.0817,5.603,-7.6324,16.083,21.16,-4.3206,0.60359,0.4863,-21.669,-16.424,-1.8645,4.8078,5.8149,-13.105,-4.0709,25.741,-4.1327,-26.977,15.303,22.31,-5.3336,-1.0193,-6.9185,-15.992,7.5129,12.568,3.1978,13.309,8.6415,-1.9516,4.6156,-0.89241,-5.2405,2.2009,-14.896,-29.396,-4.9776,13.2,-1.389,-16.059,-4.3643,21.488,18.267,-9.1847,-4.604,12.88,-4.0787,-16.592,-5.5273,-4.5461,2.2706,18.237,12.38,8.1436,11.299,-3.0907,-1.2938,11.44,-9.3698,-17.57,5.6439,6.7771,-0.47592,-3.2402,-18.456,-14.149,-3.861,-9.8612,11.971,20.586,-18.881,-18.485,4.7952,-7.4741,9.8864,30.444,-7.5917,-19.05,10.927,17.047,16.174,9.151,2.9023,20.243,-3.4956,-38.763,6.3579,26.395,-27.206,-21.995,11.464,-14.286,-18.429,12.526,3.9686,-10.463,3.9493,3.7697,-11.546,-3.543,13.368,7.8021,0.89313,4.5553,-8.0819,-14.436,8.5099,16.157,9.3589,16.79,7.253,-7.7477,5.7081,6.2018,-8.5286,-1.6516,-5.7009,-22.313,-8.8072,1.744,-15.301,-11.466,14.964,16.362,-4.1139,-9.5823,4.0565,10.764,1.1221,-4.5576,-1.4035,-8.2957,-11.192,10.194,16.715,-3.9314,1.503,16.92,-1.5603,-8.0314,7.3587,1.7455,4.377,17.524,0.59818,-10.784,-5.7818,-14.36,-11.267,-9.8981,-23.631,1.879,26.713,0.43984,-6.6857,6.3168,-2.8063,-0.039556,1.082,-3.9121,20.421,11.815,-25.644,1.0093,25.93,-6.2773,-11.12,3.5575,-3.0536,3.6565,6.8162,-5.2227,-0.1415,3.0417,-0.70938,4.3303,-1.7887,-4.669,9.2386,8.1215,-4.3858,-14.379,-22.479,-11.398,0.33838,-10.214,-13.619,-3.1284,10.291,31.207,33.628,7.3638,-11.65,-8.4075,7.5927,17.537,6.7924,-6.2467,-9.2235,-8.6712,-5.4456,-9.6135,-11.281,3.7162,3.9821,-4.6979,8.2334,6.8387,-9.8512,-4.2657,-5.4566,-11.706,4.7597,0.87752,-12.809,11.285,22.523,2.7821,1.8861,2.5063,-7.9527,4.4856,17.301,-0.93931,-16.185,-3.3927,3.7629,-9.808,-0.62846,22.85,2.4449,-20.447,2.7797,9.9198,-10.492,-11.364,-9.9581,-3.1285,17.418,2.105,-21.299,-0.018537,13.402,2.1276,6.7312,8.7224,1.088,4.1939,1.5943,-4.511,1.1959,-0.72109,-12.944,-12.715,1.0376,4.6611,-8.7666,-4.2208,19.953,13.586,-7.4683,3.0659,13.45,0.96252,-3.2981,1.7377,-3.4515,-15.864,-16.845,2.4793,15.42,4.2848,-10.869,-17.44,-4.7962,22.385,22.261,-1.3209,-12.485,-16.503,-6.4845,11.396,-2.6634,-13.222,9.5883,11.285,-1.2757,3.9564,-1.0292,1.7337,20.972,5.5386,-16.147,-0.21787,13.163,4.4548,-11.77,-17.471,5.3865,13.894,-14.692,-20.606,0.82796,9.5995,10.101,2.9128,-6.5516,-8.0407,-14.543,-5.3936,13.798,-5.793,-17.613,11.311,10.137,-6.5588,8.2331,8.8765,0.91989,16.131,15.782,-0.35932,-5.0697,0.41887,23.094,26.726,-13.395,-26.568,-2.0776,-3.6815,-16.578,-13.167,-12.878,-13.257,-10.03,-7.9611,-0.4648,0.89487,-8.3997,-6.2522,8.0645,14.584,9.0865,9.4923,20.739,16.404,3.8449,15.32,22.472,4.9171,-0.28302,1.8869,-8.3726,-6.1102,-1.8854,-19.922,-27.166,-12.344,-8.9387,-14.262,-8.3446,-3.7233,-6.359,1.4988,14.375,13.273,5.7854,-2.1108,-7.8869,7.279,21.79,3.4181,-5.8481,15.338,16.842,-4.2272,-11.636,-5.1247,4.7402,6.2107,-2.0813,-3.2086,-2.3499,0.18011,12.082,4.227,-15.554,-7.1126,2.3201,-3.9464,-3.6856,-16.747,-26.639,3.8011,16.488,-10.855,-12.832,3.8934,3.2789,7.9688,20.179,17.682,0.68103,-12.651,3.5958,25.012,4.036,-16.01,10.115,24.809,3.5262,-7.4468,-12.555,-25.073,-13.37,6.5583,-2.9531,-10.326,1.7201,-3.2013,-12.732,2.4449,11.102,0.78388,-0.54164,-0.9039,-8.7383,1.4783,18.111,5.5366,-10.627,5.0417,12.196,-10.889,-6.4624,20.013,7.419,-7.8523,9.8594,10.61,-3.4573,-2.7016,-2.9398,0.89972,-5.259,-30.152,-11.468,17.516,-10.511,-9.5731,23.26,-4.3749,-13.317,22.968,-0.8203,-21.494,13.032,6.0654,-9.8444,11.337,-7.8678,-26.615,16.997,33.959,2.2618,-8.0876,-0.46592,2.1973,6.9257,8.2292,-1.2484,-12.831,-12.645,-6.4715,-5.7521,-1.7779,2.9819,7.005,16.165,2.2502,-19.348,0.48394,10.046,-15.775,-5.678,9.811,-17.071,-15.292,16.14,12.963,-1.3276,1.0876,10.026,15.058,0.44018,-8.2897,4.8722,0.58378,-5.148,9.7879,1.399,-15.417,-5.6909,-3.6935,-6.8709,7.5926,12.086,4.0382,0.058137,-4.9242,-4.4012,1.8471,2.0608,-5.5379,-19.823,-22.038,-5.4643,3.8216,8.9293,18.536,15.269,7.9579,2.347,-5.0119,7.7253,17.247,-4.6453,-11.597,3.6987,3.3839,-4.4212,-15.428,-17.266,9.2746,12.769,-11.449,0.78224,13.083,-11.521,-13.022,8.4653,10.881,5.7609,-1.2967,-8.2384,-7.2375,-10.217,-6.8913,4.8968,1.9319,4.0418,15.128,-1.6428,-20.923,-6.3182,13.873,17.144,6.4617,-8.4742,-3.3008,17.991,17.731,-3.7923,-3.2901,15.094,-3.568,-33.377,-7.9544,17.111,-7.3023,-9.0344,13.951,-0.20654,-19.553,-13.636,-2.6467,6.1641,-7.0497,-27.696,-12.374,5.9016,3.3023,10.802,16.137,11.76,10.436,1.9858,14.574,41.26,14.86,-15.312,12.778,21.9,-6.6975,-7.6173,-3.6576,-24.787,-29.71,-8.1445,-3.0341,-25.334,-29.43,-9.2627,-9.0173,-9.2102,8.6052,-1.4659,-14.944,5.4065,9.7374,5.0157,27.399,36.521,28.69,26.9,19.568,20.73,16.101,-7.0745,9.8012,26.061,-31.322,-62.09,-23.493,-19.909,-40.087,-22.271,-4.9081,-7.5711,-9.0942,-5.6856,7.4756,19.872,15.511,6.0729,9.7789,24.836,21.697,-0.90057,-0.050525,11.159,1.0527,0.061125,4.902,-5.5419,-0.50094,6.6622,-4.3634,3.0724,8.8749,-10.284,-10.169,-2.9148,-10.197,-2.6056,-4.6148,-17.537,8.9653,20.504,-25.298,-40.451,-6.2354,6.0861,-0.19001,3.8104,2.7121,1.7386,21.235,34.349,12.517,-5.6995,10.69,19.821,2.2489,-8.4359,-4.9483,1.9438,3.1283,-12.408,-17.308,6.0992,13.584,-9.481,-26.509,-23.399,-4.597,12.857,2.0122,-21.241,-18.873,1.8414,9.0131,3.8483,9.9769,20.231,18.903,23.845,24.882,-7.7341,-27.917,0.19894,16.552,-2.4615,-8.6602,1.0924,-4.9768,-18.884,-11.89,6.9407,3.9007,-10.803,-12.826,-13.674,-2.7958,20.619,6.3843,-15.901,13.102,26.017,-6.0691,-2.9561,15.53,-3.1033,-6.7022,7.3814,-7.1062,-10.183,12.765,8.0783,-8.1676,-0.73819,-2.3056,-13.207,2.0146,13.11,-6.1839,-13.779,-2.2391,-1.2017,1.3206,5.0816,-5.489,-1.9323,12.118,5.9881,9.1997,14.703,-16.872,-22.095,20.075,14.692,-24.038,-18.402,-0.35675,6.142,12.619,-3.8039,-9.9793,17.05,9.555,-12.007,14.931,21.153,-15.513,-12.217,9.449,-6.592,-21.407,-9.7245,9.5748,17.366,0.10306,-9.9418,5.3611,2.5487,-10.534,-1.2788,1.7778,-2.4301,-1.0676,-18.158,-19.369,17.574,22.264,-3.156,2.5897,11.646,0.83016,3.5639,18.117,21.26,3.23,-20.235,-14.521,0.4289,-7.9242,-10.653,-3.2644,-5.9504,0.52118,10.465,6.3833,4.0231,-0.73571,-4.4418,1.8034,-14.352,-28.794,0.42417,8.0754,-24.561,-21.692,5.8511,14.136,21.175,24.449,14.733,13.186,20.813,20.94,5.6026,-7.9025,0.74736,3.8832,-7.5959,-1.8074,-3.062,-24.312,-18.766,-6.5712,-20.049,-16.339,4.2619,2.348,-11.282,-19.579,-15.011,-0.68527,-5.1211,-15.686,4.0251,30.476,28.538,9.6946,5.8025,27.72,44.781,34.398,17.765,13.873,18.248,9.942,-19.467,-35.586,-32.278,-44.435,-54.023,-34.93,-13.427,-5.9883,-7.727,-2.3235,15.578,9.478,-3.2559,21.98,26.397,-4.2173,4.9463,21.835,10.244,19.803,23.861,-0.21745,1.4523,12.054,5.3668,5.6831,-3.3792,-18.222,-11.78,-7.8436,-8.9784,-8.3292,-20.439,-14.15,6.755,-7.8927,-20.207,5.3078,16.836,-0.35965,-14.18,-14.961,-3.4816,11.178,13.121,3.5393,7.3277,25.612,11.036,-20.661,-3.0969,21.186,7.2285,4.4355,5.9143,0.24728,20.052,12.547,-24.791,-11.809,2.3911,-17.03,-6.1446,0.89689,-15.657,-4.3266,-4.076,-21.679,-8.9381,-2.6968,-2.5483,16.631,7.3997,-7.6884,9.5529,14.668,12.395,9.9765,-12.055,-3.546,19.407,-5.7435,-14.806,15.659,15.991,3.4622,4.2992,-4.0705,-6.0829,2.1103,2.7619,-1.8953,-12.966,-13.749,-3.4848,-11.369,-5.504,19.447,-7.1531,-45.167,-14.199,20.773,9.8328,7.104,16.465,11.012,11.79,13.552,-6.1419,-11.702,11.816,12.534,-10.038,-9.0382,-3.3348,-16.154,-12.64,9.8105,16.189,4.7409,-1.5246,7.2765,7.8307,-11.327,-12.603,6.367,7.3736,-1.4069,-7.2924,-16.197,-13.757,-6.9579,-4.5828,8.9823,13.827,2.4613,3.7362,8.2104,8.3121,3.6348,-20.998,-16.138,30.826,28.326,-10.28,-8.9663,-3.6362,-11.297,-1.8345,0.33259,-6.2058,0.053716,6.9446,12.209,5.9582,-11.595,-6.1038,5.8416,0.89719,-0.80958,-11.521,-20.044,3.8185,9.5769,-7.642,9.0628,21.601,2.3969,-3.3603,-5.9526,-13.399,0.010386,3.0716,-13.288,-5.4069,14.494,14.625,7.4513,2.6302,-0.56368,4.1427,4.9048,-9.6187,-9.6039,12.35,4.7284,-21.26,-5.3993,10.668,-13.765,-17.668,3.9565,5.9277,4.362,4.0827,0.2313,10.662,7.1727,-14.852,-4.0594,20.961,12.384,-12.399,-19.839,-1.7905,11.883,-3.8773,-13.194,2.348,13.667,9.8075,-8.3082,-14.349,11.5,14.279,-8.4338,4.679,11.737,-13.436,-3.0892,12.239,-16.464,-17.249,17.512,8.2911,-23.734,-13.185,10.393,0.46985,-9.6264,5.1225,11.163,12.388,18.188,-4.5747,-19.163,8.9139,9.9057,-13.151,0.058309,7.8573,-6.2991,-2.9801,1.9192,5.1614,8.5651,-9.0691,-13.278,-2.2892,-12.24,-1.1928,19.151,-6.3147,-12.435,16.284,8.9965,1.6074,12.12,-11.183,-23.053,4.7516,9.2772,-3.1631,5.2782,12.616,3.8795,-9.1669,-10.797,2.7201,7.9822,0.57335,0.17077,0.40576,-8.9995,-16.502,-12.352,1.7377,14.083,12.766,-0.65727,-11.201,-4.5908,8.2595,9.861,7.6685,5.5699,2.5354,9.2313,12.765,-0.42258,-12.623,-17.915,-12.592,3.5707,-4.1601,-22.913,-3.7929,16.601,0.62553,-13.151,-10.347,2.0713,18.311,4.2741,-12.677,18.902,33.675,-0.81708,1.0394,22.083,-11.049,-27.406,10.013,7.5665,-23.091,-5.6401,13.629,-0.50548,-11.216,-21.724,-17.705,13.433,9.4463,-13.183,6.8953,13.08,-5.8801,11.813,19.833,-9.0505,-13.83,-0.27574,3.001,-2.8479,-13.882,5.9547,31.538,6.0606,-9.0387,4.4958,-10.59,-3.1195,23.497,-8.548,-22.007,16.458,3.0971,-30.896,-15.486,3.3637,6.7158,3.4932,-3.5644,6.8212,9.0294,-4.3079,4.2521,4.1804,-10.012,7.2768,15.828,-3.6958,-0.66364,6.8418,-3.7385,-6.9845,-6.4733,-5.2568,-2.8657,-5.937,1.8078,-0.10402,-21.26,-2.2021,30.573,11.647,-4.7285,5.3422,2.2046,13.745,25.626,-11.314,-31.251,0.58188,10.384,-7.3601,-7.9436,-0.099665,2.4677,-5.3537,-19.479,-9.6253,5.996,-10.399,-10.5,21.492,9.5802,-21.633,5.1983,29.484,6.5412,4.2928,17.789,1.9823,-9.8059,-6.2552,-6.9092,-0.13316,5.6457,2.1265,4.5544,4.0745,1.3718,5.7736,1.783,-1.8202,-0.72693,-16.854,-27.162,-16.714,-11.383,-3.741,2.7503,-7.4184,-2.5016,9.4578,-1.9114,-1.6607,11.898,8.3004,10.775,19.632,16.753,19.221,15.963,2.8612,8.4557,11.464,-3.7937,-6.9106,-3.4621,-8.7249,-17.253,-32.287,-34.109,-12.91,-5.8129,-14.707,-12.612,-8.5973,-4.9347,13.113,29.178,19.124,-0.96533,1.2428,15.53,17.389,20.329,22.116,3.1123,-9.5268,-3.6799,-2.9807,3.8496,11.82,-1.8947,-2.3622,9.9656,-15.831,-40.809,-15.825,2.6279,-17.181,-24.754,-4.7542,6.2097,-0.13588,0.80054,9.9344,9.6346,9.4784,18.527,15.919,1.0578,-0.51499,7.6831,3.023,-11.585,-16.191,-2.2046,19.469,23.307,2.0724,-10.71,-0.44934,0.55361,-9.4377,-6.4138,-3.5276,-5.1039,-1.0366,-7.8412,-12.606,2.1954,1.1965,-8.7269,5.166,7.1644,-8.3841,-1.7215,6.8232,-0.30166,-3.7586,-4.9212,7.2559,28.681,13.523,-17.591,-9.8641,10.538,6.7248,-0.75965,7.8328,12.804,-6.7747,-20.024,-0.80836,5.6198,-16.125,-12.221,17.709,18.872,-16.663,-36.43,-3.4877,29.987,9.3672,-10.968,5.9989,5.0037,-13.382,-0.26633,13.968,-9.9079,-29.135,-7.5025,18.092,20.054,15.825,3.0483,-10.874,5.7048,15.485,-8.7505,-5.5161,16.863,3.0217,-10.823,-5.556,-3.6622,-0.11424,-15.924,-27.687,10.058,16.695,-18.355,3.9453,21.213,-12.751,-0.75074,16.387,-13.851,-3.7411,22.201,6.1051,-1.6058,-8.5648,-15.567,10.999,6.9647,-19.89,4.619,16.96,-4.1545,6.9272,7.2647,-18.745,-4.7818,22.289,10.692,-18.877,-24.974,3.2165,11.815,-12.835,-5.9452,11.936,0.35363,5.4626,13.016,-6.6686,-4.2132,8.2706,-3.0671,-5.9699,-4.8522,-6.7464,10.191,16.868,1.9694,-9.1115,-15.354,-3.6628,8.3059,-10.021,-5.7493,17.775,-6.427,-21.436,13.298,24.651,8.0898,-4.2432,-11.059,10.99,25.682,-6.0062,-16.874,-3.7213,-19.393,-13.246,20.609,8.4008,-18.504,-8.1592,3.0497,-1.3384,-3.6214,-2.0775,6.9903,13.043,1.7216,-4.4135,5.9965,7.9608,0.15789,-0.53169,-1.7966,-3.5474,7.0405,10.866,-4.6677,-10.879,-0.52364,2.1854,-5.4148,-7.2779,0.43856,-1.9067,-16.426,-2.8476,25.73,7.4168,-23.237,-5.8072,18.402,14.253,4.5145,0.65421,2.5816,-3.8253,-15.962,-1.7261,9.7882,-6.2284,-1.6157,1.7744,-25.909,-13.145,23.888,11.512,-1.3367,8.5968,-2.4696,-8.2496,5.4904,10.569,11.496,4.0202,-8.6182,-7.3656,-9.5392,-6.7208,12.021,1.932,-18.135,0.46607,13.644,0.61842,-0.48488,1.1872,-8.6351,-11.671,-3.6969,5.4357,6.9146,3.5838,-1.1869,-7.1134,4.859,18.491,1.0069,-5.1978,7.8038,-8.6385,-13.253,7.3089,-5.4527,-7.8653,14.26,-5.0886,-8.495,27.321,9.7228,-18.646,0.55587,0.82907,-7.4397,9.8119,8.118,-2.7802,-5.1534,-15.983,-8.6333,3.591,-12.291,-13.153,5.4788,10.594,18.405,14.334,-13.733,-16.255,4.9124,11.52,10.125,4.0153,-6.2278,-6.8518,-1.5771,8.5179,15.265,0.55206,-10.42,1.1418,4.623,-2.55,0.4883,1.0781,-9.5323,-13.96,-6.0562,-1.0756,-5.3459,-1.975,8.5183,1.5806,-12.065,-3.5219,8.864,-2.2813,-12.883,3.5214,18.085,9.1531,7.6873,14.259,1.9699,-1.7524,9.6236,-0.9264,-6.5823,6.1023,-7.6219,-14.153,13.262,7.3678,-15.873,-2.275,-3.6827,-24.632,-10.415,4.1765,-3.6022,0.095263,1.926,-1.4532,9.7762,9.8209,-1.8437,0.39029,-1.1729,-5.2687,4.7917,4.9371,-3.0976,4.6264,13.46,15.415,13.08,-0.27951,-3.9034,5.1528,-1.0224,-4.0067,4.7654,-8.1091,-18.731,-5.9281,-11.021,-17.177,4.7343,2.6672,-21.81,-16.336,-6.0294,-4.2914,13.08,13.901,-1.0972,15.536,30.664,13.371,7.2556,13.437,4.1418,-2.96,-1.2367,-6.2528,-12.199,-2.9535,18.267,13.485,-27.124,-41.214,-13.042,0.54792,-1.3659,5.0276,3.4483,0.19309,1.277,-6.8609,0.00026969,18.592,8.5662,-5.3533,-2.4999,-8.7886,-4.4322,12.688,5.9107,8.1424,25.388,0.30888,-22.759,5.5562,14.455,-9.4234,-9.4057,-0.51669,2.4558,10.905,0.44743,-18.966,-13.851,-3.8047,-3.0194,-2.4147,-3.4324,0.087314,-0.73149,-8.6791,8.14,23.492,-0.74163,-8.8383,11.208,4.905,-1.7371,8.1185,-2.9684,-2.9264,16.908,-1.0252,-23.322,-4.0427,6.6846,-6.0661,-7.8408,2.296,16.058,15.244,-6.2183,-12.871,-9.6596,-16.202,2.9548,27.52,2.6675,-18.738,1.3175,1.8156,-11.282,9.8925,17.887,-12.953,-17.62,10.879,18.626,7.0637,-1.732,-9.2646,-6.4654,0.56582,-4.8676,-0.27291,13.806,1.2854,-14.392,-3.4026,3.5344,-0.22771,-1.5931,-10.243,-6.677,12.778,10.147,2.7309,10.443,-0.77142,-11.451,6.3411,8.0044,-6.1044,2.3046,7.3417,-3.8448,-5.3843,-5.4164,-11.399,-12.394,-9.9883,-3.352,-0.012907,-1.2692,17.629,30.803,0.48693,-17.034,6.8802,10.754,-4.6146,-2.7158,-4.462,-2.3383,14.343,-0.64698,-23.706,0.21886,13.036,-12.84,-3.7966,24.751,6.1269,-18.72,-4.5628,13.029,6.8512,-12.821,-20.046,0.00047369,14.372,2.9731,-2.8633,-1.6913,-8.9087,-2.6519,6.9604,-7.0074,-8.2685,15.34,14.538,-4.8392,-5.4476,0.35875,6.5089,15.839,5.8556,-5.4217,9.6288,10.034,-17.75,-24.12,-4.9538,9.93,7.514,-15.076,-18.153,15.922,16.721,-20.104,-13.574,15.548,5.7965,-10.445,-2.8709,6.5319,0.94979,-12.129,-1.3196,21.957,5.711,-15.025,8.943,23.627,7.3279,0.21816,-4.5176,-7.1542,3.3504,-0.3018,-6.4537,3.5469,-4.6735,-20.292,-10.961,0.84748,5.4661,4.2352,-7.0658,-4.8843,-2.3197,-13.549,4.7338,18.496,-12.151,1.0019,42.153,4.9498,-27.411,12.731,19.043,-6.3325,4.4593,1.1731,-20.773,-18.22,-15.711,1.3484,38.091,19.98,-22.287,-7.021,8.9271,-13.12,-10.041,10.699,2.3252,-7.7181,-1.7998,-5.551,-8.3407,6.8299,8.9853,-9.1151,-7.4303,10.575,14.241,12.978,4.3568,-16.581,-8.491,17.183,4.1922,-16.534,-5.868,2.1187,-1.7986,-0.11886,3.267,6.5293,0.20779,-7.6382,10.413,20.854,-2.5977,-12.297,-4.4382,-10.69,-13.589,-6.8596,0.1576,10.761,8.6293,1.0564,5.6128,-4.109,-13.942,7.3776,15.458,-1.5766,-5.3659,-11.54,-17.58,7.4911,22.104,0.059347,-4.9265,17.728,15.182,-18.977,-29.295,5.0843,29.744,8.6398,-16.542,-8.0519,7.7321,1.8612,-2.7525,8.5003,4.5532,-12.468,-12.669,-8.8252,-5.9993,0.63795,-9.4032,-10.638,9.5675,3.2054,1.2621,23.771,3.0007,-6.5456,35.365,7.1582,-42.614,5.8063,27.123,-19.124,-8.0659,13.03,-5.486,3.0271,2.1336,-21.051,2.9046,19.863,-15.266,-23.242,4.9359,9.5579,-3.4812,-2.1696,7.7502,7.7374,5.9351,7.4998,-3.1181,-9.3039,0.50651,-0.097502,-1.5062,1.6463,-13.611,-14.65,4.0766,-4.379,-8.5111,13.762,14.126,4.1916,7.0569,3.4507,3.2591,2.6822,-3.5368,13.465,21.884,-5.7062,-17.849,-9.5032,-3.9415,6.3576,-0.16415,-11.892,4.6107,3.1312,-23.119,-17.859,-4.4411,-13.685,-16.104,-3.0679,14.946,19.504,-0.34595,-7.1425,9.7808,19.843,25.808,21.7,5.7797,17.835,32.823,5.6512,-14.697,-8.9453,-19.759,-30.01,-23.279,-28.997,-31.367,-9.4845,2.3302,-3.9432,3.459,17.508,13.445,7.7259,15.278,12.643,-5.8864,-11.307,5.0122,18.687,10.91,0.91688,12.949,14.675,-15.363,-19.621,11.306,8.4106,-16.127,-7.3874,2.8849,-8.6602,-5.365,3.922,-6.091,-5.9484,7.5895,-4.6837,-22.28,-1.8911,22.314,11.061,-7.314,-12.151,-9.7915,3.4995,8.4691,-7.7856,-7.5826,13.425,20.455,20.265,16.777,-2.7063,-10.653,-0.45737,-1.5269,-3.3388,-1.2849,-14.498,-16.129,6.5227,11.245,-9.227,-22.867,-9.6911,21.816,25.267,-6.3097,-13.345,3.8595,0.15334,-5.8303,3.916,8.9024,4.7086,-11.538,-23.576,-0.16537,21.853,5.1385,-11.592,-8.2249,3.6565,19.737,16.889,3.47,4.5924,-8.2031,-18.134,12.35,13.486,-24.986,-8.6122,22.471,-8.1041,-27.771,-1.9806,10.926,10.527,4.725,-17.543,-18.557,7.4168,15.869,10.901,7.7996,-2.4776,-3.5901,3.0604,-9.3763,-15.926,-0.87987,-4.647,-11.436,18.1,29.203,-7.7886,-17.356,17.888,30.482,9.4171,-9.2691,-14.426,-7.2435,-0.3758,-8.0889,-10.899,2.3021,1.9238,-11.748,-5.3749,4.4817,-9.2929,-17.195,-6.5348,1.6113,17.109,29.474,8.0689,-7.7862,7.0729,6.6606,-2.7724,8.4158,6.3878,-12.059,-8.442,5.9363,2.3521,-12.674,-12.111,6.761,6.7221,-8.9445,-3.6614,-2.6702,-12.005,9.5761,20.786,-9.8067,-13.553,8.9842,0.40954,-9.7571,5.3931,12.456,3.1363,-6.7347,-5.7947,8.6746,13.991,-2.1901,-13.205,0.024703,14.207,1.2121,-17.221,-7.5453,6.9721,-2.0491,-12.95,-2.554,18.805,19.405,-7.3433,-15.42,6.4691,8.0679,-10.096,-7.5488,6.0185,7.2448,-1.3126,-12.691,-16.055,-3.1237,13.632,11.818,-1.1784,5.8813,16.979,1.0427,-10.526,-4.4113,-8.7339,-5.9538,5.9804,-2.2754,-2.1784,11.531,0.88316,-5.9201,6.7291,3.5946,-2.0151,-3.4641,-17.303,-10.924,12.987,9.2209,-5.0264,-4.2486,1.6692,8.5861,5.8514,-1.6792,5.0833,4.5327,-9.2816,-5.0537,5.3,-0.31814,-6.3973,-6.0933,-0.89428,9.1804,8.0037,-2.7424,0.061474,8.0611,-3.3554,-17.419,-5.4993,8.4959,-0.30234,-1.7899,6.456,-6.5552,-11.759,9.3588,11.186,-1.9141,-0.019163,-6.9096,-12.364,12.736,23.483,0.57895,-5.4412,6.5318,3.2665,-5.2294,-7.5625,-10.252,-9.3408,-3.7408,1.9069,4.7028,-0.25286,-4.5341,-0.39891,1.1741,4.0132,11.95,4.1132,-9.4306,-5.1232,-1.3164,1.2143,16.535,13.403,-11.787,-16.331,-0.74486,7.6054,0.48586,-9.829,0.9975,13.904,-1.7509,-13.781,-7.6614,-3.233,11.257,15.431,-8.9253,-8.1096,14.604,10.967,-1.7134,-13.251,-12.255,20.352,19.687,-20.539,-15.169,3.8107,-5.2987,1.3758,-2.733,-19.11,5.3179,13.336,-9.574,3.8606,8.0936,-10.577,11.788,22.849,-7.3081,-9.6609,6.8746,11.285,10.059,-8.6973,-16.541,5.0321,11.286,4.3468,-2.0662,-20.751,-17.179,6.791,5.6645,2.817,3.7235,-20.073,-24.347,7.2175,15.411,-4.4783,-11.736,1.6424,16.834,14.249,2.1709,1.3556,10.251,17.816,10.555,-7.9383,-8.9525,1.1851,-3.851,-7.5052,4.4443,10.412,-3.7323,-18.673,-7.2243,3.9677,-17.393,-19.425,12.56,6.9457,-18.88,-5.8552,8.038,1.1384,1.2889,1.1343,2.5273,12.212,8.6374,2.1754,10.134,15.861,13.56,6.8283,1.2209,1.9582,-4.1564,-5.6905,4.9478,-10.696,-28.759,-5.7107,1.8571,-15.98,-3.8367,-1.5732,-25.294,-11.151,13.23,2.1618,-5.5645,2.3204,13.055,25.018,15.426,0.78191,13.438,21.322,9.4472,-0.80668,-13.321,-13.746,5.4716,3.1021,-14.672,-9.1747,-5.0313,-20.545,-20.14,2.5651,14.431,7.2571,1.4807,3.1224,3.0065,2.7043,-1.6367,-11.929,-1.7996,19.799,7.8601,-12.18,-0.090837,7.9086,-3.3393,-6.4036,-8.1727,-3.7047,17.432,16.782,-1.1642,3.9702,0.85159,-18.937,-4.0061,15.411,-5.3265,-16.748,-2.2176,0.029399,-2.4971,-0.36218,1.0802,12.192,12.238,-4.2116,0.91255,5.5674,-13.987,-12.623,-0.3505,-6.8647,3.1406,10.511,-12.067,-2.1555,28.947,9.9575,-16.68,-4.6903,8.6095,6.9896,-2.3694,-9.5973,1.6509,8.3256,-5.8701,-12.647,-6.2919,1.6827,3.6457,-9.4676,-7.4788,22.21,25.017,-2.1467,-5.9458,6.3403,1.9361,-10.803,-13.226,-6.8344,-6.6722,-9.9895,-3.3857,6.0204,14.132,15.4,-2.0182,-10.277,1.8986,0.27712,-0.11246,13.839,3.404,-11.47,-1.4365,-1.4755,-8.8531,-5.0154,-2.7483,12.917,23.513,-5.2263,-15.861,10.689,10.409,-7.3037,-8.617,-5.4756,5.8587,8.2452,-13.882,-14.247,4.7696,-2.731,-8.2575,12.559,18.5,-5.5327,-24.784,-9.1674,20.673,15.605,-11.261,-6.9428,16.412,13.415,-8.7169,-12.85,1.9291,5.1854,-2.4537,4.0555,14.259,8.4594,-1.1837,-5.5937,-11.214,-15.714,-10.075,4.4572,9.9743,-1.0404,-8.8121,-5.1164,-1.6367,1.5038,4.4667,0.30779,-1.7445,9.7992,16.706,-5.4478,-30.391,-11.469,25.995,25.881,3.623,-1.9398,1.3068,-1.9032,-5.2071,-0.014954,5.0107,-4.4519,-14.346,-10.297,-5.8846,1.5214,13.295,5.0427,-8.3749,-1.3657,1.5651,-3.2729,4.4467,3.7474,-11.955,-11.315,3.1186,6.9242,5.221,9.0696,7.9942,0.57557,4.8277,11.302,-0.68445,-10.11,-5.4994,-9.1715,-14.642,-7.078,4.3809,13.368,6.8947,-11.393,-6.9615,11.295,12.65,6.5895,-1.901,-9.7291,-3.4108,-0.28292,-4.2668,0.96053,0.32347,-1.4805,8.211,1.0978,-12.025,-1.96,4.2036,-0.78065,0.88459,0.80426,2.6489,3.7355,-4.54,-0.018346,2.3456,-14.94,-5.2727,17.774,2.9489,-5.9591,12.714,10.121,-2.5834,2.7133,5.8942,-0.41217,-12.182,-21.943,-6.9533,13.989,1.4334,-14.34,5.6545,15.377,-13.945,-17.814,14.565,14.256,-4.3625,1.3435,-2.6064,-10.323,8.162,12.366,1.5113,8.4047,3.203,-10.759,-2.3043,-1.4202,-10.405,-1.2851,3.6523,-4.4945,-5.1219,3.492,14.894,9.5386,-12.586,-13.58,4.6748,14.022,9.732,-9.3937,-15.045,7.0388,8.0614,-6.2571,-1.5542,-9.2694,-8.1437,24.387,6.4254,-34.754,-0.44006,26.745,-12.508,-16.138,16.723,10.289,-5.7559,-1.1693,1.6067,-1.0845,-7.7807,-7.75,11.846,24.55,14.033,-1.184,-11.029,-9.2015,1.6902,5.1556,2.4813,-8.453,-25.328,-9.0005,25.698,11.562,-21.813,-11.616,4.9026,-5.1595,-10.158,-2.6314,4.6326,8.3675,1.8727,-6.4553,-6.0821,2.744,22.596,27.262,1.3797,-6.2239,11.248,6.5059,-2.8915,7.0289,5.6187,-8.6528,-14.566,-6.1357,10.218,-3.4758,-35.444,-17.696,11.471,-8.0728,-12.891,9.5953,-6.3102,-26.867,-8.6531,11.578,19.434,14.761,0.98087,13.544,29.861,9.0165,0.29063,20.011,13.825,-3.0868,0.8308,-2.3529,-10.657,-6.4353,-7.8733,-9.924,-5.271,-15.006,-20.284,-3.9829,-7.5132,-29.07,-20.108,7.1805,18.345,14.88,4.5966,2.869,11.153,1.5475,-11.463,5.8748,25.115,19.438,10.455,9.4783,12.058,13.94,8.2557,-0.093162,-10.076,-21.686,-17.248,-8.3202,-18.041,-17.982,-0.53012,-6.7721,-23.048,-9.2673,7.7152,-1.0737,-4.6249,10.437,7.8915,-6.4258,12.45,34.271,11.025,-7.9916,8.7689,13.166,5.7534,7.2744,-7.7735,-15.026,14.054,16.701,-18.231,-14.351,14.738,2.5231,-18.594,-6.8283,-5.8615,-25.47,-14.66,6.3081,-8.1448,-12.802,14.782,13.075,-12.134,-2.1757,17.257,8.858,4.0792,14.235,12.857,3.816,2.3149,1.9426,-1.4311,-5.3013,-6.1768,5.0439,14.906,-1.3263,-17.539,-4.6114,1.9407,-11.381,-7.1367,4.096,-4.249,-6.1627,2.9915,-5.6461,-14.965,-0.75855,3.7448,-12.626,3.2222,36.664,9.9041,-29.362,-1.3993,23.513,10.736,17.837,8.7176,-18.834,4.7313,13.029,-22.994,-14.304,-7.0457,-24.426,18.824,37.708,-14.955,-9.6376,8.8579,-25.019,-5.4992,23.064,-7.9089,0.61872,12.725,-25.586,-7.1397,23.751,-15.806,-16.166,22.175,0.58336,-19.401,10.264,27.723,10.745,-7.7156,4.9411,16.814,-11.128,-14.395,12.363,-9.4359,-19.792,21.73,10.984,-26.04,-2.1496,10.547,-17.295,-10.417,12.691,-4.154,-24.415,3.3526,35.989,9.2272,-21.651,0.81418,9.9203,-7.9608,1.1553,7.5582,4.1655,15.169,-2.6213,-21.123,5.6748,3.9974,-18.374,1.1348,3.6736,-1.7535,28.997,8.3279,-32.807,9.0555,30.219,-14.064,-11.138,7.4852,-13.397,-16.047,-13.205,-21.029,3.3664,20.572,3.1566,-0.0027139,4.5547,2.5542,13.468,13.095,-3.7387,-1.8016,7.2517,2.3931,-1.3445,-0.1113,-6.7146,-11.335,6.0619,15.429,-11.432,-16.059,10.707,-7.5798,-27.872,12.902,25.687,-7.7439,-1.4206,14.1,-5.6354,-15.246,-2.3979,7.7754,-4.0198,-22.863,3.4964,30.789,-8.5948,-25.483,20.946,28.127,-2.652,-3.1025,8.8195,5.3803,-14.235,-21.191,11.074,22.174,-9.3174,-12.104,0.57216,-10.63,-13.687,-11.285,-3.6933,22.302,13.795,-17.218,-1.427,23.618,18.342,5.3733,-10.863,-10.422,-0.11719,-15.267,-11.449,13.454,-1.906,-9.1179,12.38,-4.6398,-15.301,16.151,15.519,-6.0638,-3.4948,-3.9747,-2.5258,8.8932,8.2468,7.9182,5.8491,-4.2486,-0.43789,-4.2049,-16.766,1.2654,6.817,-21.038,-12.626,13.416,2.25,-4.3207,8.5503,10.207,10.29,2.8991,-15.926,-8.9395,9.64,3.2196,-2.8999,-2.0893,-17.21,-17.157,13.237,21.352,0.014847,-1.9606,10.252,5.6783,1.8519,7.2966,-0.52441,-7.75,2.7683,1.4447,-13.674,-6.2789,12.5,10.817,-3.6419,-17.573,-21.036,-4.5422,6.2986,-1.5564,2.189,5.5688,-14.922,-13.565,13.31,6.8505,-5.7274,16.301,22.187,9.2138,19.121,13.279,-14.796,-11.117,-4.6576,-18.499,-5.0958,7.7916,-12.637,-6.8607,15.707,0.054773,-12.974,-2.7594,-0.78483,5.9706,5.9036,-12.518,3.7121,25.865,-4.4925,-14.219,16.618,2.4988,-23.317,-2.0199,4.3152,-21.073,-22.61,-5.9746,4.1057,14.9,22.908,19.924,13.886,10.603,3.0546,-3.9479,8.2058,21.187,5.0364,-13.838,-12.252,-11.607,-11.871,-5.5313,-11.128,-21.657,-12.484,-0.53276,-14.124,-24.162,5.0512,22.478,-4.5181,-5.7213,17.489,1.9644,0.79982,32.76,19.665,2.5426,29.631,23.604,-6.6739,6.0269,20.2,3.9007,-14.055,-23.087,-23.305,-26.864,-31.632,-15.926,-8.1082,-21.017,-11.81,7.5557,3.1636,-2.3839,11.368,24.992,6.6745,-13.728,21.635,46.574,7.4063,1.6809,26.734,-1.3986,-14.385,13.621,4.2135,-11.316,-8.2955,-29.643,-36.343,-7.8807,2.4352,-3.3625,8.6122,27.944,9.2059,-37.152,-24.523,21.59,11.868,4.0382,17.58,-12.906,-15.222,24.99,-0.5959,-31.448,1.8589,13.78,-2.0921,1.2318,11.537,21.84,6.0713,-17.463,10.592,21.887,-17.802,-10.311,16.107,-11.198,-26.549,-6.7324,4.8184,12.465,10.715,-3.6344,-5.848,-3.9712,-13.099,-22.376,-10.349,20.972,18.096,-20.449,-17.344,19.646,24.206,9.2508,3.3201,-0.99126,-1.4147,2.7399,-1.057,-9.8686,-1.3733,14.28,0.28321,-10.965,11.082,5.3497,-16.388,8.9006,18.131,-12.363,-9.4679,1.3549,-8.1536,-1.9177,-5.9999,-19.826,-5.6839,0.55649,-2.8384,10.762,4.9604,-11.683,-5.5196,5.2442,18.376,18.548,-6.7139,-7.3621,9.0775,5.7282,13.104,13.545,-11.173,-1.5531,20.902,3.3169,-13.152,-10.905,-4.5438,8.8085,2.9902,-16.35,-17.434,-15.517,-9.7073,-5.4957,-26.369,-17.146,26.578,13.954,-17.427,8.143,28.899,15.43,6.8871,-1.5785,3.7945,27.833,18.032,-8.7354,-3.0499,3.8145,-1.1106,3.7302,-7.76,-25.501,-2.3761,18.142,-9.0117,-25.283,-5.9158,-2.8196,-14.878,-8.6529,-4.148,-14.77,-7.7655,18.018,17.997,-8.9923,-15.091,3.2977,12.234,14.48,22.486,27.233,29.988,31.253,18.492,-8.866,-33.595,-30.369,-7.9024,-7.4905,-18.495,-12.545,-11.528,-13.623,-5.5382,-3.6956,14.149,28.298,-21.931,-44.683,21.182,35.82,-7.8097,11.958,31.751,-3.0887,-4.7023,14.21,-3.0582,-17.471,-11.87,-6.2185,-5.2322,-8.0475,5.1769,19.378,3.1104,2.8214,26.841,11.487,-10.549,6.3047,9.042,-8.47,-12.709,-21.194,-23.34,-12.16,-23.411,-25.799,3.2063,7.4169,5.8966,31.694,24.968,1.9712,12.111,3.2954,-9.1089,14.509,1.1856,-18.585,20.891,13.772,-27.341,11.523,24.062,-30.585,-15.271,19.021,-6.3404,-9.6736,-3.1877,-15.519,7.808,15.715,-17.684,-13.352,5.2918,-0.035408,2.0362,-2.8991,-5.0551,13.289,-0.19147,-18.983,9.2248,23.814,10.261,8.8356,-5.3606,-20.289,0.67955,16.853,7.5518,-1.4838,-11.139,-15.908,-2.4459,11.301,9.9489,3.989,5.1681,7.8759,1.6744,-11.3,-23.132,-19.077,2.7795,8.2209,-8.1402,-10.482,-3.1932,-0.3155,10.287,12.921,1.0527,0.88958,6.1968,5.2565,6.8831,5.184,3.309,3.6574,-9.3295,-14.669,5.058,14.018,3.2291,-1.2441,-0.29254,-3.8462,-11.221,-15.657,-7.9616,5.6751,12.637,5.2902,-10.494,-5.4001,13.389,3.2129,-13.955,-1.5543,8.5673,-1.5094,-8.8797,-2.8499,12.273,8.6743,-16.236,-10.867,15.932,13.326,2.1903,-0.30049,-6.4524,3.8266,11.219,-11.092,-10.589,15.158,7.7585,-5.9436,4.5238,-2.6723,-21.539,-7.916,14.146,1.2326,-18.545,0.6008,22.025,2.6418,-7.6971,8.7838,-1.4887,-16.309,-4.7386,-11.969,-19.469,10.022,17.878,-2.7615,6.3674,24.206,19.473,8.4268,-3.5669,-8.4068,-9.8526,-17.123,1.7457,24.339,-5.9728,-26.381,7.9381,12.827,-19.98,-16.927,6.4981,8.8305,0.43518,-4.7112,-0.49075,5.3767,2.9646,5.9614,7.595,-10.09,-18.708,0.39724,12.979,1.1939,-8.9299,-0.44918,9.2047,6.6293,3.7264,4.6541,5.1738,8.3105,4.564,-6.7647,-6.4606,-3.9077,-11.05,-5.6572,11.166,11.201,-4.7692,-13.592,-7.2342,-3.9923,-8.6881,0.093272,5.9178,-8.2561,-0.57284,18.462,-3.5576,-20.449,7.2417,21.625,8.2841,1.4271,0.084731,6.2848,15.445,4.0148,-12.53,-11.287,-1.3889,4.4836,-6.879,-21.389,-1.8806,23.307,4.5654,-20.034,-7.4096,5.2071,-4.506,-0.66721,18.053,12.315,-9.9084,-12.091,-3.3502,-5.3826,-3.9397,9.563,9.0306,-9.3342,-1.5871,27.972,14.36,-19.761,-6.774,7.7648,-9.6121,-3.9286,6.9688,-5.8501,2.1386,4.9349,-19.76,-2.8928,25.902,2.6423,-10.776,1.7146,-3.3663,4.1793,14.552,-9.5666,-14.948,10.251,7.5618,-15.091,-19.088,0.08863,16.606,-2.582,-19.25,9.7302,21.592,-7.1663,-7.5261,12.185,5.6386,-1.0771,4.5159,0.65497,-4.4829,-0.62869,4.3116,3.1491,-3.4562,-4.028,-1.6058,-4.4793,2.6623,7.3802,-12.253,-14.987,8.7917,7.5256,1.1457,14.861,0.89641,-16.469,6.6001,2.0899,-29.296,-3.0641,25.802,-10.122,-31.034,-1.4284,20.452,20.758,10.534,-1.5772,-2.2046,-7.8813,-11.666,14.399,23.759,-12.949,-24.833,9.1695,22.555,3.4776,-1.6986,11.969,12.226,-2.9355,-8.549,-3.8071,-4.2253,-12.753,-24.737,-26.744,-16.25,-12.332,-10.963,-1.0052,5.4868,14.78,24.855,14.249,10.03,19.7,5.996,4.696,33.184,19.859,-16.513,-10.345,2.6595,-1.9432,-7.6604,-16.413,-5.0751,11.071,-7.0454,-7.7305,11.707,-11.96,-26.8,-8.1594,-22.389,-29.948,-5.131,-15.207,-22.629,8.9649,13.609,10.636,33.823,28.963,16.567,38.708,41.736,18.688,19.161,23.915,4.7355,-10.353,-10.08,-24.003,-47.567,-45.732,-35.786,-39.882,-28.86,-11.206,-9.8568,4.7782,19.663,8.7831,11.5,19.705,7.2884,19.581,44.688,30.763,6.7144,-1.5998,2.7302,16.816,1.7575,-29.323,-19.199,-2.6725,-9.8216,-2.3033,9.0039,2.9781,-4.2905,-13.303,-15.618,-7.8866,-5.8998,4.7429,11.298,-8.7271,-7.7932,11.321,-4.5131,-17.167,-3.3621,-8.0295,-15.593,0.090613,17.032,29.638,33.334,22.676,14.867,11.249,5.3641,-5.947,-23.324,-20.893,-6.361,-15.447,-17.941,0.24153,1.1794,2.2739,9.7278,-4.6773,-3.5627,13.772,-1.9738,-6.1203,19.146,3.8362,-27.624,-16.443,0.69972,-2.5676,-5.3979,0.66766,8.2554,-1.5946,-11.576,15.638,39.571,22.29,8.5165,10.19,2.5689,-3.8232,-11.884,-20.743,-7.0068,3.2761,-8.6771,-13.893,-20.319,-25.361,0.33874,11.201,-12.141,-2.7955,25.17,17.789,5.3968,6.7407,11.181,18.557,1.9317,-16.538,5.6578,5.9944,-24.107,-6.6543,6.2321,-25.475,-9.3655,26.305,0.32646,-13.066,15.791,13.437,-7.5693,-7.6418,-1.0434,6.4954,8.0395,-1.3246,-5.3056,-4.8412,-3.6755,-1.4687,-7.6842,-2.1838,20.434,12.685,-15.574,-9.6632,6.1549,-3.1699,-4.5097,9.0003,3.1688,-7.2802,3.4783,5.9151,-11.69,-13.11,2.5721,11.13,13.881,7.3516,-2.7816,2.7667,0.69377,-17.521,-15.815,-6.37,-3.5927,17.065,21.266,-7.6866,-4.101,17.188,1.2161,-4.8172,13.497,2.6518,-14.757,-7.6538,-7.4387,-12.723,-3.8311,0.24967,-7.3053,-6.873,4.947,4.7168,-14.826,-11.849,20.722,22.9,3.8762,18.284,24.345,-4.1763,-3.8951,12.771,-5.5281,-12.299,9.3651,-1.9128,-34.774,-29.861,3.9508,17.085,-7.1503,-27.834,-8.9589,15.591,14.207,6.6126,3.2549,2.7268,4.9571,-0.54123,-1.1249,10.747,5.0818,-9.1143,0.28328,11.646,7.0606,2.2208,-1.1037,-3.6051,-4.3999,-7.244,-0.90691,10.149,1.5098,-14.378,-8.0792,5.5977,-5.5687,-21.113,-2.6016,15.462,-1.9057,-6.5687,9.9559,0.96842,-7.2788,10.388,13.299,0.33233,-1.7867,2.5038,3.173,-5.8717,-8.0374,4.2173,-1.9455,-5.2375,21.69,17.096,-17.34,-14.841,3.2962,10.402,4.3443,-23.24,-10.404,33.075,2.6435,-36.695,-2.5359,14.19,4.5725,15.665,-6.1114,-29.932,1.5123,14.236,-9.9496,-11.809,2.3513,11.281,7.3621,-6.0269,-3.3836,4.2284,4.296,12.032,13.726,13.986,22.97,6.7619,-15.787,-14.019,-22.47,-31.228,-18.682,-8.1908,16.301,36.373,5.0456,-15.499,6.1051,6.2299,-7.5638,-2.9192,6.9256,11.535,-9.8014,-32.568,-11.823,3.0448,-2.883,18.568,26.365,4.6352,6.279,7.3778,-6.9863,-7.2787,-10.457,-6.3862,14.281,8.2388,-1.3258,10.713,1.3628,-10.796,-0.079427,-2.5212,-9.7773,-4.1353,-2.459,-1.2122,-3.3383,-6.1951,1.5651,-5.7698,-11.607,10.575,5.1876,-15.856,9.1959,21.427,-7.2929,-8.7867,5.7982,1.6353,2.3417,8.5867,6.9306,-0.72874,-1.3,17.86,19.531,-2.4504,7.498,8.8879,-34.696,-25.996,21.418,-6.254,-47.68,-19.08,9.2432,3.0984,8.0291,18.366,6.4193,-9.2972,1.5777,20.753,9.8574,-10.146,-6.1774,-1.6053,-6.7588,0.26245,8.3952,0.83157,-5.6015,0.14149,5.4761,4.8037,6.563,6.3559,-3.4453,-5.7285,6.2486,11.979,6.2723,-4.5318,-13.537,-6.065,3.3663,-6.8024,-9.0498,8.9926,8.4424,-14.933,-18.681,2.2417,3.3023,-21.423,-20.887,3.033,1.4683,-7.3283,4.7052,10.63,9.6152,13.85,14.024,25.782,39.689,23.259,8.3251,10.23,-3.1079,-9.5129,-1.1603,-18.737,-35.856,-24.861,-28.334,-39.876,-20.315,-1.8893,-9.5083,-3.0949,23.536,23.75,-0.51682,-3.6416,12.891,23.264,25.195,16.712,10.391,14.848,0.32674,-15.164,3.6808,3.5726,-19.069,2.5568,19.728,-9.3709,-11.671,1.0106,-18.071,-12.437,11.174,-7.6684,-22.47,-4.5655,-6.8842,-19.781,-0.59281,22.496,12.776,-6.1253,-4.3504,2.7311,4.0003,12.139,11.393,-4.3835,0.75432,18.875,12.85,0.32446,0.79191,-1.6621,-5.1565,1.4893,8.9351,7.5427,-0.83265,-12.018,-18.013,-6.7498,5.7281,-11.344,-25.757,-0.25353,9.6987,-20.289,-22.277,9.0347,20.516,12.572,5.566,7.2465,12.268,2.4239,-2.5039,10.461,1.3267,-18.7,-6.9421,11.76,13.27,3.1433,-10.224,3.7653,20.584,-9.9311,-24.326,11.007,12.839,-11.791,-4.7032,-1.6771,-8.4928,1.3065,-7.472,-24.542,-4.7659,17.701,11.878,-2.1774,-15.458,-14.789,7.5542,20.646,10.189,3.3559,11.901,7.5751,-12.163,0.96232,26.212,-4.639,-28.777,12.428,17.745,-23.211,-10.836,8.7592,-5.0889,13.898,17.111,-33.638,-33.246,9.7185,11.307,5.3209,-0.28623,-22.269,-2.8892,32.076,11.996,-12.782,-5.2275,-1.7598,-0.46359,4.871,3.4359,4.349,2.4238,-4.4558,1.0645,9.7652,6.9483,-2.2437,-7.7501,-2.52,-3.6002,-11.093,7.5052,21.784,-3.0139,-12.02,1.4438,-10.92,-15.567,4.2695,4.3736,3.291,13.724,-3.4885,-16.901,9.0366,12.514,-24.247,-23.819,20.109,27.196,-6.2878,-14.185,2.9356,10.067
0.16974,-4.3737,16.106,10.136,-20.721,-11.89,6.4323,4.3266,8.4268,4.7156,-5.2407,0.13005,-0.99434,-2.5762,8.1723,4.3826,-0.89257,5.6229,-0.44409,-2.9839,5.3334,-0.21827,-3.6594,-1.5553,-5.5201,7.3147,13.578,-10.586,-9.2241,10.591,-9.5923,-24.601,2.0393,12.157,-7.1659,-16.078,-12.563,-5.7689,7.4843,16.187,6.6822,-8.0144,-4.3112,9.3223,12.246,12.7,19.037,28.643,37.414,16.491,-26.397,-27.458,-8.6547,-29.547,-34.909,-5.6973,-15.266,-24.933,13.169,13.57,-17.569,8.3048,34.17,6.8397,-2.427,13.56,3.7233,-12.078,-6.0861,5.9842,10.012,10.229,9.3347,-1.5042,-8.0338,5.1266,3.2284,-12.148,1.3751,8.7262,-8.8802,-0.46535,7.4546,-14.851,-15.367,-4.6388,-9.4744,3.6785,7.836,-14.653,-5.196,14.024,-2.2104,-4.7153,15.555,10.966,-7.2905,-8.5324,0.36521,5.3193,14.125,29.567,21.065,-4.6437,-5.9436,-11.06,-33.753,-17.175,12.709,1.2385,-5.2396,10.116,5.0477,-10.075,-13.004,-3.5623,11.083,2.1677,-19.858,-11.959,6.2793,3.4606,-0.58376,6.1478,9.9323,6.9671,10.151,18.894,10.591,-1.7635,7.2272,6.805,-9.2568,-7.5261,-9.9181,-15.742,13.699,21.872,-24.636,-37.8,-12.991,-18.124,-11.775,26.489,19.051,-14.477,1.2872,18.983,-2.888,-0.79206,26.229,14.766,-9.5662,-0.71427,10.025,0.19259,-6.6198,0.031035,7.4855,2.4171,-10.255,-11.368,0.64508,8.7114,1.462,-11.279,-7.1178,6.3095,-0.78443,-18.403,-12.558,9.7422,8.8693,-12.653,-5.4655,16.452,-1.6262,-16.039,11.501,11.979,-16.202,-6.905,18.786,22.226,3.623,-18.401,-1.8407,19.331,-4.6852,-4.8135,23.106,9.7321,4.6364,16.114,-8.1548,-10.265,1.1918,-24.902,-13.584,4.7093,-36.14,-27.241,9.3942,-25.226,-19.034,31.779,3.513,-16.075,24.402,21.117,2.6461,20.824,25.884,19.139,18.014,8.7814,-0.32911,-12.028,-21.132,-11.52,-5.9755,-7.6479,2.1609,5.7637,-8.4898,-24.302,-15.86,12.719,6.539,-19.143,1.1773,16.061,-10.931,-7.4161,11.318,-4.3845,-5.5394,13.297,9.0278,-3.7851,-9.1712,-4.3189,11.587,15.791,9.0979,-0.81207,-16.956,-6.2965,20.462,10.367,-0.087594,17.715,9.8213,-12.161,-2.0995,11.479,4.7992,-10.729,-24.953,-19.193,-4.6683,-12.004,-18.283,-1.4432,3.6571,-11.484,-7.1665,13.758,14.252,4.3207,3.4675,-1.9771,-0.29218,14.238,2.1522,-14.189,12.448,27.727,2.7202,1.7757,21.714,10.737,-13.761,-18.268,-1.5141,13.577,-1.64,-18.823,2.7029,21.219,-1.29,-20.491,-10.027,-6.929,-19.63,-14.454,-2.5005,-14.099,-21.08,-7.5723,-2.6843,4.5468,21.326,14.565,0.89755,7.0798,15.054,20.625,13.361,-5.7725,8.7836,29.8,7.0097,-8.1455,5.2208,12.454,13.645,-7.0304,-17.478,26.738,21.01,-40.592,-11.598,25.351,-38.97,-60.982,-20.021,-32.426,-50.281,-38.191,-39.361,-30.553,-8.3499,19.644,57.993,57.494,46.048,74.12,69.014,45.802,69.918,54.789,7.5975,29.448,33.513,-38.391,-82.207,-88.769,-97.718,-79.564,-56.607,-59.836,-47.039,-13.379,-1.4195,4.6401,38.789,59.415,33.498,19.344,37.732,38.308,30.189,34.959,28.405,25.982,37.914,25.089,-7.5379,-24.823,-23.837,-24.064,-36.598,-27.877,-1.2271,-23.347,-50.59,-13.481,5.2088,-18.222,-2.2293,18.09,0.41814,-7.2847,-2.0097,7.6319,20.188,4.733,-5.4673,12.726,6.1174,1.5896,30.49,25.15,-0.43684,9.5998,11.452,-1.1852,2.0088,-15.293,-33.274,-2.3991,13.749,-10.638,0.99843,23.936,-11.477,-39.504,-10.358,9.9338,6.2021,6.5833,-6.7843,-13.438,9.041,8.933,-15.196,-16.063,-6.6709,1.4387,10.395,1.6483,1.2681,22.46,17.457,-1.8931,2.3173,3.7137,-0.93617,6.2161,2.3141,-4.1293,10.395,7.3914,-24.732,-27.487,6.7364,24.733,16.563,2.8724,-7.4119,-2.0767,-2.1996,-26.127,-21.022,-0.33959,-28.05,-20.44,44.691,14.759,-55.486,-7.2352,45.284,10.64,0.66393,22.998,21.512,19.454,11.965,-3.949,-9.7441,-20.308,-13.751,15.173,8.789,-12.89,-9.3225,-20.654,-37.794,-13.611,16.583,16.377,13.32,16.161,2.4718,-9.5673,6.5767,18.819,8.0384,-5.8422,-22.124,-11.048,26.03,-0.65586,-44.16,0.21517,26.448,-8.6883,5.5049,14.302,-21.209,-2.8862,12.025,-22.44,-2.8691,35.386,18.438,-1.4193,-7.8095,-3.489,5.3151,-15.714,-11.442,24.396,4.2859,-14.495,7.9078,-12.334,-23.128,15.2,3.8824,-26.234,-7.7647,9.1425,20.019,26.855,-1.013,-16.013,5.8935,18.577,5.2299,-19.299,-14.096,8.6327,-18.35,-29.962,26.029,24.986,-22.404,4.7327,16.725,-38.818,-25.196,35.282,16.902,-17.664,9.9589,29.579,6.7221,-2.7827,7.9503,10.841,10.542,1.141,-12.532,0.37528,4.3886,-27.606,-24.755,9.6636,-10.559,-55.014,-47.789,-8.2642,18.209,21.518,20.541,26.946,20.56,12.573,26.413,29.521,13.314,5.586,-3.7786,-9.0513,4.221,-3.1134,-30.86,-23.669,4.3605,-6.0288,-40.391,-34.214,6.1916,16.296,-0.90708,-1.7015,9.6868,21.288,18.51,-11.708,-18.177,15.666,18.963,-3.6394,8.5175,24.433,-2.9478,-31.744,-7.4375,22.909,-11.762,-40.472,5.3519,30.897,8.5343,14.447,16.61,-4.2671,-6.3878,-26.381,-38.206,12.779,25.796,-14.392,-3.2212,9.1863,-16.055,-0.85749,20.108,-4.4429,-14.871,2.4493,11.687,6.4304,-1.7751,3.1372,-4.2629,-22.486,10.953,39.576,-10.011,-31.717,9.5884,11.917,-2.8445,13.493,10.011,-15.86,-26.687,-12.185,17.245,13.821,-7.865,12.381,20.37,-11.93,-7.2623,8.1743,-11.832,-6.53,10.372,-9.5604,-16.68,-4.079,-4.8485,4.9899,10.836,-9.9192,-9.2537,13.202,11.707,-1.1337,-5.455,-3.7907,7.6805,11.061,-4.2152,-5.8251,15.017,23.088,4.3581,-14.943,-11.768,3.7503,8.5941,-0.39246,-3.9423,7.1437,5.1836,-19.71,-26.001,-14.667,-18.702,-2.2466,34.201,17.184,-18.42,-4.5003,4.6473,-10.253,-0.69097,7.0877,-2.8339,6.0273,19.054,17.007,9.786,0.50764,3.9151,-1.9194,-35.811,-21.172,34.571,22.008,-8.9675,15.087,7.7468,-31.012,-14.478,11.804,4.364,2.4729,-2.2361,-23.559,-36.168,-24.45,14.525,35.248,2.428,-17.094,2.4208,6.5035,10.477,22.631,-3.0489,-23.817,3.7142,18.298,4.1457,5.3449,11.651,0.14033,-9.0471,8.3829,24.164,-4.5002,-25.271,7.125,6.7893,-32.562,-5.0526,35.684,-3.9299,-37.635,-8.5903,13.622,-2.9866,-33.473,-33.525,9.5202,29.815,9.0695,-1.2252,-4.5186,-4.7403,13.568,17.852,12.284,16.976,-3.1029,-16.728,19.763,35.237,2.0641,-16.532,-3.9948,8.1519,-16.235,-46.099,-9.1306,23.979,-15.377,-19.668,14.812,3.575,22.422,62.873,12.298,-35.536,-8.3497,-14.93,-47.896,-34.581,-13.949,-13.078,-16.774,-9.6655,14.044,12.414,-5.8113,18.758,44.074,31.276,31.219,40.977,28.384,10.982,-1.4604,-4.4113,7.4501,18.407,12.541,-16.809,-36.778,-22.356,-24.978,-43.521,-31.941,-34.16,-45.045,-22.817,-35.643,-58.843,-12.134,17.12,11.394,34.277,26.834,32.466,100.32,77.112,9.7405,59.429,90.434,48.834,60.651,45.071,-36.131,-55.267,-51.877,-92.414,-112.75,-100.07,-82.754,-81.265,-81.883,-13.62,60.406,30.699,2.8962,45.07,55.817,41.037,52.169,55.643,51.705,42.302,20.495,28.346,41.988,10.59,-21.094,-28.546,-31.425,-15.485,-5.5866,-32.776,-41.392,-17.181,-31.729,-62.54,-26.279,13.811,-25.201,-45.557,7.5883,28.728,17.928,40.714,32.443,-10.081,13.826,62.352,35.805,-17.577,-11.845,23.207,13.106,-22.675,-22.544,1.783,22.227,18.38,-25.94,-31.884,29.113,30.857,-23.234,-24.973,-17.921,-23.828,3.5199,1.5332,-30.74,-11.095,14.386,-2.3977,-19.813,-18.267,8.3362,26.282,-4.4629,-16.166,21.276,34.426,16.769,9.02,19.012,30.972,11.462,-13.135,-3.4643,0.69344,2.0545,15.912,-6.9668,-27.918,-9.6068,-16.726,-23.969,-9.29,-29.958,-24.256,17.779,-6.0529,-21.631,22.587,10.89,-22.082,10.079,45.1,40.455,-2.9068,-42.131,-3.8812,30.747,-3.6719,5.2701,46.62,20.237,-13.874,-3.6854,12.861,15.045,-7.6056,-23.763,-17.639,-40.248,-57.826,-27.283,-19.78,-28.591,9.6086,39.351,25.2,22.932,40.446,35.919,7.2046,-0.83989,19.018,18.692,-3.7922,-22.181,-31.249,-11.668,1.899,-25.083,-12.565,23.587,-13.82,-32.913,13.159,2.1616,-18.618,28.21,28.442,-14.482,3.5656,17.423,-15.977,-13.882,15.858,8.0508,-8.5904,2.6966,1.3223,-18.82,1.9343,33.845,7.5777,-11.38,23.451,21.859,-26.716,-32.744,0.67276,6.0046,-23.094,-32.212,-3.6553,6.4219,-10.201,-1.4454,17.991,20.823,22.589,8.8957,-9.5205,5.2168,12.153,-9.5661,-4.1759,19.352,13.36,-5.4054,-8.9146,-3.2401,-10.314,-29.152,-22.628,2.3934,3.5602,3.4176,20.619,15.171,-2.5421,0.88368,-0.72466,-7.8622,3.1484,-1.2911,-20.386,-1.7014,20.093,-3.2698,-13.562,12.862,15.855,-5.9706,-15.257,-4.2365,26.093,29.776,-16.378,-26.352,10.179,1.2093,-21.479,-2.7544,6.6612,17.859,37.035,-12.161,-53.545,5.8757,28.223,-25.519,-13.009,19.567,-18.625,-28.55,12.516,20.365,9.9913,4.5813,-1.7224,12.681,16.232,-3.1615,7.44,13.673,-12.28,-6.7082,-0.72738,-30.878,-14.41,20.917,-13.591,-37.572,7.3146,37.315,21.53,3.7987,5.209,9.5231,-11.325,-30.829,-11.469,7.7158,0.78633,-5.8224,-7.1369,0.49922,15.162,13.345,9.7983,18.887,19.363,9.0496,-16.899,-44.615,-21.548,15.594,-0.36363,-17.493,-2.0824,1.6188,-2.104,-2.677,-4.3328,20.91,39.544,2.4364,-22.751,7.7462,22.121,-8.2973,-29.377,-11.131,18.953,17.275,-11.771,-15.855,11.309,12.606,-19.262,-21.566,3.2743,-6.851,-17.974,20.532,29.804,-17.629,-15.01,30.105,17.151,-11.972,9.1143,20.739,-4.1438,-15.064,-11.367,-11.001,-3.6742,-4.2106,-14.214,-1.4407,12.041,-3.9418,-5.5117,16.432,9.1647,-10.618,1.1205,14.761,9.2658,6.0946,-2.8722,-14.736,3.2519,17.273,-14.325,-28.411,2.9478,3.0787,-16.247,9.6286,21.545,-8.5729,-4.2883,13.446,-4.482,-8.0617,5.7235,7.8549,17.785,2.867,-37.796,-21.003,19.369,8.8612,-3.9375,3.3828,5.7639,13.262,3.87,-15.521,-0.57893,2.6529,-16.134,6.0047,22.044,-6.0839,-14.727,-10.27,-11.883,8.8325,14.382,-1.0027,9.845,11.164,-4.9652,-0.043072,-10.875,-23.783,4.6551,10.104,-4.1203,18.909,13.336,-17.676,4.3728,11.795,-22.968,-16.384,1.2209,1.7903,25.847,15.187,-31.595,-14.975,14.459,-6.5214,-1.8209,20.117,1.7023,-5.7507,10.223,7.2115,5.8339,11.206,-0.53897,-11.724,-15.313,-18.36,-8.1178,2.1102,-4.3948,-5.1319,4.4674,-1.1209,-15.676,-6.0612,21.915,24.64,1.8495,-1.0154,20.703,30.253,10.88,-18.43,-23.806,-11.363,-15.837,-14.291,13.313,11.34,-20.419,-15.233,8.3422,5.5312,3.3876,12.154,10.854,4.7745,-6.7565,-21.733,-12.216,14.382,19.009,0.18618,-13.514,-6.8044,6.5646,4.8949,0.94706,15.164,21.399,-2.5027,-21.661,-8.8391,7.7262,-0.034472,-17.563,-21.21,-12.572,-3.5033,4.4056,12.942,20.693,23.451,14.326,-1.0935,-4.6863,0.1879,-6.783,-15.959,-3.4129,10.301,-6.8929,-22.503,1.6589,19.149,-4.8959,-14.054,6.1542,-0.029042,-14.826,4.1958,15.344,-1.1782,-5.0175,0.4295,-2.0588,4.6355,13.488,8.6801,5.8262,7.8817,5.3563,5.9936,1.352,-19.262,-19.355,11.047,7.4149,-31.701,-25.781,9.4427,6.1626,-0.54491,12.919,1.3543,-14.227,-4.5649,-1.3871,7.0351,27.671,11.652,-16.521,-2.9124,15.164,3.722,-6.6917,1.8132,5.9945,-10.757,-15.811,9.165,17.82,2.1478,-0.31143,-0.2359,-5.4902,-5.4931,-17.719,-25.631,-6.9177,5.3917,5.7608,11.199,13.911,13.648,-4.5925,-21.379,20.324,44.28,-20.236,-47.062,3.6077,17.102,0.0892,-0.69512,-7.6513,-4.1827,7.4179,0.88644,2.8332,6.3286,-2.1639,4.4939,-0.087264,-17.371,2.3765,17.324,-4.3168,-8.552,4.2334,10.396,9.2043,-17.202,-28.687,8.9994,24.307,-0.93074,-10.223,-10.266,-9.3061,7.5156,10.78,-2.4352,1.8331,6.8584,-10.361,-18.403,3.3771,20.861,9.1275,-11.256,-18.157,2.1015,38.167,33.244,-8.229,-17.257,-10.482,-18.917,-4.294,14.143,4.0314,-3.6018,-14.42,-19.111,11.536,8.6135,-27.676,0.5179,33.841,-1.4969,-17.566,7.1602,11.306,4.6389,0.77898,-0.10631,7.8989,-0.40224,-14.915,-6.1518,5.7101,14.386,11.722,-19.454,-24.048,10.598,10.634,-8.4299,1.1762,3.8525,-7.7446,-7.1005,-0.989,10.732,16.36,-1.737,-10.303,7.4717,22.685,19.911,-7.8041,-36.242,-15.234,22.951,10.866,-22.212,-24.542,-11.807,-6.4661,-8.3698,-8.4261,11.369,27.987,2.3856,-11.51,33.005,47.044,-2.4376,-15.208,8.9609,-0.7482,-12.719,-7.2515,-13.443,-9.0378,3.1768,-5.9387,-13.072,-11.246,-3.4284,14.903,2.1763,-15.515,24.636,40.309,-6.9181,-13.305,8.0672,-6.7823,-14.566,-11.812,-17.978,-7.4319,-4.6817,-10.757,13.594,22.966,-4.0085,-6.1262,21.123,32.19,4.7129,-23.805,2.8866,21.971,-17.512,-13.639,24.356,-4.1323,-16.348,26.839,12.446,-25.264,-7.8313,2.3841,-10.931,-8.5488,-8.6534,-15.297,-15.879,-16.152,-8.0803,10.912,26.807,19.988,-11.792,-24.04,-3.12,12.195,22.369,29.683,18.264,8.2818,-3.412,-12.614,19.356,28.918,-21.981,-22.316,15.286,-12.224,-35.329,-6.6589,-0.13315,-5.0275,3.4738,-1.2874,6.3947,21.226,-0.9692,-27.135,-27.128,-13.797,10.216,9.4206,-27.121,-29.472,12.308,31.181,15.387,0.49359,7.9857,30.592,32.897,13.925,14.49,18.373,-13.401,-32.242,1.044,16.151,-19.219,-28.441,11.068,26.095,-14.354,-49.147,-18.965,27.74,9.533,-26.5,-10.398,3.7194,-12.762,-13.788,-11.932,-17.991,-6.5292,-1.3441,0.14182,25.179,24.537,-1.9771,17.192,46.664,29.973,17.109,26.536,12.493,-13.128,-6.5311,16.405,11.4,-9.4333,-8.7262,-3.0933,-7.8484,-7.6051,-23.464,-49.243,-37.315,-27.169,-50.632,-44.854,-28.392,-44.044,-16.375,40.219,24.998,0.64893,34.028,54.405,62.542,88.422,71.054,31.847,43.964,62.182,44.783,12.242,-38.997,-77.458,-68.155,-59.648,-65.535,-55.57,-56.12,-59.107,-30.017,-16.719,-26.986,-5.3502,16.874,13.971,31.912,48.785,35.176,35.222,44.574,39.419,42.256,32.014,4.8533,16.426,32.936,5.6368,-7.9728,0.53575,-13.479,-23.786,-25.224,-39.125,-37.044,-31.1,-40.589,-23.332,-7.5937,-36.044,-33.564,16.522,23.018,-8.5758,-1.7692,31.232,25.708,-4.2251,16.053,58.849,36.655,-4.4478,4.3647,16.654,14.272,16.417,3.0488,-6.3898,0.25659,-12.242,-18.116,-3.4903,-12.455,-21.888,-11.113,-14.693,-13.042,-2.3608,-20.612,-21.886,18.829,19.192,-25.3,-20.754,23.179,13.822,-18.936,7.7552,24.646,-16.925,-8.6851,33.06,5.327,-7.9361,32.724,23.063,1.6981,21.607,10.124,-4.1676,17.55,0.66744,-25.347,-3.9645,-10.939,-43.199,-18.792,12.581,-9.2908,-28.706,-13.645,5.0418,9.592,-12.017,-30.453,15.61,51.643,-17.07,-48.308,38.973,55.547,-10.551,5.8646,30.666,-8.0744,-5.7687,8.3448,-8.3341,13.517,10.343,-42.241,-8.2993,55.786,10.899,-43.709,-12.726,17.047,-7.8584,-31.394,-20.033,-10.514,-10.574,9.8631,15.025,-10.423,-1.8818,22.543,9.8471,-2.9747,-2.384,6.414,33.887,14.574,-43.039,-23.159,21.432,-1.7485,-4.9899,25.33,5.8502,-6.0097,24.398,9.608,-30.797,-16.333,14.629,6.9193,-15.719,-17.748,-2.6636,-1.5416,-11.571,2.1701,17.029,-0.72192,-10.747,7.2839,18.25,11.486,-12.126,-29.497,-0.039449,20.719,-19.087,-28.177,25.305,40.622,3.4389,-15.933,2.1309,22.298,2.8357,-22.556,-0.69042,14.232,-8.8465,-14.012,-7.3325,-6.1166,8.352,4.7695,-11.462,0.98706,8.4882,4.9024,15.655,5.3777,-18.846,-16.445,-2.7331,7.7662,-0.55612,-19.127,0.41687,15.677,-4.921,9.2958,22.054,-8.2656,6.3931,24.283,-23.577,-27.497,11.256,-4.5547,-14.667,10.736,10.823,1.9246,1.499,-4.0961,-9.6758,-19.163,-6.8213,29.219,26.611,6.8612,16.262,8.1515,-20.048,-26.083,-16.632,3.8598,9.1117,-22.799,-24.189,19.371,25.63,-7.5427,-19.869,-2.2767,16.206,13.111,7.9823,17.866,7.4238,-22.593,-24.65,-5.9644,2.1691,3.4356,1.5036,-2.8422,5.6161,22.86,19.09,-3.5624,-10.993,-2.2955,6.901,9.4741,-8.3945,-16.717,2.4772,-10.347,-24.294,15.194,4.4407,-38.39,16.077,40.53,-37.018,-36.249,20.616,17.885,22.507,22.497,-7.7207,1.6445,-5.2443,-26.433,28.135,41.082,-23.448,-19.704,1.9219,-15.237,0.25681,-6.1404,-30.844,13.22,33.487,-5.4023,-7.9454,2.2559,7.9259,25.909,2.6191,-26.441,-12.003,-4.2919,6.3061,15.831,-15.266,-16.784,9.0887,-9.9452,-6.4339,23.969,2.5247,-11.008,0.99847,-15.747,-6.8991,22.056,5.0908,-7.0456,7.3129,11.229,15.14,7.7985,-0.17307,14.073,-7.5018,-32.422,11.48,21.626,-25.312,-12.487,13.639,-5.0054,-0.81862,0.79191,-23.069,-7.7567,5.0275,-22.444,-16.894,13.324,13.038,5.2576,8.832,17.061,19.775,1.5512,-18.216,-22.066,-9.8522,26.347,35.321,-10.759,-20.633,15.423,10.017,-8.7833,5.1749,10.338,-1.0321,-12.764,-17.048,5.2568,13.638,-16.391,-13.688,18.035,7.1436,-13.459,-5.44,-14.73,-36.743,-14.92,25.536,19.969,-4.5667,1.0795,-2.5141,-23.044,-0.88218,30.055,18.139,12.283,19.397,6.8093,2.6643,2.1515,-15.39,-13.593,6.9007,20.698,28.361,9.8735,-19.009,-12.837,6.9226,9.4761,-13.373,-50.874,-38.558,8.6176,3.1329,-13.225,-2.0909,-22.909,-29.518,15.675,18.068,-14.168,-12.492,-11.382,-5.1049,33.868,45.241,22.137,23.603,40.841,35.283,13.962,15.251,39.794,30.422,-11.192,-18.908,-5.4327,-22.798,-48.73,-42.777,-24.86,-48.084,-95.922,-76.359,2.0256,24.175,-15.533,-31.509,-11.409,14.616,30.662,30.002,39.129,64.307,62.914,50.935,68.291,68.635,41.445,50.545,63.447,29.288,-1.2084,-34.586,-103.02,-131.59,-113.37,-112.2,-95.154,-63.227,-53.683,-12.984,34.622,24.229,27.192,49.635,31.729,45.544,97.677,84.83,32.806,17.07,30.913,35.117,8.7323,1.7788,22.795,-9.7421,-45.115,-9.085,-5.8393,-54.527,-55.286,-29.379,-15.996,-12.341,-35.354,-39.926,-6.5858,1.1326,-11.109,-8.0367,6.5633,22.904,6.9524,-10.664,22.819,31.455,4.8676,27.535,46.073,29.095,33.644,15.871,-14.116,15.088,26.236,-11.913,-17.067,-9.9531,-21.957,-16.166,-4.1333,-11.946,-28.132,-31.095,-23.894,-31.917,-26.326,0.79034,-10.63,-9.8256,42.149,30.367,-17.82,8.4054,30.892,12.978,13.803,8.179,11.711,34.928,5.6587,-23.736,8.1039,18.248,-2.412,0.86586,7.3038,-4.1826,-27.036,-29.752,-3.0779,-4.5807,-12.756,12.611,-2.0994,-28.922,6.0565,13.015,-14.937,2.1817,1.1581,-20.924,5.4758,12.601,-15.035,-1.9917,16.849,7.3164,8.025,14.685,6.0384,-5.8002,5.0162,28.695,12.68,-19.701,-2.9477,22.071,8.1329,-15.319,-28.235,-16.53,13.49,15.426,-10.642,-27.358,-12.559,19.522,5.5175,-31.438,-4.917,21.059,-3.8645,5.8251,12.497,-34.527,-21.941,32.246,11.7,-18.181,1.2722,17.316,28.079,24.969,-12.12,-22.732,9.7484,23.342,5.0841,-15.964,-16.49,1.9648,2.2602,-12.028,1.2422,15.149,-8.4841,-19.063,12.046,17.306,-18.876,-20.338,8.9456,-1.9503,-26.814,-17.573,-2.2378,11.659,22.009,-1.9654,-15.908,15.234,27.094,20.324,35.093,20.606,-22.842,-32.229,-22.279,-5.2983,19.998,8.8407,-13.22,-1.4825,-2.1219,-13.143,0.6527,1.0922,-7.982,-0.31855,-7.095,-8.2144,13.895,5.0263,-12.435,10.014,22.85,3.7087,-4.6372,6.1962,12.075,-6.9068,-33.128,-23.78,12.383,24.587,-5.4056,-30.288,-2.546,25.472,11.541,13.904,19.239,-11.798,-6.7354,18.143,-14.506,-29.852,5.3616,14.327,2.4228,-11.205,-21.928,5.8459,27.744,6.4951,-4.9734,-2.7244,0.83332,6.5965,-16.303,-29.171,-9.3135,-17.474,-12.72,30.715,24.603,2.0902,20.263,17.421,-2.5456,-11.52,-23.283,-0.16296,35.384,19.883,-6.989,-16.096,-16.628,-2.0578,-0.87818,-6.5289,6.3486,2.7565,-6.57,-2.443,-8.8458,0.89227,4.4763,-29.841,-10.852,36.936,10.291,-10.567,11.129,1.4448,-9.0372,-2.4395,-1.369,12.889,8.7664,-5.2759,15.14,7.4992,-23.801,-9.9295,3.607,-1.0957,-2.1467,-9.6533,15.154,31.92,-18.45,-24.633,21.684,13.543,0.42366,4.9328,-9.845,-9.9843,-33.24,-53.612,19.088,41.885,-31.563,-13.034,43.95,27.645,25.941,13.71,-31.013,-7.2727,17.518,-20.501,-24.147,-4.2293,-5.9415,13.495,25.463,2.8424,-0.9754,8.2012,-8.8409,-26.728,-14.327,6.2291,8.76,8.533,9.5899,1.3243,6.127,11.513,-13.849,-24.419,-1.1455,5.1474,-6.9017,-10.448,-0.017071,14.909,4.3651,-9.9881,8.4668,11.992,-5.7954,4.1255,6.422,-14.032,-5.9401,10.921,1.2251,-8.7552,3.918,30.166,28.125,-15.228,-34.85,-8.3979,5.7008,-9.4775,-14.551,5.2421,11.849,-10.066,-10.27,9.7838,4.328,4.1515,15.51,-3.4072,-9.1068,14.205,2.6412,-19.814,-5.1843,7.8036,-3.4391,-7.8438,11.966,22.201,-7.2412,-27.199,-9.7836,1.1215,4.9754,3.7419,-12.398,7.9003,40.619,18.795,0.20018,1.4602,-14.95,3.7004,26.198,-11.31,-27.564,-18.344,-35.026,-13.585,18.059,-3.8849,-5.8679,9.4504,-2.0889,9.679,14.193,-18.67,-11.506,22.155,27.386,18.037,-6.3891,-16.631,3.7083,-1.7815,-6.6804,18.741,9.1234,-8.4946,5.5983,-6.6021,-16.713,8.904,7.6393,0.67001,14.349,-9.4481,-34.865,-7.3693,14.972,4.1632,-5.0167,-1.436,-1.1882,-18.369,-23.283,-4.2394,-5.986,-6.0782,18.213,1.3328,-20.574,23.647,44.659,9.6324,7.118,25.549,24.085,13.866,-13.317,-20.119,16.923,14.945,-31.682,-37.262,-9.9575,3.0013,-0.75933,-15.76,-18.07,3.5683,15.68,1.9165,-23.14,-37.004,-21.354,6.0401,15.916,8.3568,-0.26867,6.1001,16.296,10.008,6.3771,12.263,13.155,27.455,37.216,3.9258,-19.5,4.4925,22.847,16.394,1.1941,-14.596,-5.7646,6.683,-18.398,-38.643,-23.269,-14.603,-22.966,-29.245,-31.806,-23.789,-17.581,-29.843,-22.395,16.113,19.239,-9.267,19.4,80.916,75.728,38.208,44.636,57.35,41.463,23.067,8.4211,-0.52644,-8.072,-36.549,-59.033,-47.692,-41.558,-60.379,-74.71,-58.09,-12.406,9.6221,-15.786,-19.321,18.229,26.755,7.1634,17.722,41.885,36.834,31.19,50.45,44.643,9.6158,14.877,37.513,16.42,-6.2471,-11.899,-26.863,-12.02,10.581,-29.742,-56.494,-11.644,-3.1632,-53.495,-55.891,-11.465,3.4844,-2.8431,0.49615,-2.0706,0.44791,29.699,38.832,6.5124,-0.92129,24.948,19.665,-4.5467,6.6129,30.979,25.458,6.5056,-5.145,-16.948,-9.5327,11.739,-11.843,-34.557,15.768,34.187,-18.86,-12.444,17.653,-24.435,-39.237,0.17889,0.82247,-14.104,-14.155,-16.522,1.2097,13.159,-3.5116,0.5628,13.132,4.2391,4.7165,9.6654,4.4124,6.2339,8.8692,4.2388,-0.88126,11.027,41.785,27.083,-31.033,-31.191,3.9511,2.1973,8.372,18.065,-11.286,-16.049,16.343,3.0318,-44.947,-40.245,7.7357,7.6086,-20.888,5.4691,21.13,-16.806,-10.04,12.742,-12.882,-6.774,15.616,2.9427,19.792,22.151,-27.643,-13.097,37.413,21.45,-4.5152,-1.662,11.971,25.341,2.7715,-16.724,-1.0824,-10.664,-10.827,25.11,8.2061,-30.605,-21.677,-6.6486,7.0766,9.0517,-17.283,-15.66,-15.231,-37.558,11.987,54.861,-21.68,-62.066,6.5225,29.962,-7.5233,7.2389,50.703,24.27,-22.746,9.9068,31.209,-22.174,-10.248,49.856,17.951,-20.009,11.977,19.824,-11.345,-25.789,-1.3313,26.224,-14.585,-53.338,-13.116,-6.0271,-32.951,-3.462,-1.7578,-26.431,5.2942,6.2776,-20.907,6.2148,6.2486,-17.76,17.122,34.951,3.9117,-5.2048,15.749,44.685,34.321,-7.2688,15.525,47.494,3.5353,-9.3781,21.773,-4.1337,-27.675,-1.1984,1.755,-17.72,-18.555,-15.085,-25.05,-43.901,-44.203,-22.827,-22.573,-43.157,-36.449,0.56081,11.266,-16.743,-2.3342,48.01,30.429,14.285,77.988,80.549,34.243,94.653,127.17,27.825,-4.6299,40.888,-10.194,-92.373,-97.4,-92.73,-102.31,-81.963,-57.276,-59.665,-58.769,-26.197,16.031,36.15,39.05,36.05,28.554,38.162,64.158,64.356,47.249,50.316,47.471,27.101,16.776,-7.7561,-33.64,-5.6492,6.3603,-37.107,-32.015,-8.0225,-51.033,-60.385,-14.199,-22.153,-39.889,-14.097,-5.6598,-5.7669,4.8204,4.5306,20.028,33.716,15.617,14.032,21.28,12.776,25.641,23.986,-13.124,-8.9084,16.376,0.66064,-12.677,0.79718,19.054,27.717,3.3145,-15.936,9.6746,6.6165,-37.624,-33.126,-2.8397,-13.108,-24.927,-20.766,-26.218,-8.6547,23.19,7.769,-6.0676,24.875,9.0213,-36.625,4.6864,49.95,3.8158,-16.89,26.039,34.679,11.382,-6.8368,-11.756,14.999,20.537,-17.948,-15.587,9.1285,-13.607,-19.009,17.162,13.592,-25.444,-35.453,-13.069,2.0074,-10.229,-16.727,-0.63758,3.165,3.468,18.671,13.322,3.9596,22.193,17.956,-5.9249,5.8746,12.381,-12.111,-9.9014,5.5499,-9.6957,-18.08,3.4006,20.89,12.5,-13.877,-22.138,1.5291,16.402,8.0768,-9.463,-31.388,-17.484,23.718,8.6904,-20.003,18.394,29.232,-24.45,-21.549,22.132,14.165,-2.1062,-3.7045,-18.901,-1.4148,28.663,-5.3391,-24.296,27.898,27.096,-30.77,-18.032,16.116,-7.8531,-12.53,13.456,7.8994,-5.6633,-12.844,-10.656,21.283,18.155,-23.935,-6.8309,20.635,-5.9976,-10.808,1.6142,-2.0623,15.976,6.6604,-30.915,-0.41928,35.011,1.3101,-20.747,-3.0303,20.735,20.018,-29.362,-40.093,20.247,22.737,-23.735,-11.985,24.964,34.981,7.8481,-34.841,-17.388,23.598,2.9449,-21.749,-13.78,-2.0729,14.471,-2.2016,-30.109,3.2281,26.862,7.7306,13.635,4.7787,-19.169,4.0776,11.903,-5.5123,7.5329,0.11202,-17.679,8.715,21.615,4.6983,-8.8937,-21.371,-7.2198,7.0485,-17.514,-9.9741,26.607,13.814,-12.204,-12.227,-4.5893,5.9792,-2.9577,-14.665,3.0532,0.8013,-19.196,-5.3576,8.3595,12.605,34.479,39.307,17.484,-9.2027,-28.662,-13.013,-0.8675,-33.281,-27.358,30.927,36.521,2.3779,4.5833,7.5756,-19.945,-18.39,11.67,-6.601,-32.926,8.7228,28.242,-12.787,-4.8735,17.91,-13.402,-8.1859,23.403,-3.5434,-26.306,-14.667,-15.957,-14.977,-7.9579,4.0691,28.595,20.421,5.9688,32.994,33.566,13.139,26.848,14.496,-11.144,1.9444,-16.713,-41.71,-5.4317,-2.422,-32.48,-2.2353,9.1273,-31.707,-22.611,-0.72083,-26.203,-21.018,15.615,4.0407,-24.375,-9.9696,19.59,28.658,28.408,29.119,17.269,3.8433,21.528,39.157,10.126,-11.751,12.979,16.273,-9.9633,-1.5551,14.46,-3.0471,-10.547,7.1402,7.0818,-25.693,-54.1,-44.55,-39.23,-67.4,-61.831,-28.657,-37.82,-30.468,22.635,36.276,32.951,55.105,50.792,51.011,89.12,95.05,78.967,81.039,57.479,17.586,-9.5085,-55.326,-97.218,-98.552,-94.442,-93.336,-73.096,-54.999,-49.261,-24.992,10.764,14.465,7.6968,34.84,55.234,42.379,34.972,27.072,23.113,51.619,51.955,10.864,10.133,25.2,9.8037,7.3541,7.5475,-16.073,-28.699,-21.202,-6.3488,-10.912,-45.07,-43.43,-16.466,-31.401,-25.781,5.9023,-19.821,-26.342,21.697,11.647,-18.24,7.7954,23.046,17.045,18.544,4.0415,1.5404,30.045,44.045,25.82,-3.727,3.0983,43.039,25.488,-29.538,-21.188,6.109,-4.631,-9.3169,-10.899,-27.651,-30.161,-19.343,-8.663,-8.3641,-30.999,-33.51,8.4712,29.599,2.5924,-21.323,-18.811,-3.4394,19.846,34.663,20.136,10.169,36.976,44.675,10.849,4.2557,19.096,0.12162,-24.626,-26.441,-13.68,3.0539,-12.003,-33.268,-4.6391,7.9836,-22.183,-3.9143,30.848,0.33898,-31.328,-13.929,6.8647,5.8315,-3.4636,2.0803,8.17,-10.754,-0.93478,43.542,24.847,-32.13,-26.911,3.8644,9.644,18.726,25.379,9.3849,-8.81,-7.1804,7.67,2.9194,-15.887,-7.7318,2.9036,-8.784,-2.4606,8.0049,-6.8482,-3.0909,11.045,-8.0927,-20.697,-10.31,-10.998,-2.7706,15.034,-1.1178,-20.308,7.8651,40.341,20.921,-18.089,-17.873,7.7148,16.947,11.526,-7.1333,-25.536,6.5109,47.985,11.05,-35.74,-9.6709,9.0576,-13.633,-7.9136,3.791,-11.353,1.1348,18.011,-14.979,-27.398,7.0784,10.55,1.5105,16.125,-3.5712,-26.777,10.076,29.932,4.3017,-5.1583,-17.283,-18.471,26.322,23.858,-28.232,-17.066,12.559,3.6435,7.4816,0.935,-15.544,17.947,35.117,-2.3326,-16.806,-13.913,-19.641,-4.3552,14.739,17.904,0.077746,-30.674,-8.4923,27.748,-17.124,-41.228,14.786,21.733,-8.3861,2.0407,-3.3684,-7.9379,25.512,19.826,-3.1882,18.555,17.168,-11.704,-4.11,3.6092,-6.5742,-0.16539,-5.7452,-24.934,-4.4731,23.561,-4.2294,-40.98,-13.991,30.045,10.487,-25.688,-5.7922,13.522,-8.1181,-6.6219,9.2359,-9.3701,-7.6998,29.878,38.966,26.319,8.8451,-16.43,-2.6514,21.323,-10.57,-33.298,-13.294,-2.6255,10.215,6.5772,-32.305,-25.783,1.6717,-10.259,9.8467,27.36,-18.401,-15.827,21.863,2.4929,5.8002,25.419,-11.484,-19.107,14.712,20.831,19.943,-0.14819,-18.206,14.672,-0.32838,-42.963,16.562,42.892,-35.183,-29.004,27.234,-4.0598,-18.673,16.493,0.55965,-21.142,0.92766,-2.2802,-26.978,-9.2158,20.421,15.268,8.3271,6.3817,-17.41,-18.889,14.222,19.693,14.006,22.771,8.028,1.902,19.271,-2.7806,-23.979,-3.8973,-14.19,-31.552,-1.918,-0.26477,-30.538,-9.505,27.839,22.402,5.52,-0.18406,0.57382,6.8847,1.5489,-9.8973,-6.3587,-12.659,-22.752,11.008,35.574,2.1888,-1.2003,28.383,0.38225,-27.398,-0.80587,9.2227,4.3223,8.2112,-4.9246,-4.6276,1.4498,-17.784,-11.293,-5.008,-30.381,-1.2662,38.216,5.5955,-5.7136,15.587,1.3132,-8.4658,-11.056,-7.3546,28.777,13.944,-29.787,5.0033,17.933,-26.393,-6.7899,17.987,-8.7491,-3.5486,9.276,-0.6382,6.3275,4.6662,4.0888,20.615,-0.41937,-19.332,9.0808,15.122,-8.3967,-22.902,-30.645,-14.303,1.7569,-17.888,-23.987,-2.7484,15.438,39.763,46.98,14.529,-11.169,-3.673,15.468,19.142,0.76571,-13.845,-15.067,-11.23,-5.7695,-15.572,-19.291,6.0829,8.9877,-6.6903,5.8477,7.9023,0.83304,11.447,-11.518,-30.533,5.1536,6.1865,-17.72,9.1693,18.358,-0.34362,10.074,-3.3123,-24.934,18.653,48.079,5.5964,-19.549,3.772,1.1799,-30.716,-7.1735,42.036,9.5303,-32.914,4.5667,18.883,-18.187,-22.577,-16.117,-7.8979,16.55,-3.7258,-29.893,3.2176,17.683,1.5333,12.246,12.068,-1.3099,5.7245,0.77168,-6.4961,8.0832,3.7849,-16.377,-8.3751,17.013,16.699,-10.068,-6.298,27.371,18.412,-10.251,-0.57254,6.0186,-6.8435,-6.6228,-5.6958,-12.261,-23.575,-35.14,-16.781,12.347,11.96,-0.52712,-12.107,-6.0317,29.993,38.751,11.677,-1.2643,-9.6003,-6.035,10.328,-11.886,-24.119,12.918,16.912,-1.128,7.2947,1.7667,3.0946,18.5,-7.4759,-22.742,4.2342,11.04,2.5496,-11.75,-23.812,10.914,25.638,-19.908,-23.36,7.6354,4.0483,-2.672,-9.0008,-16.254,-6.2062,-13.73,-13.903,10.579,-6.8614,-14.759,27.929,19.553,-6.9973,23.884,32.812,17.592,29.736,20.563,-6.1483,-8.5359,7.0626,35.703,24.997,-35.877,-44.097,-9.452,-19.85,-38.192,-31.703,-33.098,-34.857,-27.547,-15.669,1.0657,0.69618,-13.48,-4.2501,32.689,59.747,47.719,34.54,51.961,45.274,16.835,28.927,34.902,1.2731,-10.355,-12.231,-33.896,-34.357,-28.787,-51.489,-62.52,-42.63,-25.277,-21.918,-11.648,6.87,7.5302,2.7616,19.361,29.71,19.612,9.9078,6.5687,23.253,39.051,15.211,6.3781,36.373,31.314,-0.67981,-12.502,-16.61,-3.3958,11.689,-9.1721,-24.72,-17.826,-14.252,-2.0325,-8.5953,-40.624,-30.773,-0.5253,-0.076358,-4.6801,-19.824,-23.851,23.691,36.341,-10.646,-6.9445,26.438,12.634,7.1201,38.132,41.74,1.1444,-23.784,8.9445,35.491,-3.9404,-27.283,12.371,23.156,-9.8423,-18.048,-21.468,-43.102,-35.326,-5.8791,-0.89834,-0.64817,8.8935,-2.0456,-13.424,6.5162,19.486,5.0298,-2.5676,-1.6932,-3.2824,11.152,25.43,6.4269,-8.3058,15.618,16.018,-25.726,-15.746,34.622,17.747,-17.318,9.6282,24.177,-2.6313,-11.182,-7.8749,-12.016,-26.127,-40.338,-8.2816,19.899,-15.883,-14.072,24.257,-1.6156,-0.019692,41.522,-5.789,-33.294,29.419,20.617,-17.292,15.115,-6.0227,-53.055,2.4038,45.081,2.7963,-9.9092,16.495,20.023,15.618,11.486,-5.8614,-19.558,-17.705,-13.185,-12.307,-10.366,-4.659,12.973,25.826,-5.537,-36.612,-4.145,19.34,-9.348,-7.678,9.1929,-19.359,-22.676,22.323,30.875,2.4224,-1.6979,19.084,19.978,-8.8306,-12.773,13.471,6.3756,-11.37,6.1765,11.763,-1.5121,0.28991,-12.23,-27.211,-0.51831,19.516,-2.3191,-19.025,-16.674,-13.55,-0.14554,14.493,0.5813,-20.417,-9.9311,4.9083,-2.5915,2.9048,26.191,33.198,23.411,1.6439,-11.63,11.383,16.383,-23.551,-28.486,3.8238,7.5937,-5.6124,-14.292,-6.4368,23.662,14.991,-19.974,4.8471,28.125,-14.906,-34.904,-7.3879,5.9974,3.7969,-3.7058,-8.2043,-2.4834,-11.474,-15.459,6.5931,9.0579,1.6837,12.728,-2.1033,-25.261,-1.525,31.355,38.508,27.801,-1.1673,-11.976,13.674,15.22,-17.749,-16.11,17.208,6.6755,-28.014,-1.5371,36.897,-0.4311,-35.046,-8.5525,-13.531,-55.689,-44.274,-2.1799,1.3945,-17.978,-20.133,-3.0246,18.411,36.122,38.367,27.843,31.538,28.149,-3.38,4.5642,44.458,20.257,-15.126,18.195,36.868,3.3765,-13.439,-16.255,-33.376,-36.266,-18.742,-21.131,-47.39,-51.786,-41.384,-45.75,-20.942,13.089,-17.01,-30.126,22.161,31.158,16.693,56.294,83.776,74.5,65.278,56.437,66.193,55.419,1.7767,5.0501,18.595,-71.821,-135.98,-94.74,-72.261,-74.926,-45.776,-23.69,-21.76,-19.282,-4.2223,26.094,38.674,36.334,48.647,57.027,57.21,44.178,0.73754,-17.876,7.6941,17.366,12.624,8.3262,-2.4058,1.9267,-4.6955,-27.763,-7.3699,13.347,-13.527,-22.534,-12.731,-17.592,-18.62,-35.798,-41.334,8.8764,15.762,-38.807,-26.184,26.254,23.725,13.559,22.717,12.384,8.5301,34.845,39.757,-0.27827,-25.372,0.87867,26.68,12.236,-8.3025,0.68766,21.434,11.918,-20.504,-24.565,-6.0437,-6.9395,-21.372,-36.461,-43.468,-18.286,13.724,6.4392,-18.151,-14.561,13.461,25.755,15.861,19.47,26.274,15.113,22.11,28.542,-11.751,-32.924,4.2827,23.694,0.7397,-14.523,-3.5138,4.9996,-12.2,-20.158,-1.6728,-2.2631,-12.188,-9.3999,-25.538,-20.855,20.738,7.2404,-21.798,21.202,37.169,-9.6649,-7.8364,19.003,0.47767,-6.4175,11.032,-1.5707,-9.8358,19.115,23.326,-2.8911,2.9919,10.409,-13.992,-6.5482,15.551,-12.451,-31.279,-14.377,-13.063,-5.3379,1.586,-20.789,-2.3957,36.621,15.758,2.6493,7.2925,-31.809,-21.745,39.02,11.071,-34.723,0.47901,21.799,15.462,25.168,-0.59459,-21.797,12.356,9.8281,-17.242,15.759,25.802,-20.525,-17.77,9.6377,-10.09,-24.708,-9.4354,3.702,9.2072,-4.923,-19.492,-2.8632,4.8706,-5.2805,3.1746,6.7838,0.30856,-1.2612,-26.296,-34.226,12.984,30.369,9.1583,24.458,36.405,9.0882,2.9378,23.673,20.053,-10.578,-21.525,0.28921,2.4991,-15.993,-8.2078,-5.9184,-19.867,-1.3285,12.247,-10.413,-21.97,-20.683,-11.504,3.3019,-19.743,-35.211,6.5855,16.954,-21.011,-23.096,3.4701,24.498,36.495,28.118,21.261,30.188,37.888,38.295,18.972,7.1716,27.264,12.649,-21.515,-0.69062,-1.4088,-45.54,-32.543,-13.69,-46.763,-41.835,-6.5586,-22.397,-60.563,-65.09,-31.307,0.71694,-8.2088,-22.648,0.28984,39.695,57.417,41.835,40.558,83.408,106.91,94.189,92.113,84.244,54.711,10.554,-55.567,-99.375,-106.69,-128.39,-136.78,-98.012,-56.422,-36.07,-31.22,-9.9538,33.831,29.57,12.937,55.547,59.033,20.222,40.718,42.969,17.51,56.706,60.419,5.3721,15.288,31.817,3.2323,-2.7385,-13.314,-32.906,-23.516,-26.349,-29.986,-21.323,-40.141,-31.645,3.5662,-24.461,-47.141,3.0536,29.635,0.7143,-20.197,-17.834,-8.183,5.7394,21.649,20.913,16.753,39.472,33.106,-12.108,1.6548,36.177,15.121,7.5282,16.141,7.9668,25.429,16.157,-30.495,-15.912,4.4327,-20.342,-17.513,-18.647,-33.678,-11.811,-19.027,-44.164,-17.746,-8.7101,-13.835,13.421,6.2798,-9.2482,14.201,19.501,26.664,34.52,-2.8836,2.1461,41.813,8.5665,-8.5884,39.004,35.125,-4.6257,-10.288,-9.02,-10.654,-9.8288,-8.1593,-5.0975,-19.841,-24.576,-4.0197,-11.837,-14.224,18.339,-12.204,-72.121,-34.457,22.457,10.975,12.025,33.745,18.764,14.566,30.531,4.3163,-14.742,23.571,32.431,-7.9294,-13.565,0.66481,-13.034,-16.376,6.8591,17.268,0.79545,-12.166,1.4022,0.78206,-29.895,-21.598,20.093,20.82,-1.3914,-11.276,-20.752,-22.746,-15.082,1.8021,22.882,13.669,-2.0351,9.0943,8.2941,3.7136,1.4562,-32.347,-20.783,44.472,32.04,-10.682,4.0719,-1.261,-10.601,20.341,9.1681,-22.898,-6.3758,15.528,19.173,0.66188,-31.09,-19.68,3.6388,-2.5744,3.7626,-1.6254,-21.813,-0.94216,0.60933,-24.86,8.8023,34.712,7.2161,5.4813,2.0359,-20.854,-1.689,5.5651,-21.627,0.821,34.372,15.688,1.2405,5.4735,-1.335,0.38094,-0.62293,-19.309,-6.0452,25.557,3.6964,-24.716,5.1415,18.06,-20.462,-28.187,-0.53847,7.0176,0.007029,-5.6454,-2.6786,10.135,5.3877,-10.932,-6.4841,10.563,16.883,-1.7776,-19.864,6.0724,27.272,-2.5328,-17.434,5.2633,21.541,17.573,-17.318,-35.755,10.437,26.194,-14.759,-9.0522,8.3144,-14.042,-0.62959,20.503,-13.451,-16.63,29.246,18.844,-28.119,-15.02,12.261,-14.335,-20.432,16.028,10.671,-2.7617,13.13,-11.241,-22.951,25.064,18.43,-16.932,8.2754,12.409,-10.234,0.36445,-2.3187,-2.0352,17.708,-0.029615,-5.9667,5.5935,-29.376,-23.351,26.236,3.5674,-13.066,23.842,16.503,4.151,14.361,-21.307,-38.047,2.8972,10.284,-10.401,-5.5543,4.3331,0.62401,-12.583,-10.476,19.115,26.894,2.8332,-2.9471,6.5123,2.1445,-11.52,-17.997,-0.89768,23.46,15.298,-14.137,-22.249,-6.6182,7.0384,9.4966,6.824,3.8897,9.0272,15.727,4.3344,-5.8452,-2.3768,-15.317,-19.839,5.9077,-0.93862,-25.912,-3.6521,12.113,-9.9561,-17.429,-13.43,1.9872,30.236,9.1606,-22.674,16.257,39.99,2.9549,8.2813,32.306,-10.192,-32.185,13.781,15.398,-24.675,-8.239,20.51,4.7214,-11.81,-23.146,-25.607,-0.11354,-4.3045,-24.616,9.7142,23.048,-10.766,6.3605,27.021,-10.088,-19.742,8.6506,11.881,-12.404,-31.204,0.3406,40.163,14.519,-4.6019,11.991,0.78771,15.148,38.421,-16.12,-29.927,31.539,10.312,-49.699,-33.142,2.5745,11.176,-3.9996,-20.626,0.27803,10.885,-5.5029,4.9769,1.8482,-12.77,22.052,28.881,-14.113,-11.362,6.8728,-5.5046,-7.5691,-3.6714,-5.8725,-8.6137,-10.529,9.0047,7.1166,-32.813,-8.0987,55.07,42.014,7.083,3.8621,2.9913,28.157,38.742,-22.805,-52.137,-2.3275,13.982,-21.781,-29.385,-4.4053,3.6687,-20.527,-37.947,-14.073,3.2209,-25.455,-24.48,29.13,26.3,-20.994,2.6018,42.242,22.629,16.444,28.367,12.15,8.1983,12.06,4.1957,17.966,17.871,-5.7489,4.1132,8.3619,-12.93,-7.8994,-7.5198,-21.454,-14.627,-26.605,-49.227,-42.181,-40.015,-31.816,-5.0831,-5.317,-4.1419,12.807,3.0109,3.5579,28.72,38.061,47.702,49.049,32.54,37.234,36.175,24.748,46.408,40.326,-9.5351,-19.054,-10.82,-28.791,-47.665,-73.09,-85.885,-58.967,-39.242,-38.156,-30.986,-28.195,-12.504,30.472,56.047,34.874,5.6639,23.202,53.335,39.133,37.96,62.007,30.843,-6.3862,6.8381,5.4096,2.212,16.557,-7.1637,-18.856,2.6713,-31.735,-69.028,-30.855,-6.9951,-38.963,-53.405,-25.307,2.1632,-3.2273,-5.879,15.784,12.895,4.2148,30.128,28.799,2.323,18.42,33.605,15.296,5.3462,-3.7535,-3.3367,33.59,42.942,-0.10867,-15.856,2.9069,-4.2292,-26.215,-28.78,-21.437,-8.7453,1.7661,-10.06,-15.995,-0.66741,-12.308,-29.151,3.2487,23.83,-1.8788,-8.8972,0.029419,-6.1517,-2.5335,4.176,4.5285,18.096,20.337,2.7546,6.3744,23.33,17.395,2.1724,9.5441,23.493,2.0455,-26.763,-11.708,1.7117,-19.662,-12.746,24.071,13.692,-39.31,-49.13,5.5865,34.166,-6.3675,-24.362,7.7577,3.852,-23.079,-3.9829,10.951,-23.474,-30.757,18.489,36.832,13.227,21.303,30.255,3.0366,5.8019,19.762,-5.8426,-3.7963,18.214,-3.7577,-17.01,-6.7779,-5.0861,1.1117,-23.748,-43.238,11.938,17.415,-34.581,5.0299,25.9,-35.686,-13.319,22.724,-24.179,-10.68,41.478,29.237,12.485,-2.126,-8.7947,20.267,-1.7669,-34.332,17.997,34.73,-9.5475,-4.7902,-7.8104,-41.35,-11.834,43.545,36.169,-18.849,-37.672,7.775,17.956,-20.837,-7.4812,12.545,-6.793,3.615,4.2135,-18.299,12.52,22.361,-22.648,-20.813,-3.7242,-7.8595,18.839,29.538,2.0652,-7.0273,-5.2193,5.128,11.475,-17.027,-14.221,15.451,-12.854,-25.853,23.99,39.998,13.205,-16.092,-27.986,11.468,31.919,-10.197,-14.942,-2.2021,-34.122,-14.422,41.799,15.115,-27.677,-6.4594,12.512,-1.5934,-16.068,-14.328,6.6911,18.288,-0.51595,-11.76,4.5169,13.7,4.8889,0.17424,-1.1607,-2.678,8.4648,16.229,1.5277,-10.447,-3.3878,7.4074,8.7403,-3.6371,-14.384,-17.784,-24.041,-2.4093,34.953,9.4644,-36.092,-12.956,22.599,18.323,8.7317,5.5865,9.8829,6.5316,-16.396,-11.584,6.4287,-7.1915,-4.6913,-2.8837,-38.273,-18.538,35.947,16.371,-11.016,1.0141,-3.3548,3.0258,24.003,16.576,9.5349,1.7754,-18.569,-12.45,0.085974,3.4904,19.109,5.3345,-21.316,4.8681,22.233,-10.358,-19.678,-1.3829,-4.6975,-15.678,-9.3415,1.101,1.2759,0.65393,-2.4873,-13.262,-5.0111,8.1186,-1.0799,11.111,23.275,-11.541,-11.458,18.963,-2.3103,2.8519,35.108,-0.023369,-3.8331,41.521,4.9331,-30.411,4.9935,-0.55741,-18.932,9.9162,14.896,-10.684,-34.095,-42.058,-11.547,0.38822,-29.984,-28.29,-7.8331,4.7231,36.062,35.797,-1.4435,-2.3031,14.505,23.432,35.591,21.366,-0.68208,1.1043,-0.20238,5.0807,11.368,-16.049,-23.131,8.2647,6.5929,-14.32,-9.1274,-8.8422,-26.118,-28.285,-5.8771,8.2678,-4.9713,-3.9144,16.858,0.76045,-27.904,-11.729,8.1929,-5.6721,-10.276,14.902,26.448,10.933,14.548,28.285,9.7962,8.0896,32.795,10.407,-14.014,5.387,-6.0906,-18.452,16.009,7.2146,-26.267,-9.9654,-15.042,-40.094,-16.371,-2.2268,-12.594,-1.8276,-7.4087,-15.649,9.7225,5.5403,-20.242,-6.6693,2.7176,-3.983,14.856,23.843,11.581,20.752,34.132,34.045,37.533,32.166,18.572,11.776,-1.0301,-7.0807,0.0012294,-18.127,-43.678,-46.296,-61.514,-65.589,-20.672,-2.562,-26.217,-18.594,-5.6114,-6.06,22.59,36.158,23.996,49.279,59.715,21.475,18.344,33.436,10.922,-0.15788,4.3363,-14.298,-26,-7.9368,18.762,15.713,-30.436,-49.304,-17.493,-15.284,-31.204,-7.8792,6.6879,-7.94,-14.319,-15.718,-1.2192,28.528,27.123,8.1711,-0.34885,-10.532,0.44211,20.624,7.2888,12.833,41.677,6.5059,-37.591,-1.5255,30.741,4.3092,-13.902,-5.6644,8.2641,20.026,3.7094,-25.249,-21.3,-4.8043,-11.347,-21.668,-11.414,0.40786,-16.307,-30.985,-1.8247,20.129,4.5914,13.803,33.033,11.592,1.3027,8.3598,-7.3178,6.0605,33.16,-2.4427,-27.277,6.9525,12.157,-9.6853,-8.5469,-6.5374,2.7482,15.83,-0.81903,-14.274,-18.888,-34.18,-3.025,44.904,14.171,-24.029,-2.0383,3.6938,-4.1898,17.802,6.5262,-32.927,-16.425,20.298,14.635,2.7974,0.039586,-12.239,-5.6489,13.735,1.7119,-8.6738,10.703,10.213,-5.4041,4.0705,9.764,1.364,-1.7583,-14.25,-13.555,15.097,14.887,-5.4735,-2.5798,-8.4121,-12.512,10.378,2.644,-21.318,-0.99288,12.384,-5.4004,-6.8228,-4.5755,-5.7708,6.5016,4.0776,-6.9729,-1.7496,5.5297,27.457,40.957,-6.7258,-38.016,2.0251,14.991,-12.538,-12.583,-6.5553,5.654,32.021,5.3896,-35.698,-7.3709,11.398,-17.949,-4.5032,27.303,3.8835,-21.744,-5.8936,14.442,10.77,-15.268,-21.546,17.484,35.637,3.9469,-11.289,-7.3057,-17.057,-5.1516,11.018,-17.739,-21.917,25.805,25.415,-13.643,-11.828,-3.3503,1.2576,28.594,18.196,-13.433,11.365,18.62,-26.69,-23.938,10.191,12.492,5.868,-20.037,-32.887,23.41,39.082,-26.958,-31.315,14.624,0.86016,-24.652,-8.2725,11.492,5.0187,-13.942,5.0002,37.512,2.5023,-30.288,16.274,41.892,7.5046,-12.025,-7.3658,9.5584,21.612,2.087,-7.8172,-4.8181,-29.49,-34.18,-9.7149,-4.9595,7.774,16.407,-10.644,-12.792,-4.5638,-17.114,18.933,43.954,-7.6897,-2.9437,40.097,-11.926,-40.528,22.68,28.11,-13.459,-5.5729,3.7398,-5.5697,-12.193,-29.393,-9.7092,44.188,27.459,-27.957,-15.33,12.162,-5.1699,-2.0695,25.55,13.096,-10.977,-9.3317,-17.658,-19.184,12.819,10.782,-25.341,-11.996,17.557,9.5678,6.951,2.9498,-18.628,-2.3615,25.576,7.3266,-11.036,-5.5619,-0.057464,8.5388,4.629,-3.6173,7.6305,-3.8716,-18.731,17.912,28.598,-9.9775,-8.0917,5.5337,-13.053,-15.079,-8.508,-3.2659,14.745,2.7021,-9.7761,15.746,-2.7868,-34.881,9.827,31.92,-10.103,-16.354,-13.31,-27.418,8.2317,35.468,-3.2224,-9.9575,32.117,28.299,-15.265,-27.332,2.4155,30.671,14.209,-20.309,-8.8255,17.637,0.051383,-10.851,13.787,12.06,-6.4306,-4.7336,-13.288,-18.743,-12.033,-29.916,-22.294,11.834,-9.609,-11.905,31.825,0.62174,-16.437,48.28,18.209,-44.114,19.82,46.292,-12.142,-2.5792,18.104,1.2614,12.728,-1.8506,-29.777,12.583,31.077,-23.502,-36.271,5.7925,18.218,-6.6394,-16.755,-0.24785,4.1181,-3.2898,-0.87307,-10.86,-23.95,-16.801,-10.651,2.1666,12.994,-11.295,-16.598,8.5802,-0.72674,-2.5536,30.325,31.228,17.404,17.667,6.7234,9.7234,20.841,11.634,21.121,29.606,-4.0331,-25.931,-18.322,-9.932,-2.5555,-15.947,-30.292,-13.603,-19.665,-48.695,-40.705,-27.244,-35.248,-32.759,-15.288,15.688,34.354,12.664,7.951,42.061,63.281,76.719,78.658,53.903,62.269,79.481,21.946,-37.434,-37.648,-52.832,-80.436,-77.616,-85.208,-91.946,-56.784,-29.289,-24.725,2.731,25.706,16.204,21.486,45.907,45.775,27.278,19.32,29.968,44.421,30.766,10.525,30.78,37.57,-13.076,-30.241,8.6822,3.2797,-31.115,-17.5,-7.416,-32.88,-27.228,-6.6904,-22.239,-22.61,-1.581,-25.916,-46.598,1.7915,39.337,17.209,-4.3309,-8.9558,-3.6126,23.548,28.724,-2.5057,-2.2806,31.105,43.234,35.091,14.26,-12.897,-11.349,4.5663,-0.024396,-1.0919,1.4165,-21.24,-31.633,-6.1524,0.5848,-28.796,-43.439,-16.257,19.878,18.501,-5.7561,-3.6072,10.819,4.6086,-1.197,8.9012,22.341,20.976,-10.861,-31.319,0.09404,22.119,-0.65461,-16.282,-12.343,3.2914,27.656,22.594,8.5087,16.792,-5.8042,-24.309,22.431,21.662,-41.641,-19.678,28.226,-16.15,-44.356,-2.0771,16.228,8.7413,2.8382,-23.407,-31.428,2.7395,24.322,19.496,10.657,-1.3876,-2.4184,1.2232,-14.688,-13.925,10.821,-0.14536,-11.726,30.554,41.133,-10.2,-21.226,13.156,26.691,21.36,-2.4331,-33.041,-21.953,0.22876,-13.462,-15.493,8.6408,4.7048,-12.624,-0.17256,4.362,-23.39,-26.757,2.3907,14.176,22.447,31.286,-0.27945,-19.522,14.94,21.808,-0.3899,9.7128,3.0831,-31.02,-21.776,6.0266,0.24093,-10.459,2.9133,20.197,9.5434,-5.7371,9.8644,9.3688,-13.44,5.3414,16.099,-23.994,-26.124,4.7074,-6.0753,-15.283,6.2234,14.799,6.3645,-5.6774,-7.1369,12.197,16.163,-7.0013,-15.02,2.098,13.56,-0.17686,-15.562,-1.6244,11.413,-5.5569,-16.545,1.8701,27.808,26.172,-9.8344,-20.657,12.129,13.564,-18.862,-16.194,10.508,16.369,2.3006,-14.786,-20.223,-8.1947,11.784,14.599,-4.1803,-2.2092,11.491,-10.84,-22.187,-1.2451,-11.386,-18.068,12.343,13.318,5.8004,23.91,14.297,2.747,17.324,6.7649,-6.1074,-2.5058,-18.353,-16.864,4.7498,-4.5657,-10.892,-0.31614,-2.2458,5.796,8.2475,-12.731,-6.059,12.221,1.4635,0.019712,11.302,6.5445,0.45442,-5.3239,-12.744,-6.6172,-1.0588,-3.7177,3.8735,11.45,-3.2209,-18.511,-2.1435,16.547,5.4556,4.6664,15.74,-5.0214,-12.433,10.991,-2.6248,-16.525,12.351,7.2696,-15.729,10.559,17.84,-16.079,-14.806,5.2419,2.3046,-0.13479,-2.7608,-13.656,-10.697,4.0767,11.3,6.0301,-2.0592,4.111,12.937,1.9548,-6.5001,3.6162,2.4805,-13.994,-18.976,-11.152,2.1663,15.329,10.091,-8.638,-10.52,9.7298,23.678,8.5913,-8.0671,8.2603,18.637,-5.8267,-17.611,-9.6567,-6.264,7.9417,8.4596,-15.174,-2.7553,22.555,6.1614,-16.114,-31.056,-27.62,16.325,19.417,-23.601,-8.6586,18.138,8.0171,18.287,8.2671,-18.343,11.153,11.538,-24.364,9.1135,23.539,-17.579,1.5479,19.544,-19.023,-14.198,17.273,19.277,16.877,1.0777,-10.85,0.86853,-5.7421,-10.111,-0.3896,-17.775,-20.119,-0.48576,-12.064,-10.273,4.9741,-24.235,-30.192,17.378,31.14,5.9396,-5.4096,6.3384,25.198,21.699,3.927,6.1404,20.14,26.893,10.785,-21.3,-17.42,11.77,10.588,-1.3271,-4.0294,-12.059,-17.075,-19.571,-11.843,0.24314,-26.634,-41.584,0.88587,3.3534,-30.068,-5.4754,17.027,-1.3338,1.0089,6.6322,7.421,31.331,37.118,21.447,21.743,24.624,27.639,31.564,23.796,11.847,-12.462,-28.897,-15.677,-30.61,-52.161,-21.27,-21.689,-50.225,-17.594,-10.667,-46.621,-10.198,28.623,2.7585,-0.84761,15.678,27.05,50.312,40.125,21.738,42.206,33.805,6.5388,12.293,-2.4723,-20.24,2.7939,-1.0373,-26.675,-18.808,-23.634,-49.091,-38.794,-6.562,6.3546,-0.22317,-4.9215,0.68708,3.2241,3.8723,0.46262,-14.874,-1.4628,37.39,28.489,-1.4805,10.879,20.519,1.8887,-8.2713,-9.201,-1.668,14.114,13.184,9.1108,14.04,-3.8586,-27.267,-14.38,4.3683,-5.124,-17.912,-13.987,-3.4479,0.020048,-9.7927,-8.5304,20.809,25.583,-9.2667,-8.3861,13.89,-13.106,-29.782,1.5849,8.3311,-0.74711,5.3852,-4.7442,5.8941,41.541,20.025,-15.843,2.0254,11.62,-2.1161,-1.5077,-3.7081,-1.6985,5.205,-17.062,-31.878,-6.2222,12.527,0.69299,-18.247,-12.327,24.351,34.949,1.5896,-11.476,0.59459,-5.6704,-12.736,-2.5312,1.0388,-4.5623,-7.1207,-12.146,-10.21,14.101,28.421,10.113,1.1612,5.6577,-8.9891,-6.8438,19.253,11.397,-7.5024,-0.34792,-1.9541,-8.2459,-3.5459,-6.5456,1.0023,9.2494,-14.544,-19.405,10.139,11.199,-7.9329,-8.2927,3.6106,16.05,4.9539,-23.496,-17.288,9.3925,7.2738,-5.5745,2.8374,20.984,13.677,-18.287,-16.158,22.326,24.329,-7.661,-9.8566,16.858,21.262,-13.654,-36.74,-14.845,-0.56824,-9.5108,5.6903,22.252,5.3313,-8.7057,-5.3934,-2.8961,-2.0597,-2.5255,4.079,14.384,4.5279,-7.271,2.3059,5.7284,-4.4847,-5.5371,-2.5323,-2.2826,6.6314,13.366,-9.078,-40.243,-23.77,25.716,36.527,10.481,-1.3695,0.92406,-1.1369,-0.24086,9.16,13.16,-2.1045,-21.067,-21.845,-9.1776,10.347,21.093,0.82194,-19.67,-11.511,-8.0012,-10.468,8.8385,18.259,-1.2928,-8.7864,3.8734,7.063,7.0068,19.068,17.092,-4.6802,-2.0669,16.1,0.11321,-24.516,-22.682,-20.564,-21.772,-8.2077,12.126,24.752,11.103,-13.015,-4.7164,13.729,14.263,18.869,15.908,-1.0104,-7.3354,-17.217,-19.263,5.311,6.7134,-6.8167,6.2829,1.9728,-15.078,-1.2716,1.7393,-10.254,-0.22671,5.629,0.52723,-3.6903,-11.12,3.1849,16.373,-3.0572,0.4832,16.24,-8.1808,-12.522,14.005,6.8928,-2.5172,9.473,7.524,5.5832,0.87619,-20.24,-5.7815,28.237,0.73498,-39.223,-8.3119,20.262,-15.291,-22.875,17.521,10.36,-11.631,11.169,4.4901,-24.601,-5.6395,5.3149,-2.2223,23.172,23.484,-8.2348,-6.7446,-8.1799,-17.139,14.296,29.476,-2.4277,-18.227,-1.5731,17.69,11.472,-15.524,-15.783,6.5238,14.127,9.7515,-7.9689,-15.778,10.328,16.34,-1.804,-6.9526,-30.37,-29.304,24.064,2.3566,-57.435,-10.722,29.262,-13.048,-3.7117,36.218,18.668,3.4181,6.9342,1.5786,7.3875,5.0704,-2.6734,21.212,37.377,19.112,-1.5384,-15.43,-13.845,-2.2155,-5.7466,-7.7946,-16.705,-46.31,-28.572,20.221,-0.28193,-32.92,0.59134,19.248,-10.018,-22.52,-12.068,3.8652,20.722,16.669,-2.0762,-9.1283,5.7091,38.178,50.482,29.08,20.615,24.316,7.3139,-3.0747,5.7574,3.543,-13.026,-29.354,-22.689,-3.1677,-31.896,-69.026,-27.671,6.9098,-28.425,-20.475,21.522,-13.304,-50.484,-9.2634,29.123,25.569,15.492,15.303,41.957,59.661,24.211,10.08,49.474,47.75,10.571,11.197,9.0765,-16.441,-16.75,-14.74,-29.87,-31.822,-40.248,-52.596,-35.788,-36.104,-58.288,-35.279,-1.1994,-1.3156,4.119,9.759,7.0468,28.316,35.738,15.854,32.773,63.575,56.027,44.732,47.418,46.4,38.596,11.739,-25.563,-47.952,-55.888,-48.334,-39.264,-46.524,-38.175,-19.849,-37.547,-48.144,-9.1955,20.583,12.5,6.1512,11.337,6.1512,-4.8418,9.7571,38.311,36.113,25.766,37.6,33.955,17.361,13.604,-6.991,-18.359,19.013,25.675,-22.766,-27.592,5.3672,-7.0064,-33.77,-22.165,-12.933,-24.83,-15.227,-3.5589,-32.499,-41.239,5.3384,16.914,-15.141,0.44859,29.48,7.6207,1.3544,30.951,28.756,15.008,30.018,35.894,21.874,7.8344,-5.8104,1.1213,12.344,-21.212,-50.043,-25.874,-11.588,-16.488,1.681,2.2792,-18.724,-3.2419,14.807,-8.4531,-19.986,3.7589,4.5682,-22.677,-0.17313,48.339,10.774,-41.457,5.5216,38.259,11.163,18.681,-0.047414,-38.447,14.128,31.183,-26.913,-0.41204,16.928,-29.62,17.135,47.136,-19.646,-4.363,18.927,-34.703,-9.9164,15.38,-37.956,-14.115,13.029,-36.394,-6.6793,38.563,-7.9663,-16.751,9.8304,-13.354,-27.514,-3.3917,35.244,43.848,1.4429,6.3898,38.179,-5.574,-8.7327,39.894,-8.6065,-35.146,28.479,3.9575,-52.16,-13.912,3.2444,-25.442,-11.673,13.088,0.60053,-23.441,0.61358,46.782,8.1994,-43.596,1.5131,25.375,-6.7113,1.6676,4.3479,1.6466,28.718,-5.9241,-37.361,18.131,13.137,-31.31,3.7234,12.689,5.7082,45.502,-1.9777,-54.818,32.441,56.467,-27.797,-21.647,7.8402,-23.725,-23.839,-23.022,-37.61,3.6796,27.618,-5.8168,-7.4737,9.247,6.5871,19.056,23.258,-0.0041158,-0.3785,19.059,15.19,4.3669,9.3669,-0.87969,-24.426,-8.627,10.032,-25.276,-33.723,7.2322,-7.9629,-37.676,6.6922,38.269,17.104,16.958,25.376,4.307,-18.72,-10.879,20.362,9.035,-40.081,-22.378,18.702,-17.738,-36.464,14.75,25.765,-6.5388,-4.1412,23.134,23.151,-18.712,-29.982,26.734,37.966,-16.067,-14.16,18.202,2.8976,-11.994,-3.9236,4.8049,11.034,-6.7129,-24.925,-6.4013,11.046,11.127,4.9888,-13.708,-15.152,-5.9209,-16.18,0.2936,22.716,-7.5146,-12.957,18.076,-1.4241,-13.261,23.022,19.801,-6.438,-2.924,-4.8045,-5.7136,10.136,15.666,16.385,9.0766,-7.1853,-1.7172,-4.7074,-25.067,-3.9944,14.767,-15.111,-16.568,3.7879,-15.156,-16.478,14.445,18.835,13.348,3.072,-22.966,-10.275,18.65,-0.46105,-11.338,4.5156,-12.022,-14.962,23.482,22.09,-6.5056,2.7525,13.393,5.8538,12.419,11.419,-11.274,-13.989,8.9148,14.566,-7.0523,-16.881,-2.4225,-1.144,-17.538,-19.733,-9.7475,1.0944,10.138,6.7607,5.0975,6.9264,-11.395,-12.184,16.917,2.7127,-27.678,-4.3382,6.7743,-9.8276,15.506,26.021,-8.3675,-3.7547,6.3839,-15.259,12.504,45.492,11.8,6.0942,31.319,1.7295,-20.121,-4.1383,-9.2876,-5.6065,-2.2402,-37.153,-26.083,13.129,-19.935,-32.774,11.769,-12.901,-46.999,2.7274,14.76,-28.884,-12.19,23.415,19.384,27.887,42.733,35.46,36.059,30.454,0.79102,-0.42825,28.169,25.787,2.5609,-0.37276,-1.2796,-18.155,-31.893,-31.851,-29.946,-37.57,-34.843,-14.834,-30.319,-64.828,-33.898,4.7137,-20.444,-16.812,20.943,8.4125,14.437,63.349,62.236,54.315,83.508,74.195,45.064,48.276,44.999,20.535,-16.863,-58.174,-72.871,-79.16,-85.542,-61.313,-49.362,-68.039,-47.859,-0.36909,7.9204,-5.7174,12.552,45.033,21.429,-9.8319,51.155,93.897,31.013,12.058,47.025,19.363,5.639,34.483,13.071,-12.577,-10.549,-36.144,-48.214,-21.688,-13.948,-25.872,-16.683,14.963,10.554,-39.659,-36.273,8.5666,1.9286,2.5095,21.753,-10.882,-12.719,25.215,-6.4403,-32.677,5.3808,15.006,2.4892,9.8958,27.181,49.097,22.516,-18.874,21.83,45.025,-6.0861,-2.689,20.914,-24.467,-48.232,-23.091,-13.151,-10.156,-8.6459,-14.888,-8.3602,2.0041,-5.3803,-21.534,-6.4123,35.123,16.622,-41.81,-19.959,33.14,15.063,-11.621,0.77934,7.128,8.6741,21.745,20.633,5.7483,14.89,28.987,-4.275,-25.932,15.53,19.226,-22.619,-6.7684,10.829,-20.421,-22.89,-10.305,-9.5439,9.5149,-2.3517,-35.973,-18.694,-3.1606,-13.314,3.6132,10.303,-12.892,-13.89,13.746,40.011,25.214,-11.336,3.6485,29.005,17.415,28.481,27.494,-19.808,-11.794,28.799,4.5021,-28.95,-25.501,-11.599,6.15,-0.62882,-25.093,-25.252,-20.225,-14.728,-10.661,-32.511,-15.197,41.972,19.511,-26.301,13.399,46.08,23.68,10.069,-1.0151,1.7394,31.302,17.913,-16.961,-4.5967,3.2189,-7.8951,7.0692,1.6786,-25.105,-0.25496,23.289,-15.255,-33.343,-3.4567,-1.2434,-19.504,-10.036,-5.149,-24.396,-13.544,29.681,27.306,-19.846,-26.102,4.5436,9.452,6.6018,22.476,33.467,41.433,52.549,39.17,-4.2063,-41.445,-38.787,-17.337,-17.566,-19.362,-11.852,-21.163,-18.569,-4.9981,-12.823,19.927,54.872,-21.652,-59.248,37.07,45.71,-32.068,-0.82417,36.384,-9.7907,-8.932,21.137,4.003,-7.0183,-6.9184,-12.278,-3.0795,-3.1724,-0.24826,20.279,6.73,-6.7449,22.442,19.257,-8.2371,5.3854,9.2626,-10.192,-7.2522,-13.281,-29.836,-29.179,-41.168,-36.828,8.2572,22.456,21.251,43.595,26.333,1.1848,13.863,-9.3353,-19.973,24.771,0.27579,-28.629,34.701,20.811,-40.088,18.618,35.087,-35.651,-6.0698,28.597,-20.996,-23.335,-16.83,-36.319,10.172,31.409,-19.115,-14.276,14.943,3.4104,2.3848,4.104,4.8878,16.805,-7.0051,-24.89,9.1458,21.24,9.8613,13.459,-7.1296,-26.989,-2.2832,17.5,9.5635,-3.3422,-13.805,-5.47,17.307,22.745,5.1119,-14.793,-12.931,3.6472,3.4912,-12.785,-25.415,-18.981,7.0726,11.129,-13.959,-15.493,1.2026,6.1413,16.324,18.969,-0.0029325,-3.7078,8.5922,8.1992,2.8079,6.6284,15.974,11.498,-12.262,-20.345,-1.0484,13.708,10.048,-2.8383,-10.688,-12.958,-21.163,-17.427,-0.99349,-0.083436,6.9184,15.518,-10.088,-8.7688,28.363,7.9876,-23.699,2.2545,10.465,-7.9099,-3.6977,-0.96981,4.8779,9.2272,-15.496,-6.1245,36.857,27.896,3.0778,-1.2871,-18.517,-10.722,8.9008,-19.043,-21.409,19.552,7.6126,-19.943,-1.6891,-3.3295,-27.571,-5.1189,30.456,11.849,-15.786,13.902,37.571,-3.1585,-21.507,6.1443,-1.8933,-11.247,7.9771,-17.228,-40.4,1.8162,23.722,10.515,17.559,14.492,2.098,3.3504,-7.4513,-7.751,3.4501,-8.538,9.2402,37.354,-13.258,-47.242,6.3713,17.884,-27.042,-22.152,7.9248,10.149,4.8733,2.3478,-1.1744,-5.3355,1.0694,25.86,24.208,-20.549,-39.584,-12.791,6.7421,7.2403,10.643,15.566,10.58,1.6249,2.9043,6.9896,2.6945,-3.3409,-10.076,-10.407,3.1357,5.0832,-7.1924,-1.7747,11.264,4.967,-11.212,-13.433,2.5696,4.6997,-11.082,-3.8331,0.33718,-22.589,-5.8143,25.443,-9.5857,-33.999,10.974,38.405,20.413,1.0861,-6.7739,3.4868,14.536,4.9514,-2.5274,0.7106,8.0975,15.112,-6.5965,-34.302,-10.146,25.288,8.0694,-23.803,-17.901,-2.1346,-15.324,-19.113,16.191,24.768,-10.36,-14.451,4.7104,-2.9832,-5.5537,11.856,9.8698,-6.4753,3.6269,29.519,13.957,-21.751,-1.8905,26.57,4.1881,-2.0209,10.029,-8.8701,-12.703,-11.797,-33.986,-5.315,32.663,-1.9306,-16.207,9.4873,-2.7773,0.94355,28.489,2.2512,-20.381,7.9822,10.711,-25.847,-36.826,-2.2179,20.704,-11.379,-22.638,24.291,25.185,-18.907,-7.4896,20.859,12.544,13.739,22.919,9.87,-3.7881,-3.4488,1.8687,-4.4856,-21.504,-16.973,-2.927,-5.3105,9.3249,22.897,-9.7531,-22.748,7.6652,5.3572,-5.2257,10.838,-7.334,-20.793,19.279,4.3593,-53.72,-13.642,45.73,0.45783,-43.592,-10.882,21.41,22.147,14.847,13.681,18.55,-0.22563,-19.943,10.173,28.603,-7.804,-11.67,31.934,34.54,-3.8291,-13.919,8.361,12.242,-11.315,-20.346,-12.956,-21.455,-38.552,-47.106,-41.599,-22.118,-14.92,-17.234,-1.8704,12.792,27.326,46.923,30.272,13.351,31.867,15.096,0.91559,50.688,47.234,-10.14,6.0331,35.457,15.422,6.8541,4.0999,-0.28213,-7.4276,-51.96,-62.419,-28.92,-58.461,-75.525,-22.159,-27.3,-55.058,-24.077,-22.198,-23.036,26.287,37.923,38.242,71.164,59.298,46.957,87.005,85.891,55.98,72.579,74.808,26.259,-12.009,-33.233,-78.091,-118.41,-105.71,-87.969,-101.67,-86.749,-49.733,-31.172,6.7122,33.028,12.592,24.555,51.514,36.889,48.042,73.488,54.963,39.743,33.544,30.412,48.686,18.561,-36.146,-14.97,6.4423,-19.746,-20.745,-21.116,-37.731,-38.75,-50.14,-45.648,-15.222,-16.557,-6.4208,18.982,-8.3352,-8.831,38.296,27.49,7.6552,21.218,-6.21,-30.726,-2.0194,20.731,27.831,27.447,8.5657,0.43305,7.9336,7.5416,-6.0285,-15.861,6.351,17.295,-13.87,-3.9903,29.085,7.2151,5.3875,19.873,-28.911,-43.128,-9.8136,-36.117,-40.356,5.7459,-17.447,-47.801,-7.7454,19.443,20.999,27.301,26.488,33.458,22.419,-7.0644,19.41,48.658,6.8179,-18.108,-0.37875,-9.2387,-25.189,-25.533,-21.798,2.4241,20.956,10.189,-0.96146,-19.088,-26.036,15.656,27.664,-18.217,-13.734,25.498,8.0133,-19.745,-12.363,1.2203,11.06,-3.9529,-25.715,-0.81765,8.9783,-24.303,-3.4267,29.309,-5.6759,-4.2116,39.713,9.9545,-23.309,15.251,31.365,5.1083,-6.0419,-10.363,-6.4835,7.7462,0.30772,-9.4757,2.9337,5.2587,-11.771,-19.545,-2.228,19.112,-0.3513,-36.557,-21.228,5.5243,-14.093,-17.692,13.877,11.163,-3.8496,15.2,23.155,8.1294,2.8992,-1.3802,2.8542,20.511,12.496,-1.0473,14.178,11.888,-13.727,-20.804,-22.932,-13.873,17.515,8.9614,-28.347,-11.401,19.368,3.2809,-1.5932,20.843,9.6409,-17.55,-13.44,-9.8819,-25.458,-19.065,0.61273,-7.8411,-11.196,22.033,35.189,5.4588,-1.0734,25.735,21.246,-1.4743,16.404,29.093,-7.2917,-20.482,-3.0285,-25.519,-37.521,5.3687,14.658,-16.268,-7.3277,23.262,25.261,-2.5248,-33.348,-22.8,7.4122,-1.0494,-17.425,-7.8218,2.0065,8.0451,8.202,3.5469,15.04,14.264,-7.8984,-3.0458,10.29,5.4374,13.585,15.717,-2.0974,-1.2477,0.3917,-6.6635,12.202,16.135,-16.696,-16.89,4.2735,-17.866,-39.425,-11.491,12.058,1.4436,0.77705,10.312,-5.6597,-18.482,4.5334,21.379,2.1135,-12.812,2.7092,9.8797,-7.0823,-0.99214,19.157,4.352,2.2133,34.49,22.691,-14.725,-13.032,-2.572,5.775,1.8939,-32.725,-11.898,44.276,0.93221,-49.318,-3.509,17.333,1.1219,10.611,-19.194,-51.683,-8.0159,21.661,-4.8082,-12.675,11.03,24.066,1.7968,-19.102,2.7931,19.258,12.182,21.431,22.306,17.777,35.112,17.48,-26.043,-28.502,-24.406,-32.719,-22.479,-4.2069,20.861,29.399,-7.1894,-21.553,8.5731,13.233,-9.3905,-19.123,-1.5796,16.699,-15.818,-43.044,-7.991,0.72155,-11.722,27.958,35.549,0.96924,16.018,24.325,-3.7507,-6.0493,-7.1853,-4.7799,23.543,17.371,-1.6986,14.495,10.283,-8.7563,-0.41599,-2.1715,-19.918,-24.323,-14.568,-0.03891,-5.0448,-16.461,-10.071,-20.597,-23.972,12.23,8.7597,-18.282,15.211,29.54,-13.282,-12.098,21.554,19.071,6.6859,10.596,14.803,8.3584,11.612,33.27,21.64,-5.9933,17.513,11.292,-52.794,-30.141,32.778,-16.117,-71.291,-31.394,-0.88509,-9.1886,5.3369,21.98,7.4763,-12.207,-4.7352,15.694,7.1373,-17.344,-13.524,3.8986,7.6677,9.8041,11.745,1.8213,-6.1799,4.6812,21.979,27.565,20.777,2.7033,-10.897,5.5875,26.027,17.667,8.2147,2.5316,-16.996,-14.937,2.9489,-14.497,-27.953,-1.6851,-6.5644,-57.312,-64.706,-16.924,-0.85612,-28.246,-25.237,3.9025,1.4156,-7.4783,10.652,27.542,35.833,43.55,53.787,81.751,93.186,60.557,40.205,36.862,6.0696,-18.221,-25.565,-56.476,-82.251,-85.884,-104.86,-110.94,-66.205,-24.711,-26.09,-15.779,32.495,49.211,23.669,33.458,61.938,51.918,42.245,48.252,47.422,52.302,33.527,-3.4112,3.8933,-2.9437,-43.436,-11.633,24.223,-26.389,-42.599,-18.505,-44.292,-38.018,0.5796,-28.557,-44.682,-4.5152,-9.872,-30.309,4.8327,32.91,20.512,8.631,8.8032,11.457,15.798,26.157,30.472,12.584,4.7758,23.838,19.182,-6.39,-0.5671,10.159,-2.4501,1.3803,10.012,-14.038,-28.557,-17.854,-21.422,-10.765,16.83,-11.586,-45.774,-6.3244,12.304,-28.177,-24.169,11.842,14.888,13.031,10.19,0.62327,6.847,3.7025,-3.3472,16.798,19.659,1.0336,8.4646,22.424,23.588,9.261,-14.804,8.9668,33.724,-28.317,-53.835,15.908,22.388,-22.967,-12.613,-8.0729,-18.278,-1.1315,-18.309,-41.735,-4.5814,19.248,6.1954,6.9762,-3.7531,-19.603,4.522,28.602,14.742,1.4723,16.187,21.346,-3.0965,3.9799,31.615,-9.3636,-35.677,32.676,37.104,-36.295,-16.728,24.434,-1.4466,12.843,16.956,-58.568,-61.9,4.8672,3.6571,-9.3285,0.93409,-23.699,-18.684,28.727,20.072,-12.711,-0.3181,18.655,19.892,17.116,11.005,5.6192,-1.9975,-5.5844,9.7327,18.758,1.1549,-13.987,-4.366,7.3445,-10.659,-27.196,6.5955,33.005,-0.31782,-20.939,-9.6513,-20.413,-18.633,9.2682,6.4287,-0.07621,11.737,-10.397,-26.141,16.678,27.607,-28.451,-38.564,19.463,40.06,4.8377,-13.63,-0.3247,17.803
-8.3648,-10.422,18.167,17.603,-12.35,-0.71192,15.722,7.9622,9.6477,-0.15758,-14.864,-5.4305,-4.5408,-3.4466,13.453,5.3308,-6.1531,4.4046,1.929,0.54567,7.02,-5.1394,-6.8228,-0.42903,-7.4267,10.651,20.999,-15.088,-15.514,14.09,-9.882,-29.628,1.9448,12.215,-8.7243,-14.125,-8.1242,-2.2065,7.743,13.206,2.0247,-11.892,-0.48177,18.72,16.489,15.654,25.743,33.606,42.511,17.084,-39.571,-39.486,-13.537,-42.086,-43.458,0.22996,-15.92,-31.041,17.905,16.331,-21.007,14.345,43.048,6.4635,-2.8254,20.147,10.975,-7.5301,0.27921,13.276,9.5649,4.562,6.357,-7.4909,-17.342,0.98748,-1.7479,-19.891,0.74939,9.4338,-10.42,6.5811,15.372,-18.318,-20.408,-3.9064,-4.5272,11.705,9.6056,-21.729,-9.1376,14.657,-4.4877,-7.8163,19.79,24.028,1.3547,-13.783,-6.0852,5.8125,14.718,31.461,24.415,-6.2252,-9.1785,-15.276,-42.016,-21.099,14.784,0.88599,-7.9143,6.2407,1.0285,-9.123,-8.68,4.2221,23.649,7.8115,-23.464,-12.662,6.6787,0.64233,-0.4796,7.219,6.878,2.8531,8.312,19.317,9.2671,-4.6901,9.6872,10.275,-11.04,-7.5821,-10.636,-20.91,17.627,31.487,-25.678,-38.908,-6.9266,-21.202,-22.042,22.137,13.451,-22.583,4.9228,30.334,0.84389,-0.61607,31.017,16.267,-13.771,0.97769,17.514,2.017,-9.1021,1.3809,9.4987,-0.42399,-14.003,-12.1,0.2955,6.6319,-4.1644,-22.233,-15.522,8.748,4.064,-19.489,-9.7542,23.102,19.121,-15.61,-8.4013,23.724,2.9238,-20.03,10.068,9.9531,-27.523,-17.06,18.431,23.177,-2.5189,-25.206,5.5081,36.787,5.1355,1.3209,31.717,8.6463,-2.5101,14.82,-8.2349,-11.083,-6.1614,-44.663,-23.645,11.206,-35.507,-27.778,15.259,-26.112,-16.035,42.913,-0.44091,-25.478,29.549,26.949,3.885,23.596,23.628,15.649,21.046,13.343,3.2983,-11.713,-24.653,-9.6317,-0.58951,-9.0107,-2.1294,4.1527,-12.118,-33.706,-23.931,15.103,10.626,-23.087,1.9378,24.126,-10.948,-10.638,14.37,-3.9081,-9.0228,11.74,8.0077,-3.0816,-6.0704,-0.90723,16.07,16.896,5.4801,-0.78298,-13.599,-3.465,24.303,10.006,-3.992,20.311,13.14,-15.776,-4.0039,13.674,5.7935,-11.819,-32.236,-30.966,-10.83,-14.844,-22.822,-3.3889,1.1142,-15.238,1.2213,32.007,25.764,9.567,7.151,-3.9568,-1.6106,19.135,1.4417,-22.696,8.9439,27.39,-2.7947,-1.8059,24.725,10.592,-19.636,-18.186,9.8653,23.55,-7.9938,-34.345,0.45075,33.531,4.1791,-25.607,-11.154,-6.4464,-26.302,-19.696,-1.8264,-14.764,-21.461,-5.1494,-1.8683,5.8047,24.865,16.401,0.90419,4.4563,11.943,25.286,19.497,-6.5478,11.947,36.586,3.6801,-16.087,1.7494,13.309,19.294,-6.7541,-24.404,30.219,26.742,-45.812,-4.8311,42.719,-43.771,-78.067,-24.375,-34.262,-60.565,-53.723,-54.911,-37.163,-5.2906,27.818,69.154,62.501,47.529,85.226,81.095,54.895,87.673,66.985,5.7422,37.959,48.296,-43.073,-96.684,-100.61,-115.67,-98.029,-67.801,-75.295,-66.205,-21.39,-2.0134,4.3962,50.844,82.069,44.262,19.404,45.291,50.118,36.64,37.519,28.751,27.745,40.81,19.751,-16.831,-23.219,-13.872,-20.306,-42.958,-33.055,0.31163,-28.122,-61.407,-12.658,8.7319,-28.361,-10.243,22.587,3.9342,-8.9265,-4.7366,5.3616,21.626,8.3108,-1.9723,16.077,4.9259,1.1613,38.808,29.418,-6.9043,7.0826,15.313,2.3326,7.2037,-14.938,-42.4,-6.2356,16.764,-14.163,0.42589,35.001,-8.2052,-47.501,-9.2253,19.536,11.492,4.1577,-21.942,-31.813,9.3716,19.141,-16.457,-22.57,-8.9641,0.10543,9.37,1.4853,5.4499,33.583,24.53,-3.8822,1.192,5.6647,3.1402,13.617,1.9949,-15.823,4.5871,11.753,-24.409,-32.018,8.3604,33.296,23.924,4.3753,-7.9323,-0.42756,-6.6633,-43.718,-37.595,-5.4263,-30.646,-15.639,65.822,28.635,-62.451,-10.655,50.665,5.9042,-8.4747,24.503,28.102,21.38,9.5255,-6.167,-11.877,-25.351,-16.69,18.329,10.931,-13.596,-5.9305,-12.949,-29.884,-4.9373,25.594,19.068,8.131,10.95,-4.7693,-25.092,-4.1371,20.866,7.9415,-12.588,-25.349,-7.0178,32.412,-5.328,-59.124,-2.4263,36.981,1.5324,19.255,23.313,-24.162,4.2472,25.903,-27.04,-12.777,36.16,15.955,-12.705,-17.897,-5.1638,6.8541,-20.934,-12.417,35.608,9.1436,-16.055,11.853,-14.586,-28.05,22.886,8.7752,-33.64,-12.304,12.206,24.489,24.746,-11.028,-21.265,6.9249,17.303,2.2134,-26.096,-16.176,25.369,-4.3367,-33.489,27.205,27.38,-29.11,13.629,33.89,-47.283,-42.924,33.673,18.361,-20.317,12.007,35.993,13.923,3.5339,11.924,11.732,1.166,-22.445,-33.389,-1.09,10.046,-31.546,-27.487,18.761,-6.6905,-65.854,-51.546,9.3062,40.411,35.007,34.868,42.495,19.838,-2.8852,13.405,19.644,5.9113,6.5352,-5.9429,-21.854,-3.8857,-5.2581,-38.132,-24.615,18.574,5.787,-37.938,-25.876,21.118,20.31,-12.684,-17.141,2.2966,22.014,13.595,-29.491,-30.89,22.871,34.176,8.7377,22.29,35.888,-5.7831,-41.969,-1.3627,43.939,-3.9542,-46.769,5.2292,28.539,-7.2345,-1.6219,5.2068,-13.391,-13.586,-39.959,-47.387,25.691,39.612,-14.213,5.885,29.738,0.10444,10.974,23.327,-15.416,-28.271,-3.9314,7.7356,-3.1389,-11.634,7.3559,3.2438,-27.672,11.926,53.295,-7.5761,-36.151,16.629,21.042,0.24735,13.212,2.2647,-31.877,-44.393,-20.467,24.032,20.683,-9.0959,15.424,25.263,-10.964,1.1449,18.517,-11.815,-5.2625,14.257,-15.426,-23.128,-3.1867,-6.2548,1.3605,6.7882,-21.267,-18.692,20.081,23.717,0.28173,-5.9988,7.2237,22.724,14.155,-12.197,-11.477,15.021,20.535,-5.0717,-27.599,-20.865,3.2233,13.664,2.9961,-2.3946,10.255,7.4323,-19.722,-24.547,-12.472,-16.337,8.2383,50.971,23.842,-22.611,-5.7217,4.5444,-17.088,-10.911,-6.1924,-20.212,-6.8214,16.752,23.137,18.703,7.6922,14.263,9.9601,-37.585,-31.249,32.871,21.698,-11.103,19.787,9.0308,-36.434,-10.302,23.361,12.735,8.3461,-2.4106,-29.281,-40.698,-28.404,15.062,41.232,1.7874,-24.847,-7.0735,-5.1764,4.8392,19.369,-16.931,-31.132,14.849,26.66,5.9419,11.988,18.04,5.5173,-0.33292,18.412,36.459,4.1217,-23.756,12.436,7.2485,-49.304,-17.358,35.251,-15.796,-58.956,-18.837,16.233,2.7519,-32.287,-32.242,19.671,39.306,8.0953,-7.3335,-11.27,-3.8846,25.352,23.474,8.8877,16.835,-8.4019,-27.454,24.504,52.163,10.889,-18.805,-7.2923,11.28,-17.759,-62.326,-18.984,31.13,-8.5016,-11.896,23.577,-2.1863,18.087,71.784,8.5041,-47.53,-4.1663,-11.993,-60.045,-43.863,-16.458,-19.341,-25.3,-9.456,25.051,18.605,-8.6853,21.628,48.543,28.069,34.765,56.068,42.006,19.371,1.0917,-7.5727,6.9659,24.327,16.467,-25.441,-52.34,-29.246,-28.2,-49.722,-28.766,-29.016,-53.572,-34.097,-46.834,-71.623,-11.749,21.033,4.5235,30.057,22.092,26.623,116.14,100.57,24.179,87.427,122.32,61.527,72.823,56.221,-44.97,-70.181,-66.959,-119.43,-144.32,-124.97,-98.142,-92.508,-96.233,-14.516,79.468,38.032,-5.2919,51.485,75.576,58.387,68.647,69.803,61.191,50.014,22.639,25.161,41.715,8.9179,-35.463,-48.056,-40.3,-17.717,-9.9199,-31.707,-31.416,-8.5505,-33.53,-74.168,-33.157,17.287,-28.417,-51.371,16.814,34.288,9.1217,40.081,35.999,-12.36,28.527,92.209,45.906,-33.86,-31.968,13.846,9.2092,-30.289,-28.772,3.6758,28.918,23.42,-28.676,-33.679,42.899,46.676,-21.537,-27.951,-20.261,-23.863,10.954,2.4068,-44.16,-22.043,9.6752,-9.0073,-26.121,-19.874,13.343,31.466,-8.9306,-23.161,22.721,43.624,28.208,13.905,19.849,38.497,17.376,-16.785,-8.7042,-1.7557,7.4132,22.392,-18.06,-40.676,-6.1492,-16.733,-26.838,-5.136,-36.284,-30.517,27.603,-5.9855,-31.666,24.159,9.6072,-32.076,10.288,57.884,55.242,-0.047107,-49.631,-0.44244,37.365,-10.94,4.1761,57.861,22.577,-18.217,-3.6895,14.141,13.411,-14.101,-29.113,-19.287,-48.342,-66.614,-26.973,-24.192,-38.658,12.607,49.696,25.655,23.393,57.89,56.516,9.2857,-4.491,26.59,24.243,-10.077,-34.178,-41.418,-10.377,4.4264,-35.408,-13.809,34.617,-21.462,-47.333,13.247,-4.2252,-28.242,37.017,36.136,-17.747,12.013,31.226,-19.072,-20.531,26.102,22.68,-6.0131,0.53744,-1.3492,-25.519,1.2708,38.275,-0.17663,-24.18,20.991,20.129,-33.968,-32.091,15.518,19.664,-26.271,-40.526,-2.1454,5.9564,-18.068,-6.029,15.173,21.857,31.074,8.1343,-19.135,6.0941,15.612,-12.47,2.5964,38.671,29.108,-2.2567,-13.342,-4.3505,-12.305,-43.197,-37.52,-0.63475,4.9611,4.4686,20.791,9.7802,-10.112,-4.9635,-5.3944,-3.3586,16.292,2.3332,-27.454,-0.90232,31.397,7.5603,-4.3164,23.523,23.713,-9.2272,-32.832,-22.005,25.075,33.619,-24.641,-31.34,19.517,6.239,-26.404,-6.1937,5.1294,21.744,47.15,-15.627,-69.19,2.7756,26.622,-42.32,-17.249,38.022,-7.6531,-25.172,28.434,39.66,21.234,9.1954,-4.3909,9.7826,14.055,-17.196,-12.421,-0.77852,-25.968,-16.739,-7.77,-42.328,-11.496,44.361,-1.2504,-37.756,20.169,53.593,22.614,-1.7211,5.6869,14.828,-11.417,-36.975,-11.83,10.257,-3.5401,-9.5276,-6.7545,-2.6482,11.305,14.421,12.766,19.858,19.358,10.682,-19.695,-55.011,-25.072,19.119,-8.9639,-30.719,0.058926,12.933,6.6858,0.20697,-5.7969,27.741,53.852,6.4473,-23.708,14.203,22.573,-20.831,-39.951,-11.902,22.469,14.919,-23.927,-23.12,19.081,18.883,-23.442,-18.302,17.193,-3.8868,-25.987,22.597,35.637,-28.661,-30.779,29.677,20.655,-16.938,5.2488,21.472,-4.7997,-15.148,-9.5251,-6.8839,9.2655,13.612,-3.0791,6.0137,19.35,-4.6218,-12.512,10.468,-0.77851,-27.038,-12.983,5.3075,-1.0091,-4.7409,-9.3637,-12.891,15.917,34.703,-4.458,-24.87,9.7122,9.5032,-10.934,23.468,34.493,-12.085,-15.622,1.8584,-21.511,-25.2,-2.6635,10.744,28.636,5.5846,-46.486,-19.462,33.793,19.217,1.4612,5.9987,2.3817,7.9083,-1.9624,-20.497,-1.1345,-0.82136,-20.531,13.889,31.106,-9.9339,-21.302,-14.399,-13.456,15.78,20.746,-1.5874,12.891,14.176,-7.1443,2.6381,-8.6013,-29.04,1.7782,6.7154,-9.4988,24.641,17.709,-29.004,-4.6327,9.2663,-27.529,-11.055,14.532,10.221,35.375,19.798,-39.531,-16.927,16.755,-16.942,-9.8743,24.848,6.7543,-0.47866,15.494,5.7259,3.002,9.1765,-2.9952,-10.606,-19.116,-31.782,-18.177,-4.3636,-11.675,-0.87665,21.48,12.398,-11.791,-4.2502,29.29,33.015,-0.10072,-9.7186,18.393,35.071,13.674,-21.192,-26.037,-11.87,-22.038,-19.756,18.626,13.315,-31.216,-24.123,5.4249,0.89112,1.4714,18.615,22.353,14.923,-3.2568,-24.414,-18.249,8.1746,18.352,3.0083,-12.926,-3.8866,12.528,6.1854,-0.36494,18.096,26.538,-2.4103,-28.104,-12.175,10.806,-0.27653,-18.076,-14.218,-9.7688,-10.424,-2.1632,6.4554,12.34,18.087,8.72,-7.5704,-1.9552,14.428,7.3953,-14.5,-10.482,10.837,-1.1736,-22.998,3.0637,25.611,-5.5633,-16.047,13.961,6.1367,-18.54,-0.96217,10.686,-8.477,-9.7806,1.5559,0.71982,6.6664,13.748,5.6266,3.8105,9.3308,4.4025,3.7475,1.2586,-25.4,-28.054,16.247,18.064,-33.223,-29.006,16.928,15.145,2.48,11.897,-4.1534,-22.205,-5.9794,7.2623,17.46,34.611,16.122,-21.052,-17.767,3.871,-1.9395,-12.918,3.641,14.872,-8.9591,-15.741,14.712,20.419,2.5158,1.806,-0.65919,-6.2819,-7.3842,-25.882,-31.491,-5.6811,6.7511,8.3248,15.371,15.759,14.162,-10.842,-30.679,28.516,60.618,-21.555,-53.432,8.1847,20.099,-0.10763,3.3313,-7.0443,-9.1387,4.2822,0.40509,3.4649,6.3274,-3.8996,1.8952,-8.7294,-31.848,-3.0958,23.389,-1.8818,-12.654,5.5328,22.084,21.894,-14.48,-30.945,13.26,31.151,0.47977,-11.603,-13.109,-13.037,9.3409,15.82,-2.6041,-0.22697,5.0807,-20.012,-33.311,-5.182,17.835,5.2208,-15.44,-16.741,18.703,67.722,52.822,-10.787,-29.909,-24.434,-31.15,-8.5635,14.351,2.9238,-2.0275,-11.024,-15.787,19.535,14.661,-28.564,8.0497,49.468,-2.1891,-37.152,-12.649,-2.3107,-4.3306,-2.599,1.7333,15.773,12.395,-3.9343,1.5076,15.42,24.406,10.835,-34.882,-39.014,10.054,16.5,-8.1995,-1.5257,2.373,-8.032,-4.7124,0.19422,6.2424,11.248,-4.8335,-13.006,10.998,34.051,27.216,-12.082,-44.193,-14.579,32.287,16.203,-26.691,-32,-16.058,-5.7112,-6.7874,-10.576,14.615,37.969,0.95768,-18.087,42.088,54.081,-14.718,-25.885,7.5399,-4.3592,-14.264,-5.8562,-14.268,-6.3424,7.6306,-4.1442,-9.41,-10.02,-4.1463,20.756,3.6668,-21.047,28.08,43.718,-12.376,-11.252,13.07,-11.833,-19.338,-15.134,-23.073,-5.3675,-2.7604,-15.473,14.725,25.62,-11.321,-13.371,24.479,41.505,5.718,-32.53,7.2685,38.085,-15.866,-14.373,35.888,-4.3503,-26.733,28.145,12.856,-31.702,-5.6555,5.6358,-18.57,-18.603,-15.004,-20.666,-19.178,-11.439,2.6834,18.108,32.77,26.252,-17.169,-35.015,-5.3332,11.806,22.434,34.433,17.857,3.5539,-8.4512,-21.406,22.556,46.764,-13.396,-16.013,31.338,-8.1063,-44.208,-10.697,-4.5815,-12.695,-2.5726,-9.0475,0.099216,15.305,-14.898,-39.559,-25.964,-2.0092,25.361,18.106,-25.857,-24.492,21.631,38.812,18.479,-5.8877,-1.3738,28.446,28.509,4.364,15.506,26.958,-13.666,-34.185,11.05,25.372,-26.464,-37.783,19.061,40.804,-16.127,-67.495,-29.05,37.373,14.051,-41.727,-22.228,3.6134,-17.007,-18.597,-8.1113,-9.0954,6.095,7.017,-1.8739,26.132,29.467,-5.2794,14.509,51.458,29.125,9.9517,25.108,15.639,-12.099,-2.5024,27.958,18.761,-12.285,-9.9729,-2.5898,-12.393,-10.542,-30.3,-66.865,-45.431,-23.308,-55.047,-50.576,-31.107,-56.041,-18.842,57.932,32.041,-5.9056,37.003,61.693,70.885,104.1,78.725,30.084,52.552,77.087,56.779,23.696,-39.662,-92.555,-81.071,-73.037,-85.216,-73.76,-77.039,-77.818,-29.375,-11.486,-30.188,1.2851,30.164,19.699,42.007,63.359,43.255,44.605,55.146,43.583,42.348,23.309,-6.5706,21.041,40.724,-0.19317,-13.314,-1.7596,-21.675,-28.537,-23.459,-36.383,-30.598,-27.446,-45.794,-26.577,-8.5709,-44.288,-41.337,17.634,22.571,-18.349,-8.9644,36.315,30.379,-7.5994,21.59,76.359,45.784,-3.139,13.738,27.677,14.057,9.5886,-1.7381,-8.562,-2.0369,-13.382,-15.844,-4.0379,-20.127,-28.693,-14.055,-18.18,-15.44,-7.5906,-34.942,-30.455,29.178,32.194,-23.197,-17.132,35.157,19.379,-25.171,5.409,30.425,-14.624,-7.396,38.677,6.1557,-9.9842,35.824,21.653,-6.3801,16.931,3.8453,-14.276,14.18,1.7983,-24.418,1.5875,-6.0787,-45.718,-19.76,18.482,-6.0107,-33.311,-15.482,14.052,16.455,-19.653,-38.868,22.309,60.632,-24.437,-58.189,47.495,66.765,-11.841,8.4333,33.169,-24.185,-21.599,6.3957,-11.163,14.244,15.589,-47.938,-8.1957,73.223,15.94,-54.065,-9.4576,33.119,1.751,-30.671,-20.891,-12.729,-18.281,2.8967,11.417,-21.364,-11.996,28.356,17.323,-6.3549,-8.5587,5.7155,46.211,28.301,-48.139,-26.804,33.527,-2.5359,-15.623,27.155,1.5814,-16.862,31.615,15.723,-45.665,-28.368,19.334,17.842,-6.0528,-10.559,6.1133,7.0031,-11.276,-0.56685,13.871,-14.656,-29.098,1.1431,23.036,16.102,-15.334,-35.378,6.7666,34.243,-18.381,-31.393,34.593,50.092,-2.0179,-28.665,-2.268,28.05,4.8027,-27.543,0.11726,16.114,-18.708,-23.336,-4.2259,-0.42107,11.105,6.9675,-10.871,3.0313,14.029,8.5303,17.828,11.604,-13.144,-19.142,-7.4839,8.4019,-5.6414,-34.06,-7.82,14.358,-10.162,8.8129,27.141,-6.748,14.538,36.167,-26.3,-32.509,14.7,-8.5661,-21.676,14.829,16.814,4.2685,3.4083,-5.7278,-13.632,-21.767,-5.0387,38.359,32.934,3.873,16.593,12.115,-26.572,-40.854,-27.554,1.8488,13.241,-19.689,-21.386,25.707,26.904,-14.686,-21.517,7.1831,26.359,17.721,8.7832,14.653,-0.72757,-31.09,-28.328,-7.6616,-2.005,0.81463,3.8526,-1.1878,6.4185,29.999,26.773,-4.0887,-10.23,8.3341,19.559,12.675,-19.023,-28.912,-0.54719,-17.179,-31.84,23.848,3.4794,-61.096,13.07,55.272,-39.306,-39.157,30.236,24.385,30.037,30.046,-6.2932,5.1832,-12.257,-43.137,32.596,52.356,-29.274,-23.298,0.13538,-24.388,-1.9945,-10.516,-39.225,25.769,52.918,-0.99658,-5.4009,5.0841,8.2747,29.163,-2.4418,-40.233,-21.351,-11.166,5.1212,21.629,-14.476,-15.828,12.067,-15.291,-6.2167,34.786,5.3474,-11.68,3.4084,-17.108,-1.6982,32.353,1.5345,-17,1.9387,3.7003,6.6283,3.0947,1.1903,19.277,-12.326,-39.36,25.075,39.135,-22.14,-5.242,26.442,-0.69846,1.5803,-0.37595,-33.597,-15.125,-4.4339,-46.947,-36.045,14.693,18.939,6.1401,9.3349,21.994,32.366,15.332,-12.766,-23.773,-12.715,27.406,36.783,-18.034,-26.494,23.185,14.861,-15.84,2.4928,14.376,2.0855,-7.9562,-11.515,10.571,19.126,-21.054,-27.441,10.294,3.7195,-16.954,-1.9356,-13.224,-49.221,-24.544,33.335,30.239,-3.5284,-1.2201,-8.4027,-32.959,-2.869,37.595,25.44,19.386,24.961,6.4922,4.9529,10.492,-8.5578,-7.3918,13.171,23.071,26.258,-2.1196,-37.921,-19.772,14.562,16.165,-17.7,-64.563,-45.083,15.427,4.6374,-18.416,-2.4675,-27.271,-35.72,19.588,20.111,-19.183,-15.122,-13.199,0.56462,53.306,60.179,23.186,20.604,38.657,34.889,15.408,23.477,59.606,42.522,-21.501,-32.466,-10.92,-29.276,-57.794,-51.336,-29.45,-51.461,-108.08,-85.046,12.134,34.27,-19.045,-38.412,-18.226,11.92,33.247,24.859,32.491,71.615,73.558,59.58,84.133,83.447,50.444,65.938,82.018,40.169,4.4754,-37.195,-119.91,-152.35,-130.23,-128.89,-109.73,-77.033,-72.171,-27.042,30.359,22.851,33.984,66.018,44.126,56.572,112.59,89.157,24.522,13.308,38.815,45.86,12.383,6.1256,35.971,-5.9312,-54.621,-7.7469,2.8689,-56.504,-60.175,-31.89,-21.002,-18.452,-44.812,-50.836,-11.83,-2.7671,-16.983,-13.37,2.2761,22.229,6.121,-12.861,30.415,41.857,4.5409,27.429,50.42,31.302,39.441,23.279,-7.4904,30.368,41.095,-9.9302,-19.991,-15.75,-30.885,-18.536,-2.5128,-16.579,-37.388,-38.147,-31.099,-46.239,-36.968,4.3077,-10.473,-15.081,49.697,35.769,-25.897,9.4952,42.858,23.23,22.02,8.2322,11.736,46.664,7.3512,-36.561,6.9909,24.952,-3.3526,-0.33125,8.7893,-5.8552,-30.886,-31.765,-3.7212,-6.6842,-10.322,18.354,-10.658,-43.07,10.107,23.671,-10.658,6.7113,-1.6858,-32.276,0.31018,9.2419,-24.415,-9.7986,15.999,12.85,15.333,20.842,12.342,-2.5306,11.593,45.886,22.128,-23.435,0.030163,28.291,5.7209,-23.71,-44.946,-32.607,11.762,15.057,-18.791,-33.744,-12.124,27.145,10.111,-35.754,-2.6918,25.178,-10.411,8.6792,23.035,-39.647,-24.002,45.654,17.31,-18.985,4.9432,17.246,29.854,34.629,-9.3825,-31.005,3.1085,22.57,0.58982,-30.198,-29.259,-0.85725,1.7178,-11.671,6.4982,17.868,-12.221,-19.76,21.448,28.755,-17.897,-21.964,20.133,12.733,-22.491,-21.112,-12.679,-0.40489,18.784,-5.235,-26.414,10.709,30.511,24.685,45.291,32.897,-22.275,-44.446,-38.829,-14.062,25.676,14.785,-19.037,-7.6319,0.39004,-5.8072,12.119,15.292,4.8657,10.453,-3.8153,-16.463,5.1608,2.7953,-18.89,-4.9627,9.3349,-5.6981,-12.677,5.6365,19.457,-3.1706,-33.583,-16.529,29.54,38.993,-7.3752,-41.483,-1.607,34.312,8.7198,5.7664,16.831,-11.748,-0.41121,26.838,-19.309,-41.27,3.3289,20.727,9.7179,-14.97,-39.182,-5.7419,30.083,11.711,-3.7313,-4.1969,6.0375,17.644,-17.403,-35.276,-2.1717,-11.441,-13.788,36.892,30.102,0.40637,20.301,14.927,-9.2407,-17.638,-33.903,-10.596,33.892,21.339,-5.6605,-14.192,-16.893,-0.95473,5.8249,5.2617,18.044,6.3614,-7.1444,-0.19595,-6.1581,4.6519,1.2473,-52.209,-34.961,30.49,15.885,1.8196,22.306,0.43479,-16.857,-9.4839,-1.2057,22.256,11.368,-8.8993,20.67,12.484,-21.883,0.17133,13.66,8.2218,5.6971,-20.736,-3.7393,17.362,-40.96,-37.361,29.178,14.094,-2.4043,9.5648,-10.479,-6.9148,-23.973,-45.481,45.585,70.967,-35.784,-25.921,42.002,21.389,24.177,13.752,-45.728,-16.945,18.826,-30.415,-40.503,-16.231,-14.868,16.053,38.521,14.248,10.977,23.559,1.4394,-24.116,-11.031,14.505,13.955,3.1304,-2.5721,-9.1664,1.4633,7.4943,-22.812,-31.643,-0.84599,8.8931,-2.0413,-4.1589,8.8484,22.581,-1.4789,-23.62,5.6266,12.758,-10.406,4.4066,7.2099,-18.017,-1.2552,19.91,0.66309,-10.302,8.9579,37.758,35.29,-17.606,-49.265,-16.397,12.518,-2.1478,-11.329,10.119,10.481,-19.364,-11.406,14.888,3.438,5.4756,17.382,-16.684,-25.167,13.157,6.1614,-22.462,-9.1392,7.6009,-2.8204,-8.3549,21.353,42.417,3.1394,-29.708,-12.469,-0.43202,9.0299,11.557,-13.293,6.9486,42.099,6.2851,-14.886,-1.8333,-13.51,14.977,38.812,-20.101,-43.33,-26.823,-43.058,-9.4604,31.602,-3.8737,-12.626,6.1675,-2.1861,22.888,29.188,-21.421,-19.018,20.094,27.152,21.254,-6.5321,-20.32,5.9986,-1.2102,-6.983,28.936,17.814,-5.529,12.644,-7.9766,-29.655,2.1098,3.9981,-7.0528,8.4,-18.347,-49.419,-15.685,17.593,11.699,3.1976,9.5331,11.835,-12.605,-21.81,3.6211,-0.85552,-7.4593,20.817,-3.1933,-38.006,14.079,42.162,2.2543,5.4832,32.071,32.317,24.358,-10.645,-22.013,30.586,28.382,-41.651,-53.242,-18.012,-3.2368,-2.6968,-15.409,-22.72,1.1704,21.342,6.6413,-28.606,-46.672,-19.381,18.385,23.11,9.1032,-2.1529,0.048044,12.79,13.487,11.298,15.731,13.537,28.259,44.26,5.4953,-30.411,-0.25452,31.883,25.484,4.0779,-14.96,-4.3062,11.469,-19.922,-49.804,-33.553,-21.426,-31.389,-37.413,-35.905,-25.5,-23.011,-39.689,-23.56,30.812,31.666,-13.306,17.624,97.591,92.409,41.831,51.95,74.966,56.125,28.738,5.2167,-9.5673,-17.624,-51.183,-77.661,-57.143,-47.067,-75.584,-91.712,-63.475,-4.3281,22.084,-12.134,-20.418,24.085,32.282,7.4202,22.059,47.496,37.17,35.102,60.189,46.766,3.6825,17.976,50.402,21.683,-11.226,-20.897,-37.132,-8.0739,27.959,-31.362,-73.67,-11.385,1.0627,-68.116,-70.944,-15.865,2.7102,1.4989,1.7789,-10.963,-2.2658,38.576,45.175,8.5274,3.3333,32.451,27.721,-1.9224,5.9433,35.414,29.711,4.1385,-9.0334,-20.613,-9.1302,17.714,-17.648,-49.864,17.504,42.668,-24.043,-12.474,26.723,-27.112,-46.833,-1.1607,-0.53873,-16.862,-21.725,-25.337,6.5627,22.157,-5.0864,4.2519,24.575,8.8468,6.1009,9.6378,-2.5818,0.66204,11.195,6.8975,-3.3014,11.208,50.351,28.328,-44.644,-38.647,6.6638,3.97,18.776,31.494,-16.711,-27.528,16.352,2.8363,-49.815,-39.65,12.546,7.1226,-24.363,9.4252,24.309,-24.929,-12.965,19.3,-13.745,-8.7736,17.845,-0.41187,21.257,27.876,-36.955,-21.909,45.574,25.249,-13.137,-5.4426,19.532,34.679,4.7441,-15.052,4.5327,-13.188,-12.761,38.795,16.671,-40.571,-32.936,-12.03,6.4003,11.746,-17.918,-17.607,-20.951,-51.969,11.17,72.783,-22.103,-82.468,3.8732,40.319,-10.905,6.5376,67.78,29.96,-33.947,15.171,45.546,-24.646,-11.704,55.479,8.8324,-31.665,17.924,32.127,-7.2931,-33.235,-6.0498,37.535,-8.0902,-60.97,-13.607,-6.1412,-44.345,-9.8198,-4.472,-32.307,6.3323,5.6596,-30.395,0.076516,-0.078338,-25.134,25.02,53.198,13.526,-6.7597,15.577,55.064,41.041,-12.215,23.597,69.689,10.796,-11.304,26.158,-9.8458,-45.912,-11.157,0.57827,-21.723,-23.92,-20.529,-37.631,-60.043,-49.125,-14.617,-11.166,-34.774,-35.17,-5.0662,0.036328,-34.036,-7.0895,69.643,50.212,17.936,87.254,87.689,31.668,115.52,161.13,27.433,-21.624,41.456,-14.387,-113.49,-114.68,-106.04,-116.73,-87.87,-59.474,-67.827,-65.785,-26.377,21.815,48.525,53.101,45.085,32.384,40.094,67.539,67.422,49.459,56.635,49.069,15.655,9.1253,-7.3251,-36.871,-0.76469,17.448,-43.349,-39.667,-0.83269,-51.942,-65.381,-4.7607,-16.415,-43.908,-14.28,-9.5812,-15.172,0.46594,1.9063,17.212,31.187,9.7591,11.753,23.912,11.868,26.956,29.477,-14.597,-12.133,23.532,13.501,-2.5558,8.5522,27.458,31.512,-5.9365,-26.511,16.039,17.051,-44.507,-46.803,-6.4922,-13.688,-31.691,-32.357,-39.146,-13.115,29.084,6.7937,-11.031,34.249,15.404,-44.241,15.139,76.996,11.322,-20.838,31.28,37.485,5.8365,-15.11,-18.904,17.257,25.324,-23.263,-19.752,10.312,-21.852,-31.239,16.805,18.562,-28.506,-41.963,-10.162,11.668,-4.6347,-12.516,3.8729,2.2333,3.8169,20.844,4.0463,-4.8548,31.161,27.466,-5.4053,12.456,18.775,-17.258,-12.346,8.0894,-17.178,-29.385,0.79294,20.938,7.4553,-24.562,-33.542,-1.0217,22.827,15.567,-4.2045,-28.134,-7.4527,43.646,16.722,-26.632,23.54,36.716,-36.343,-30.929,25.001,8.7846,-11.553,-10.375,-29.216,0.24046,44.309,-4.6947,-34.695,29.787,29.406,-37.4,-15.973,26.744,-5.9627,-17.753,12.965,12.542,-4.9493,-20.828,-13.685,36.004,31.096,-30.804,-14.053,24.698,-7.0305,-18.648,-2.0878,-1.2773,18.362,3.7268,-38.913,4.5623,52.188,7.0435,-29.521,-10.904,20.599,19.508,-41.002,-49.293,32.512,39.114,-23.398,-15.574,28.593,39.542,5.1217,-43.349,-19.006,28.391,-0.22062,-30.072,-18.184,-2.3296,19.107,-1.5378,-37.702,4.6077,38.287,14.393,16.805,4.3097,-23.168,8.5522,19.816,-5.0658,5.7729,-6.0221,-28.488,8.4987,31.844,8.614,-21.068,-42.739,-15.083,19.699,-1.3132,5.2884,39.829,8.7453,-34.98,-32.412,-12.207,7.8381,2.5552,-7.7702,7.0815,-4.4855,-22.641,5.6965,22.125,23.188,50.709,53.815,16.925,-23.657,-44.526,-18.97,-7.5753,-52.232,-40.403,31.173,33.249,0.53349,16.041,20.078,-15.045,-14.539,15.739,-7.3541,-33.92,18.409,38.721,-18.922,-16.671,11.181,-20.909,-6.6265,34.396,-5.0499,-35.169,-16.497,-18.776,-18.323,-7.8319,4.6338,36.66,30.167,6.1144,37.696,43.538,13.571,28.018,20.104,-13.791,-4.3202,-22.987,-49.653,-9.9054,-11.833,-47.199,-3.7152,13.915,-32.823,-19.92,-0.46356,-32.222,-10.642,39.964,17.806,-22.089,-11.945,13.836,20.726,18.659,22.806,16.753,2.0116,23.416,47.355,8.9824,-16.626,22.488,27.453,-8.645,2.124,19.037,-10.207,-24.391,0.59345,10.652,-23.197,-58.006,-44.815,-37.754,-76.571,-73.259,-32.165,-42.673,-38.894,19.638,41.04,42.915,62.465,50.715,55.478,105.37,112.2,91.655,92.394,66.566,24.479,-6.4768,-62.746,-112.03,-112.2,-109.8,-111.85,-85.892,-65.312,-66.266,-36.95,11.774,14.567,9.214,50.29,71.791,51.14,43.87,31.804,26.861,66.895,63.568,8.6383,12.118,29.639,4.6487,4.6314,10.593,-20.397,-38.82,-27.852,-8.2045,-11.916,-48.006,-46.574,-23.82,-44.79,-29.823,12.77,-19.545,-27.115,29.061,10.81,-28.652,7.5709,34.218,27.466,21.326,-3.183,-8.7992,29.652,56.991,38.376,-3.762,5.5173,62.448,40.147,-35.48,-30.285,0.35049,-14.832,-17.662,-13.086,-27.596,-28.2,-20.811,-16.183,-15.57,-41.391,-47.733,4.071,31.332,-2.3062,-22.291,-8.5779,8.1421,33.902,49.543,22.64,11.082,51.314,54.061,6.0486,5.6239,28.355,0.84029,-33.166,-37.377,-22.37,-3.4009,-25.403,-49.679,-9.6811,4.2727,-33.215,-0.17905,53.884,15.64,-31.77,-17.275,4.7117,4.6035,-1.8266,5.0474,8.0981,-13.193,5.2511,61.481,36.211,-37.719,-37.494,-3.8648,4.3922,17.44,24.754,6.746,-8.3948,-0.08974,18.882,7.6248,-26.108,-21.328,-2.5856,-13.997,-10.183,3.9755,-7.7262,3.2199,28.616,8.5444,-15.672,-14.24,-17.383,-5.3561,12.864,-12.479,-33.068,10.791,55.378,30.224,-16.735,-13.321,11.96,11.63,5.301,-10.714,-32.426,9.6139,61.965,9.2485,-46.761,-5.3027,13.238,-22.914,-16.467,-6.229,-23.755,5.8879,33.643,-10.474,-24.544,20.388,20.588,1.4053,11.435,-14.035,-35.774,13.5,36.187,6.9673,-1.9931,-23.75,-29.982,31.691,33.29,-32.07,-21.275,6.7224,-6.025,12.665,13.678,-9.8042,23.632,31.127,-17.183,-18.388,-9.7587,-24.786,-5.3774,19.048,23.186,6.9967,-33.248,-9.2162,39.732,-23.923,-64.587,13.749,31.582,-7.7007,5.9822,-1.4369,-13.607,26.257,24.019,-1.245,21.888,15.933,-14.785,-1.1217,6.2107,-2.1159,9.3013,-8.1664,-41.323,-14.78,24.486,-3.3366,-47.628,-21.753,31.803,13.612,-28.217,2.5173,29.792,-9.6733,-18.796,7.7687,-3.725,3.0413,43.362,39.786,19.679,7.0199,-21.459,-8.1931,20.242,-18.503,-38.315,-2.6254,6.3807,10.47,3.8427,-40.362,-31.72,-3.2064,-19.914,16.157,46.012,-17.195,-22.189,17.286,-8.9467,9.8683,44.312,-14.172,-35.159,9.092,24.675,35.732,18.204,-6.0148,29.274,-2.9579,-67.242,12.331,48.949,-53.365,-43.864,26.459,-17.909,-28.469,28.296,8.4399,-21.684,8.3597,5.3738,-26.966,-4.4918,32.113,19.334,2.7632,-1.6665,-30.389,-28.441,22.743,33.839,20.715,28.787,8.7178,-5.7423,16.686,-3.5088,-29.327,-3.4486,-13.829,-41.41,-6.2495,4.7103,-33.095,-13.769,35.643,31.062,4.2206,-3.9444,0.5283,9.2418,3.5355,-10.06,-8.4976,-19.617,-30.588,16.264,45.032,-2.0365,-1.811,41.186,4.3753,-29.516,2.4016,5.4164,0.26891,12.747,-8.7403,-11.916,3.4682,-17.432,-13.698,-10.351,-41.081,3.274,53.344,4.0198,-10.538,19.938,0.55697,-11.982,-16.613,-14.026,38.134,24.779,-35.002,6.5537,24.198,-35.11,-12.157,25.106,-2.4909,2.3103,10.243,-8.4248,3.9766,10.523,8.9354,20.755,-5.9746,-24.859,7.3869,13.196,-11.592,-32.141,-44.527,-15.492,10.756,-17.261,-27.414,1.7955,29.954,61.889,62.237,8.9103,-30.376,-18.22,16.262,27.438,2.7285,-16.797,-17.616,-11.975,-1.9614,-13.658,-22.732,6.1604,9.4852,-8.8237,10.044,10.928,-5.4973,5.2255,-18.017,-37.465,5.0171,1.8262,-27.661,14.505,36.632,15.929,24.661,3.0022,-33.724,8.977,47.486,4.4937,-26.324,-0.71545,-1.2002,-35.944,-1.2796,62.932,16.361,-46.718,-4.1754,17.301,-23.894,-30.342,-24.32,-8.0927,28.862,1.874,-33.071,10.065,26.857,-0.81992,5.885,6.7631,-2.8878,13.763,11.797,-2.5199,5.2155,-1.133,-18.172,-5.9182,18.998,10.877,-25.875,-17.642,31.902,24.411,-10.404,6.1566,14.71,-11.224,-14.632,-3.8207,-6.5122,-21.123,-30.249,-5.0834,22.142,11.173,-10.12,-24.325,-12.895,28.219,29.839,-3.7893,-10.456,-7.8186,10.898,36.147,0.54369,-23.942,14.381,9.5173,-19.061,-6.4235,-5.5205,6.1863,31.346,-3.8573,-25.914,14.476,30.158,12.82,-18.625,-38.031,10.5,33.589,-25.037,-35.001,2.8698,3.6407,-2.4381,-13.615,-26.551,-15.726,-20.775,-10.126,26.754,1.8612,-11.182,40.329,24.373,-11.868,27.252,32.815,7.3996,26.189,20.024,-13.268,-14.492,9.474,49.099,39.237,-35.057,-44.431,-0.056958,-16.709,-46.276,-39.301,-37.545,-39.243,-36.514,-30.295,-9.9381,-3.3156,-17.248,-8.3048,32.873,64.102,54.536,48.039,73.819,62.357,23.421,38.923,46.695,-0.97068,-21.638,-24.069,-49.984,-47.106,-30.621,-53.602,-69.323,-45.543,-25.836,-23.231,-6.4431,15.837,9.4773,3.6077,25.585,31.087,13.082,1.4252,-2.2179,22.489,47.585,17.138,4.5383,46.582,45.145,2.8387,-17.062,-22.604,-5.7771,12.324,-7.8357,-22.132,-20.318,-21.349,-2.1046,-7.6885,-46.067,-30.71,5.6264,5.2668,-0.15302,-25.943,-36.61,25.031,41.737,-17.19,-12.369,26.692,13.235,14.597,48.137,40.825,-11.157,-36.789,11.596,51.607,-0.35102,-35.506,17.739,37.84,-2.559,-14.506,-22.887,-55.06,-44.645,-5.504,-1.8323,-2.3158,11.158,-6.5895,-24.113,5.0679,24.702,8.1862,2.9396,3.1123,-5.8658,9.7537,26.928,-0.89509,-17.313,20.882,23.002,-32.289,-19.553,41.639,19.209,-16.927,19.935,30.457,-3.5906,-11.801,-12.16,-10.924,-18.601,-47.06,-17.491,22.831,-19.499,-14.372,37.363,-6.6894,-13.939,46.169,-8.4576,-45.116,32.107,17.72,-25.191,25.803,-1.8213,-62.696,13.046,66.169,7.7956,-11.145,16.097,18.104,17.851,12.629,-14.786,-30.367,-21.326,-13.419,-12.079,-8.8235,-5.4066,14.042,34.989,-3.7617,-46.783,-2.3338,28.776,-14.069,-13.885,8.3255,-27.736,-27.363,28.804,33.203,1.2087,2.6177,26.534,25.01,-12.284,-17.255,20.702,14.131,-12.936,3.3847,6.5879,-9.1444,-1.8553,-14.471,-31.808,2.1817,28.017,5.9757,-13.276,-19.067,-21.77,-4.0013,15.036,-2.9548,-28.345,-12.912,7.324,-2.0526,5.5384,32.671,35.7,24.624,3.3985,-12.445,16.376,21.319,-34.267,-39.466,6.6365,12.303,-2.9772,-13.779,-7.4367,30.288,17.531,-30.154,6.2586,38.706,-21.294,-45.699,-5.5755,11.062,8.2573,-1.6298,-12.711,-8.007,-15.315,-17.823,5.9342,6.7254,4.641,22.436,-4.801,-38.784,-4.468,35.851,37.908,23.966,-2.571,-2.6169,35.139,31.617,-16.607,-16.484,24.08,5.3951,-44.494,-14.387,32.994,-7.4821,-37.658,0.079656,-9.2725,-61.666,-51.935,-4.5009,6.6147,-18.498,-34.629,-15.846,13.1,32.946,42.606,37.06,38.406,33.035,-0.83266,18.098,76.379,40.228,-17.717,22.048,48.008,3.7302,-18.277,-25.661,-57.958,-65.27,-33.728,-28.736,-60.437,-58.791,-38.66,-52.008,-25.928,26.721,-8.3496,-32.671,28.75,37.128,19.484,71.359,98.47,83.845,79.115,64.212,71.009,63.892,-0.2996,5.3615,26.944,-90.101,-169.57,-107.01,-81.606,-93.252,-50.913,-19.137,-23.471,-27.076,-11.946,27.986,50.918,48.486,56.664,64.466,68.907,55.13,1.191,-19.306,10.812,17.004,15.621,15.598,-7.1031,-7.1402,-6.7164,-29.447,-5.5207,13.008,-29.681,-38.205,-17.079,-19.1,-11.372,-26.192,-41.952,16.06,30.134,-41.003,-31.812,30.886,20.023,2.341,19.043,7.661,-1.4716,34.837,50.469,5.3353,-24.746,9.3188,39.062,15.392,-12.708,-1.4203,24.749,14.84,-24.887,-31.182,-6.2775,-5.2238,-24.972,-44.964,-51.087,-15.407,25.591,9.7719,-29.264,-24.98,13.765,28.109,10.905,12.576,25.044,21.738,40.633,50.281,-7.6721,-42.231,2.8469,28.42,0.032446,-16.908,-2.6851,0.42704,-28.284,-31.994,4.215,5.677,-14.801,-16.281,-36.533,-27.952,30.754,17.826,-20.833,29.829,45.345,-16.568,-9.4873,28.76,4.0438,-4.4035,15.89,-7.6525,-20.5,19.477,24.012,-12.433,-5.8426,6.2604,-17.714,-2.7515,24.775,-11.428,-31.053,-4.253,-3.5489,-2.5074,-2.2513,-32.034,-5.5886,45.997,19.749,2.4403,3.7011,-52.785,-37.098,52.022,20.805,-41.556,2.6401,31.295,20.454,28.366,-4.6095,-26.363,19.888,11.429,-28.317,15.304,34.612,-16.4,-9.7475,19.359,-16.443,-44.56,-25.502,1.6099,16.643,-1.0436,-18.704,1.8337,5.2505,-10.662,5.3439,16.337,8.9525,-0.18165,-42.181,-54.857,10.267,33.22,0.88978,20.455,42.963,12.996,7.2886,39.158,41.825,6.3874,-12.136,5.7523,2.9862,-23.117,-19.785,-21.049,-35.546,-8.3664,11.157,-13.559,-25.86,-26.307,-17.097,0.90245,-30.443,-50.051,10.195,28.801,-20.529,-20.059,18.228,40.341,51.529,42.647,29.93,32.498,38.364,38.921,13.223,-4.9215,21.924,11.888,-25.907,-0.025437,-0.62435,-56.104,-39.673,-13.226,-51.59,-41.908,4.0483,-18.773,-69.48,-79.725,-45.966,-6.8252,-11.76,-29.157,-2.7374,45.962,66.216,45.987,46.438,104.36,139.15,119.5,104.44,91.904,64.301,16.409,-62.339,-113.27,-122.83,-152.83,-162.87,-114.98,-68.028,-45.692,-41.783,-21.326,30.838,29.599,13.472,72.592,78.718,22.417,45.665,55.289,23.669,69.923,77.637,8.6396,16.286,35.84,3.6605,1.133,-12.472,-43.175,-33.802,-35.895,-39.658,-23.768,-40.999,-33.335,2.8447,-32.802,-54.653,12.485,44.103,1.4631,-34.766,-36.945,-18.35,5.496,22.745,21.105,22.904,54.997,42.227,-17.19,3.9866,49,22.796,17.174,26.905,12.676,37.039,22.424,-43.945,-23.48,1.6833,-35.021,-25.374,-23.11,-49.169,-20.815,-26.327,-59.732,-23.065,-7.5235,-10.705,29.762,17.739,-7.3182,26.353,30.324,30.701,41.401,-6.3694,-5.7631,44.314,5.763,-13.101,45.405,35.561,-9.3535,-7.7889,-9.3542,-12.657,-4.9064,-3.5153,-5.4937,-25.395,-30.339,-4.716,-17.983,-23.055,20.657,-16.85,-90.544,-35.773,37.126,14.943,13.045,45.022,30.553,21.649,31.583,-5.0208,-21.732,32.204,39.744,-17.636,-26.145,-5.0756,-17.994,-16.354,16.269,27.616,8.0177,-5.3744,6.6157,-0.78404,-39.658,-30.213,19.365,22.06,-1.9046,-13.535,-26.813,-31.32,-25.068,-4.836,27.694,23.029,4.0205,16.109,13.84,7.8224,5.4474,-40.533,-29.242,58.485,46.788,-13.348,0.78228,-6.3448,-23.533,12.447,6.6898,-23.634,-1.8839,21.077,24.74,4.871,-33.406,-20.815,6.3491,-2.5192,3.1541,-8.2293,-35.035,-4.4835,2.9198,-24.462,18.112,42.757,2.0124,3.3365,3.9179,-23.299,2.4653,12.247,-25.567,-3.6806,36.389,17.572,3.3517,8.7991,1.2786,5.3468,2.7919,-27.091,-16.134,25.787,0.83604,-36.048,7.5516,30.36,-23.051,-37.013,-0.65948,8.7401,1.4851,-4.8671,-4.7941,11.037,5.7881,-13.92,-0.72594,22.959,22.075,-4.9994,-24.779,9.3775,36.656,-3.3298,-25.811,1.6014,20.089,13.849,-28.79,-49.771,13.895,37.804,-12.116,0.3843,18.94,-21.349,-1.6325,32.605,-18.017,-28.135,31.203,14.437,-44.665,-19.165,21.021,-12.895,-23.056,22.995,20.753,6.546,24.502,-12.444,-35.699,22.804,18.143,-25.904,8.2751,18.973,-11.972,-4.2578,-4.3898,2.716,26.42,-3.7626,-15.716,2.0205,-33.77,-18.902,39.022,-1.6668,-23.57,27.59,16.091,3.5754,22.959,-26.238,-49.256,8.6252,18.624,-6.2947,6.0074,16.261,2.4187,-21.296,-23.281,13.705,26.145,-0.31734,-0.19644,13.92,0.12376,-23.093,-29.934,-5.6513,29.179,22.922,-13.798,-25.23,-6.4347,11.225,16.691,13.384,5.4452,8.9481,20.392,10.58,-4.8683,-8.1017,-25.443,-25.138,8.9073,-6.5843,-42.524,-4.796,30.289,4.0066,-15.466,-17.686,-2.5553,28.863,1.8541,-34.084,21.876,54.369,1.4063,3.6182,35.16,-18.932,-42.377,25.448,27.347,-28.403,-6.9497,27.691,4.9624,-14.431,-29.972,-32.062,7.1808,2.2653,-28.533,10.729,22.069,-18.928,12.488,40.874,-11.181,-30.23,-0.43634,7.7189,-16.508,-43.428,-2.8008,53.825,19.902,-5.9277,16.992,1.2945,21.084,54.472,-17.263,-38.836,36.957,10.047,-59.546,-32.147,11.108,14.504,-12.348,-34.375,-2.2784,14.537,-3.6577,13.385,6.8109,-18.757,21.145,29.655,-21.858,-18.981,0.19946,-11.596,-6.7159,0.81975,0.71337,-2.339,-8.5406,17.139,16.044,-38.764,-10.859,63.468,40.382,2.3959,7.9373,3.7549,31.256,48.025,-28.053,-66.64,-3.2681,18.704,-27.121,-40.682,-11.388,5.1387,-18.3,-42.272,-14.44,10.152,-27.369,-29.543,38.12,30.737,-32.523,2.921,55.628,25.137,16.842,36.087,15.228,7.9861,11.681,1.1468,19.92,22.535,-5.9827,4.1023,7.1122,-16.66,-7.6646,-8.2567,-23.08,-12.542,-33.293,-64.81,-51.908,-43.664,-29.349,-0.87921,-12.702,-11.765,17.446,7.5329,8.1909,38.705,40.854,41.552,46.055,42.256,59.848,53.854,29.806,53.156,47.64,-8.6137,-16.966,-10.689,-39.984,-70.813,-105.88,-113.13,-69.033,-44.916,-43.588,-27.195,-22.773,-12.21,35.43,69.563,48.387,15.192,34.904,67.307,48.738,47.695,72.758,31.25,-13.386,-1.156,-7.702,-7.8108,12.664,-18.086,-27.702,7.2964,-31.312,-75.103,-24.435,4.7468,-42.171,-66.571,-30.585,5.3631,-3.6159,-10.071,14.715,14.544,10.454,41.934,36.538,2.7427,18.324,34.457,14.758,1.654,-9.881,-4.2497,41.376,49.742,-1.2795,-18.137,4.5768,-4.6416,-29.481,-29.853,-23.758,-12.5,0.36246,-15.152,-20.332,5.9613,-7.7326,-31.823,5.6182,21.86,-13.904,-12.539,5.5852,-3.3374,-3.9537,-1.3891,5.8847,35.185,33.737,-0.63483,-0.15665,23.065,18.677,1.8403,15.573,35.37,-1.9505,-44.229,-14.93,5.5853,-25.029,-12.752,31.036,10.585,-55.441,-67.938,5.3844,53.889,0.87887,-30.537,15.595,16.133,-20.211,3.1474,18.758,-30.546,-43.038,14.857,33.604,2.7633,15.63,33.161,3.7642,8.7296,25.998,-8.2868,-3.3845,30.007,0.67291,-19.056,-2.204,2.8659,7.2131,-33.802,-67.188,6.1487,19.109,-49.272,3.1415,38.501,-35.698,-6.9076,35.535,-29.17,-9.4231,58.965,36.908,9.2963,-14.749,-24.206,25.232,6.9217,-41.645,13.979,29.941,-23.185,-3.7895,2.5539,-41.374,-9.7535,52.586,37.684,-27.621,-42.16,21.264,31.404,-29.09,-16.927,17.059,-1.2597,11.539,11.424,-26.658,-0.4517,17.853,-23.897,-22.422,-11.857,-21.109,17.249,41.739,15.431,-2.246,-9.3471,6.7443,18.239,-22.417,-18.791,23.721,-12.797,-33.404,23.609,35.711,4.3754,-16.178,-18.898,29.553,46.046,-16.925,-23.4,0.5927,-38.531,-19.636,49.334,15.123,-40.85,-13.926,8.8645,-9.9538,-23.054,-16.251,10.033,25.618,4.4921,-5.5932,19.724,28.127,7.5902,-3.4275,-6.0991,-6.3644,11.724,19.897,-5.2648,-21.056,-7.9172,4.9651,1.8645,-10.69,-13.654,-16.73,-31.727,-1.8744,52.265,18.674,-40.335,-8.0751,36.457,24.729,4.5471,-0.019469,12.295,7.5696,-28.053,-21.475,5.4295,-7.5312,0.35302,-1.5508,-54.512,-28.346,43.87,19.964,-9.2205,9.156,-1.2616,3.5384,31.461,20.936,6.8314,-4.3872,-23.729,-11.927,0.97896,5.0108,27.085,8.9519,-24.202,8.7035,26.241,-14.279,-20.68,0.96567,-9.5918,-26.768,-18.318,-2.3928,0.80583,1.1144,-4.9941,-21.78,-8.1508,16.077,6.8924,22.194,37.164,-12.454,-15.781,23.602,-8.6078,-5.3359,41.756,-1.2946,-7.7977,54.887,10.256,-36.101,12.916,5.3289,-26.261,4.2263,8.9586,-16.097,-35.988,-50.763,-18.802,-0.47476,-41.673,-42.264,-6.748,14.037,53.074,56.385,3.7923,-7.7262,13.355,24.572,40.096,30.2,3.4849,-1.3389,-4.4311,3.2572,12.849,-19.895,-35.388,-0.62069,6.4251,-10.81,-3.6306,-2.8844,-24.845,-32.906,-10.857,6.7528,-6.1195,-5.389,17.779,-0.88052,-34.907,-13.604,14.546,-4.4993,-17.033,14.101,33.465,17.14,24.416,41.888,12.773,4.1124,31.867,2.1693,-25.594,5.6438,-6.94,-24.856,19.997,10.567,-30.546,-1.8743,-2.9108,-41.052,-15.074,3.0818,-17.86,-11.227,-17.078,-27.444,5.9835,6.7372,-24.318,-10.331,0.30066,-5.8896,23.081,37.339,19.051,25.495,37.132,34.033,38.13,31.653,19.968,18.9,1.8397,-6.3823,8.4742,-13.954,-46.564,-43.779,-65.807,-83.586,-34.537,-15.548,-45.246,-26.141,-1.9852,-4.0087,30.089,46.07,25.453,53.797,72.145,29.946,24.002,39.297,10.022,-5.8552,2.7395,-10.603,-22.642,-6.5933,22.677,14.153,-50.761,-71.638,-18.853,-5.5335,-23.117,1.2664,14.714,-2.5156,-12.113,-22.058,-7.8675,27.497,18.293,-6.468,-7.2055,-13.638,0.76129,27.163,10.999,20.083,58.187,11.547,-42.999,4.9815,39.907,1.0298,-22.287,-13.852,6.1458,28.155,7.9509,-33.242,-34.29,-16.213,-13.903,-17.247,-7.5475,10.593,-2.599,-24.802,9.5496,34.153,-3.2534,-2.8859,25.689,0.35795,-8.6694,7.4412,-17.644,-6.2064,37.489,3.1224,-25.715,16.082,18.869,-12.353,-9.3542,3.1041,23.988,33.514,-2.9444,-25.689,-29.998,-45.908,-1.8753,55.956,9.4291,-37.554,-1.7197,9.5987,-1.0466,25.126,7.4974,-50.579,-33.809,23.371,26.676,6.1516,-4.5204,-17.448,-5.248,21.021,7.3648,-6.0823,14.898,7.721,-15.504,0.056933,10.82,3.0178,4.8464,-9.4172,-12.287,21.439,18.804,-6.2855,1.0865,-11.309,-24.519,7.394,2.5892,-27.278,0.96349,18.31,-7.6348,-8.5527,-4.0244,-9.4926,2.7474,2.916,-6.7612,-2.9346,1.3515,32.089,52.409,-11.894,-50.339,8.6608,27.175,-11.361,-15.172,-11.583,4.8875,44.356,12.682,-39.777,-3.1833,15.824,-29.012,-11.019,34.835,3.4935,-34.454,-14.009,16.658,16.074,-14.709,-23.569,20.569,37.978,-1.6193,-15.309,-7.8422,-21.687,-4.7649,18.452,-21.177,-29.671,34.993,41.239,-7.2704,-10.535,-5.2652,-2.4876,27.926,14.715,-17.473,18.339,25.002,-36.583,-41.491,-0.23388,19.395,23.788,-17.03,-41.437,30.963,49.986,-33.956,-35.495,23.649,3.092,-32.429,-14.946,6.3705,-5.0267,-29.15,-0.025739,47.951,6.6689,-34.363,26.758,61.95,18.647,-8.9681,-9.7956,4.8596,20.228,-1.0471,-11.407,-1.4996,-26.413,-34.993,-9.4739,-5.4912,7.4216,14.03,-20.111,-16.331,-0.82343,-23.493,11.556,41.462,-21.476,-9.5202,55.187,-8.7241,-47.131,39.107,49.784,-6.1394,0.49864,3.5098,-16.65,-20.816,-35.46,-7.0488,61.675,32.229,-44.047,-21.151,17.812,-10.351,-11.879,22.312,8.2265,-18.642,-8.7263,-10.288,-13.885,20.411,20.001,-27.599,-18.021,23.278,17.731,8.9386,-1.3608,-33.713,-13.617,31.296,10.405,-16.697,-4.9852,2.0715,8.5782,10.126,3.1554,11.828,-4.4518,-24.038,24.204,43.239,-11.992,-18.85,3.364,-15.78,-21.355,-13.076,-6.3962,16.365,4.9778,-9.9936,20.392,-1.635,-42.335,9.8252,36.655,-10.82,-15.135,-16.043,-38.149,8.0353,42.884,-4.6608,-9.0194,45.124,37.938,-21.387,-39.905,3.3606,45.499,19.494,-29.151,-10.24,26.426,1.6722,-15.608,13.154,9.821,-13.602,-9.5702,-17.748,-23.731,-14.273,-35.359,-24.727,18.864,-11.301,-16.798,41.013,1.9029,-16.425,75.111,29.596,-67.444,16.737,57.738,-22.572,-6.7814,28.549,3.3364,15.475,-2.6539,-43.102,13.299,43.324,-28.662,-47.703,5.2671,18.347,-9.8153,-15.029,5.3608,5.419,-4.1879,1.512,-11.881,-26.758,-11.842,-8.6897,-5.3656,7.1341,-16.726,-21.487,11.288,0.64873,-3.7725,34.378,32.744,17.799,24.87,12.273,13.824,27.033,13.399,27.486,43.891,-0.60148,-34.147,-26.41,-16.917,-8.5426,-24.715,-38.392,-9.5448,-17.935,-63.218,-53.041,-31.621,-43.584,-39.213,-11.115,27.572,43.309,8.554,3.3804,53.409,82.576,96.962,97.009,61.094,66.431,88.451,22.233,-44.985,-45.153,-70.088,-103.11,-92.753,-100.01,-105.17,-57.309,-26.702,-25.248,9.9386,36.851,18.404,18.859,48.587,52.757,29.856,15.345,31.716,58.692,43.39,14.465,37.931,43.439,-25.29,-48.655,3.5038,1.1674,-37.992,-15.303,1.6246,-33.319,-31.645,-3.3107,-15.524,-14.057,9.0411,-29.052,-68.581,-15.52,40.67,24.045,-5.0954,-18.219,-13.727,22.719,34.609,2.0048,5.7246,44.742,52.999,39.232,15.026,-17.115,-15.029,2.924,-7.1985,-8.2971,1.0059,-23.095,-33.081,2.2776,10.243,-28.477,-48.455,-16.105,32.986,31.868,-11.409,-15.734,8.9975,-0.17993,-15.227,-0.98584,20.064,20.655,-16.402,-42.395,-0.20016,36.281,9.5837,-13.958,-8.3689,12.309,39.94,28.617,6.8354,18.342,-7.3482,-31.371,26.794,23.809,-59.372,-27.06,41.379,-14.95,-53.951,-1.3568,20.44,8.7481,-2.5844,-38.218,-42.13,9.8897,38.557,29.777,15.223,-5.066,-7.9473,0.55088,-18.318,-21.698,7.6649,-2.8174,-14.598,41.422,58.088,-10.128,-30.629,14.741,36.094,28.048,-0.50069,-34.665,-22.149,1.9905,-15.786,-18.448,9.3115,-0.71085,-24.943,-3.9598,8.7347,-25.177,-32.589,0.011645,11.969,22.591,35.221,-2.1026,-22.568,21.182,26.521,-2.1942,12.6,7.174,-31.511,-17.586,15.677,4.3606,-15.168,-1.0315,26.157,16.764,-6.1699,9.2305,6.0167,-24.03,2.2017,15.955,-38.525,-38.295,8.0264,-4.4877,-16.82,11.878,20.72,7.2999,-4.937,-2.2602,21.427,20.677,-13.725,-23.453,2.9699,20.702,0.48223,-23.426,-2.354,20.414,-5.9916,-29.508,-3.5125,40.305,43.147,-5.8934,-25.903,11.702,13.546,-26.94,-24.325,8.851,16.444,-1.2038,-24.064,-30.644,-9.542,19.763,20.003,-2.9141,7.2361,26.376,-5.193,-22.605,-2.8014,-20.011,-25.562,12.976,13.149,8.512,31.273,11.678,-5.3244,15.722,7.0717,-3.3865,-1.2707,-28.227,-23.13,11.572,-0.17516,-10.779,2.5082,-0.13256,6.2604,5.6904,-15.95,-1.557,16.034,-2.6236,1.0979,18.276,7.691,-5.4558,-16.467,-20.443,-1.0912,6.1157,-5.0339,2.8208,11.496,-7.9384,-19.923,8.2793,30.57,11.062,3.2281,10.46,-17.956,-24.64,11.225,1.3428,-14.998,14.691,1.2055,-26.91,15.351,32.04,-10.916,-10.64,15.201,8.0551,-1.9854,-9.4764,-23.53,-19.094,1.2551,14.983,10.049,-8.4721,-7.972,9.8001,5.93,-2.5705,10.093,8.3197,-15.625,-23.879,-11.923,9.0649,28.013,18.908,-9.0892,-15.417,5.8272,22.293,4.5276,-18.178,1.7506,19.183,-6.4937,-18.953,-11.846,-11.415,10.746,17.128,-14.383,-1.2911,30.13,10.095,-12.593,-26.859,-23.657,28.407,23.276,-41.73,-23.04,13.427,-2.6633,10.283,2.5399,-25.963,18.076,22.82,-24.075,16.801,36.109,-14.37,9.5819,29.333,-23.241,-23.198,8.8322,11.431,15.865,0.58787,-10.875,9.8871,3.6795,-5.6851,1.0124,-24.101,-26.856,-1.714,-15.499,-10.256,9.2997,-31.289,-43.772,9.2361,22.744,-3.1782,-8.2726,12.161,37.911,32.775,12.723,21.968,38.901,38.724,13.791,-26.14,-21.348,13.252,4.9351,-16.644,-14.324,-13.365,-20.04,-29.76,-22.505,-9.2772,-39.989,-44.538,18.559,17.149,-30.548,-1.0681,24.39,-2.4585,-2.2489,4.8008,9.0159,39.327,42.612,22.076,25.994,32.658,35.759,36.08,21.913,6.0998,-21.915,-37.372,-16.634,-35.028,-61.612,-21.785,-23.801,-60.262,-16.421,-5.1374,-51.72,-11.88,31.774,0.63647,0.36117,23.474,38.444,63.587,40.259,10.244,41.676,41.082,8.3278,12.059,-6.5069,-26.855,5.3866,5.625,-25.18,-15.682,-20.479,-57.069,-51.769,-10.798,7.5422,-2.8142,-7.534,1.9117,4.1153,5.988,3.8456,-16.459,-1.1113,45.136,30.283,-6.8106,10.223,19.898,-3.6997,-13.888,-14.878,-0.62102,28.254,24.445,9.894,16.479,-2.9356,-31.786,-10.891,11.575,-7.8474,-20.582,-11.682,-7.4512,-8.4023,-17.404,-15.01,21.906,28.776,-12.589,-6.1247,21.531,-15.433,-35.724,-2.8507,0.48409,-0.25412,12.843,-6.1755,8.8464,57.068,27.517,-17.104,5.9659,17.94,0.12093,-7.6616,-14.03,-2.2865,8.9699,-22.356,-39.337,-8.7998,13.693,2.7979,-24.251,-19.927,32.057,45.919,0.19952,-11.753,9.2516,-1.6822,-21.299,-16.749,-9.8689,-10.345,-6.9183,-4.5793,-1.6878,20.139,34.577,12.759,2.0404,9.0271,-9.4434,-4.4779,32.229,14.827,-18.865,-5.8617,-3.4326,-16.442,-13.605,-13.806,1.8917,14.296,-20.547,-26.21,19.542,23.149,-6.258,-12.545,-0.45691,19.98,10.85,-27.019,-16.703,19.945,9.3045,-9.1138,8.9101,26.059,3.2761,-37.173,-25.165,29.725,30.96,-13.312,-12.617,25.289,28.215,-12.918,-34.914,-10.904,-0.62925,-16.054,-1.48,21.227,9.7116,-3.2778,-1.098,-1.5188,-5.002,-5.9335,6.0016,17.223,-2.1873,-21.059,-6.4285,5.3207,-0.27195,0.28327,-0.341,-3.6664,12.727,27.195,-6.6733,-54.813,-33.938,34.239,53.264,20.724,-0.76,-3.8366,-8.832,-8.5172,8.2336,19.425,-2.454,-31.563,-32.593,-14.577,13.778,30.949,3.5061,-25.714,-13.111,-2.4171,-3.4152,13.632,15.237,-12.365,-17.403,4.8569,12.515,10.921,23.348,21.379,-3.3137,1.2221,19.839,-4.3635,-27.529,-13.836,-12.618,-22.708,-12.065,7.4101,20.673,5.5803,-23.794,-10.787,18.243,18.432,15.708,5.8028,-13.234,-12.124,-13.159,-9.1812,18.828,15.407,-0.29871,17.11,5.2772,-20.182,1.0942,8.8976,-6.4734,1.0049,-0.030104,-11.184,-15.43,-21.199,-0.9116,10.292,-20.292,-4.7634,35.342,9.9987,-4.1501,20.455,5.9399,-7.7718,8.791,7.1362,4.0679,-2.4448,-29.45,-9.9039,37.884,9.7808,-38.645,-6.5679,19.381,-28.336,-31.338,28.531,23.613,-6.7944,14.524,-0.62528,-36.63,-4.5766,16.37,3.8584,21.785,9.4664,-27.818,-12.124,-3.7386,-14.688,17.185,29.097,-8.5796,-21.229,4.1678,32.703,27.128,-10.845,-15.857,9.8865,16.315,6.6134,-18.774,-27.43,7.9276,12.408,-11.596,-9.5013,-30.916,-26.003,44.184,13.158,-68.612,-8.9823,38.788,-24.843,-15.012,41.328,20.458,1.9556,11.064,3.545,3.9669,0.42438,-3.4183,27.133,43.202,18.98,-8.1417,-26.878,-20.374,0.99937,2.2819,4.0138,-11.906,-56.508,-27.351,44.253,13.187,-41.076,-9.2228,8.5637,-25.086,-32.327,-14.171,6.64,23.571,11.664,-11.55,-14.372,9.2022,54.337,67.21,29.263,16.373,29.65,11.879,-0.58652,14.992,13.047,-13.053,-39.802,-33.228,-1.7334,-31.87,-83.055,-35.352,7.9566,-39.454,-28.218,31.954,-9.3183,-58.006,-9.2264,35.482,30.986,14.948,6.4633,43.142,75.863,32.817,12.805,58.766,50.576,7.3927,16.515,12.479,-24.898,-29.25,-25.259,-29.808,-22.548,-41.851,-62.829,-36.647,-35.762,-63.827,-34.863,2.3091,-4.1931,-2.0981,3.2064,6.6399,34.764,28.422,-5.9595,28.234,85.152,85.056,70.227,63.509,52.764,45.19,20.141,-22.23,-53.305,-72.601,-73.626,-67.809,-76.201,-55.365,-13.35,-26.185,-47.394,-4.9657,30.752,11.763,2.0127,22.393,18.856,-7.7747,6.9945,47.016,42.938,31.679,52.416,47.037,22.383,14.705,-17.649,-35.656,14.595,22.666,-41.389,-40.827,10.958,-3.0697,-35.705,-15.387,-8.1288,-36.596,-25.512,0.18745,-32.894,-49.826,4.2486,19.365,-13.719,17.002,57.835,24.46,7.8907,37.995,27.808,2.2216,14.787,19.412,3.1881,-6.3816,-11.589,5.4529,24.647,-12.678,-45.691,-13.187,1.4574,-17.918,-4.4069,-1.5231,-28.394,-11.121,18.04,-7.1557,-25.506,2.9521,2.3327,-34.915,0.67704,73.244,24.825,-51.785,0.027425,40.739,9.0688,22.523,4.5472,-40.466,24.175,41.296,-38.517,-12.874,6.7508,-42.957,30.216,70.061,-27.643,-16.498,16.703,-47.13,-8.3614,33.77,-37.381,-18.318,13.672,-45.583,-2.1227,56.116,-13.697,-26.404,20.258,-8.7999,-34.87,-4.1599,39.1,40.268,-9.507,5.1462,47.51,-9.6257,-17.579,46.574,-3.8421,-30.974,47.403,8.3846,-69.071,-14.932,13.152,-28.529,-14.772,14.731,-12.898,-51.342,-13.667,56.931,16.906,-47.546,5.275,34.891,-4.9989,5.3996,13.862,16.356,51.18,4.0235,-44.282,15.89,4.1027,-55.43,-10.625,7.4549,5.9977,61.191,-1.2706,-79.795,24.715,63.086,-32.842,-18.004,22.269,-18.981,-20.888,-22.166,-42.771,12.554,46.758,2.9511,-5.3668,5.0573,-7.044,10.525,22.551,-4.9707,-9.8081,11.083,10.887,4.1529,12.831,4.2588,-19.607,1.175,21.338,-30.063,-43.278,13.482,-8.2069,-50.483,12.857,51.892,12.46,13.102,29.239,-0.25363,-25.176,-8.3054,27.045,6.8629,-53.611,-23.876,31.874,-20.277,-47.393,20.582,32.451,-11.132,-6.3034,27.664,26.897,-26.246,-40.4,38.117,59.252,-9.55,-13.023,14.769,-12.666,-24.168,-8.4019,5.7963,21.64,-7.1583,-43.943,-16.451,16.77,24.85,21.144,-10.888,-17.656,0.22211,-17.707,-3.3716,30.765,-10.953,-27.06,14.423,-7.555,-19.453,32.961,23.917,-16.184,-2.5634,6.0982,3.7439,16.395,16.868,13.95,1.7614,-20.098,-9.6483,-7.477,-26.836,4.304,24.407,-19.185,-16.111,20.497,-2.0484,-15.029,10.578,10.519,7.4951,2.6843,-28.955,-20.698,14.698,-1.1307,-11.454,8.402,-11.866,-19.699,26.15,24.719,-15.882,-1.5494,24.331,15.185,15.401,15.775,-7.6498,-9.0364,19.008,18.791,-14.597,-25.079,-3.9489,1.8647,-14.211,-23.077,-20.809,-8.5324,4.5641,3.1216,9.5126,13.867,-19.655,-28.08,10.712,-0.90816,-29.37,8.1045,22.229,-0.58181,30.442,40.571,-4.976,0.32999,10.675,-20.505,6.9225,38.378,-4.9537,-3.2196,34.795,-1.2046,-29.312,-10.924,-14.381,-2.0254,6.2022,-34.617,-15.696,29.052,-24.369,-41.602,21.597,-9.5698,-59.207,-0.53929,15.665,-40.558,-26.59,18.498,22.946,33.766,47.343,43.149,47.065,36.331,-0.91966,-2.4233,36.338,42.323,10.728,-1.1258,2.4156,-16.785,-40.429,-39.447,-37.11,-53.416,-53.771,-34.666,-56.648,-80.947,-17.436,31.593,-18.553,-23.471,30.594,19.887,27.267,87.791,74.203,49.761,88.656,80.903,42.894,54.908,56.868,20.961,-27.339,-75.861,-91.567,-94.715,-99.63,-68.728,-55.923,-83.422,-53.329,12.774,17.418,-2.6543,24.382,58.192,18.639,-18.025,63.713,115.81,34.835,15.278,61.784,18.048,-7.814,30.775,8.3569,-19.316,-12.311,-46.053,-60.782,-22.061,-12.798,-28.12,-8.5553,33.688,14.418,-62.907,-53.087,16.869,9.5848,9.0491,31.807,-22.456,-28.019,33.481,-3.8392,-37.74,19.055,28.253,1.766,8.4661,26.927,52.475,19.235,-37.542,16.166,52.503,-11.556,0.69196,38.934,-28.226,-63.189,-19.813,-2.0766,-1.3303,-1.6377,-14.457,-11.953,-3.0883,-17.195,-40.334,-18.164,44.027,27.755,-52.339,-32.265,41.672,29.695,-3.7994,5.169,8.5274,7.7083,20.42,17.706,0.94781,13.204,33.092,-2.8423,-27.531,21.456,25.219,-19.892,7.4504,23.269,-26.962,-29.277,-10.852,-16.776,-0.19846,-16.146,-54.706,-29.419,-9.1892,-18.258,6.9878,13.071,-14.19,-8.6585,25.602,58.083,42.297,-9.0217,2.4979,34.908,21.551,32.77,29.758,-25.269,-9.4477,37.878,0.088798,-43.093,-37.657,-15.766,12.448,0.89868,-35.12,-35.072,-28.655,-19.817,-12.833,-44.823,-24.269,52.62,26.811,-29.855,20.499,62.47,36.909,15.375,-4.5757,3.953,45.692,27.308,-16.398,-4.6823,1.1922,-8.6461,8.8284,-5.0341,-36.434,1.1508,30.972,-23.748,-53.027,-11.936,-3.1066,-28.294,-15.153,-4.3793,-32.965,-22.91,35.557,37.504,-15.364,-20.186,14.021,18.574,14.376,30.211,45.67,57.915,64.67,40.807,-16.428,-65.316,-57.79,-22.563,-18.968,-19.051,-7.7035,-20.286,-18.313,-4.0435,-18.563,22.338,67.764,-31.984,-81.881,41.796,53.53,-46.803,-8.6351,39.068,-15.286,-4.394,43.655,20.625,-2.4297,-4.2846,-11.639,-9.9527,-12.412,3.5516,31.869,5.9839,-9.219,31.961,21.7,-13.589,14.288,22.544,-11.358,-18.908,-31.104,-46.294,-37.8,-57.003,-61.442,-6.1771,16.438,25.008,70.615,56.484,14.516,21.442,-8.3445,-19.515,41.564,8.4957,-37.153,43.057,29.169,-51.437,21.647,39.877,-59.201,-23.067,26.19,-34.735,-31.167,-13.739,-35.451,23.451,45.641,-26.12,-21.026,19.548,9.2072,8.118,0.10704,-4.0566,17.176,-16.646,-45.194,9.7503,36.278,19.799,22.178,-4.1141,-28.894,4.9757,29.254,17.698,2.5398,-15.864,-15.901,8.3697,18.67,3.7827,-14.898,-12.531,2.9351,-2.1726,-23.846,-37.955,-26.466,10.177,18.082,-11.444,-13.079,4.6654,9.6098,24.204,24.015,-3.6185,-4.8881,11.668,8.965,2.8501,5.9644,18.26,19.833,-10.533,-25.445,2.4353,18.381,1.984,-14.576,-15.266,-12.889,-22.705,-22.808,-6.0589,1.8745,19.582,30.421,-8.006,-15.398,23.311,-3.218,-35.813,9.2601,27.01,-4.1114,-11.747,-8.7926,6.8021,17.141,-16.148,-12.361,36.51,30.156,5.9496,3.1405,-16.058,-7.0933,10.731,-26.963,-25.316,28.425,10.971,-26.018,-3.1195,-4.1425,-35.015,-6.4029,41.839,18.236,-22.979,9.6859,37.814,-13.768,-30.201,13.804,1.512,-20.534,0.26539,-24.227,-40.759,20.782,42.378,13.513,21.711,24.088,7.208,4.3547,-10.216,-13.572,-4.9808,-20.97,5.8033,43.394,-22.499,-62.447,13.439,27.338,-37.539,-30.841,16.013,24.34,15.391,4.903,-3.8426,-10.112,-7.8714,20.576,29.348,-14.977,-35.98,-2.8604,14.986,-1.6915,-11.283,0.40029,11.73,10.987,13.947,19.837,11.64,-3.4036,-15.271,-16.363,-2.8073,-2.4587,-17.007,-8.4604,12.69,12.383,-1.5779,-2.5161,13.449,8.2784,-18.439,-10.587,-0.70257,-27.227,-9.9037,26.138,-19.152,-49.644,11.404,48.45,23.363,2.2803,0.050237,13.311,23.545,10.285,-1.6352,-2.154,3.7943,9.3123,-21.532,-53.309,-10.711,42.222,16.32,-28.093,-16.584,7.8041,-6.5909,-11.959,23.399,22.762,-24.043,-25.479,1.4731,-9.4393,-15.247,9.6876,10.52,-12.802,3.9453,47.065,25.125,-28.043,-3.1363,29.768,-1.9756,-2.5475,17.412,-7.3258,-7.1229,-5.2599,-40.149,-3.7226,45.455,-3.8242,-24.355,8.6582,-6.1664,0.58845,30.791,-8.3024,-30.836,11.221,13.269,-31.032,-44.088,-4.8897,24.521,-14.155,-29.402,34.786,39.413,-23.356,-11.347,32.133,22.902,17.105,23.881,5.4066,-11.55,-4.1719,8.3488,-3.716,-28.091,-16.746,4.1855,-1.4348,11.929,18.43,-29.091,-35.725,12.828,8.3305,-5.135,17.816,-10.08,-30.02,27.285,11.737,-63.332,-10.517,60.068,-11.645,-67.532,-8.7036,40.473,35.629,19.972,12.679,15.416,-6.0402,-27.059,17.785,45.729,-10.803,-28.915,28.758,39.96,-3.959,-10.691,19.226,20.258,-10.339,-22.552,-17.477,-29.85,-50.185,-59.533,-50.316,-24.915,-18.147,-24.418,-6.7604,11.933,27.644,49.748,39.628,35.39,57.538,21.3,-3.2189,59.762,53.309,-19.995,1.1108,40.147,18.814,6.0112,-1.633,1.041,1.734,-56.65,-70.953,-26.87,-68.497,-92.504,-29.104,-48.791,-86.853,-37.419,-30.991,-28.885,38.536,47.32,45.225,99.397,92.035,75.165,126.21,118.98,64.599,69.771,66.368,8.4628,-30.626,-43.886,-88.866,-140.75,-130.61,-106.74,-122.57,-104.38,-55.528,-33.392,13.132,50.6,24.614,36.335,68.505,43.281,54.892,91.566,60.472,29.321,24.415,27.087,55.123,26.317,-39.469,-18.401,4.8781,-24.578,-14.083,-5.4568,-30.706,-37.408,-51.01,-47.978,-13.8,-18.962,-16.413,5.003,-30.384,-28.85,28.442,11.783,-9.7841,20.41,1.2217,-22.883,10.962,37.781,50.704,51.857,21.282,5.9554,19.608,24.677,6.0183,-15.224,3.6371,14.637,-27.9,-26.315,6.6006,-20.789,-18.242,11.676,-32.125,-38.848,4.013,-31.474,-36.646,26.553,-1.026,-51.184,-15.883,12.233,12.693,23.084,28.944,37.619,17.646,-17.128,25.343,69.14,21.289,-8.5135,13.078,5.4836,-11.377,-20.034,-31.071,-11.899,7.9203,-3.4312,-14.079,-38.654,-51.848,1.9697,24.227,-24.189,-9.3104,43.835,20.764,-14.894,-6.2606,12.786,26.663,-1.0273,-33.988,5.46,18.821,-27.87,1.9091,34.753,-25.807,-18.929,45.005,4.6703,-28.455,31.425,46.854,9.2434,-3.1625,-7.6919,-1.9649,8.7876,-13.52,-31.272,-15.999,-8.9051,-22.149,-31.227,-10.203,23.609,4.6889,-36.639,-12.21,21.568,-0.81332,2.1068,44.065,36.444,7.8531,19.777,22.597,-4.3923,-17.94,-18.332,-10.58,3.0452,-8.4972,-18.246,7.3361,11.587,-12.895,-12.724,-8.9865,-2.3229,33.134,26.197,-24.281,-13.535,14.808,-16.44,-20.062,25.995,21.746,-13.656,-9.8943,-4.2891,-17.363,-7.6553,5.5148,-13.202,-19.112,13.348,20.789,-14.055,-11.999,31.774,26.696,-5.4364,23.339,48.626,7.6144,-5.0949,14.106,-22.335,-42.667,0.71505,-3.1358,-48.757,-35.904,11.118,26.885,-2.458,-37.565,-13.159,30.642,18.763,-2.2053,3.4831,5.6,6.7345,1.2205,-3.6614,18.227,15.787,-16.842,-6.8559,13.959,7.3637,15.171,14.652,-7.4,-6.9268,-9.3947,-17.312,8.3274,10.696,-24.315,-12.079,18.246,-10.823,-38.157,-2.748,26.668,7.4704,-0.26898,11.242,-10.198,-29.555,-0.70659,19.402,-3.1177,-13.86,10.018,17.133,-8.8832,-5.1285,23.133,6.1716,-0.78933,41.721,26.896,-31.319,-30.485,-4.3073,14.405,8.7893,-39.694,-13.895,63.992,8.6189,-61.321,0.087443,30.206,6.0558,14.763,-28.037,-71.984,-12.76,23.193,-14.962,-23.028,7.8433,26.928,7.8086,-15.821,8.832,29.873,19.767,29.117,31.645,25.948,42.297,14.11,-39.789,-38.426,-35.245,-50.165,-36.117,-7.2842,33.488,47.888,-5.0619,-24.132,19.142,19.252,-17.953,-29.897,-4.7928,22.376,-16.462,-56.211,-17.237,-6.32,-17.104,45.323,65.104,17.812,23.747,24.535,-9.2622,-9.8266,-19.318,-20.382,20.661,14.639,-6.2233,20.219,13.059,-9.9563,7.6852,2.8303,-24.905,-28.107,-14.871,1.6741,-5.6944,-21.547,-12.692,-23.676,-25.29,22.321,12.633,-27.845,16.847,38.289,-16.109,-17.399,18.406,14.978,9.0769,19.944,23.237,7.8686,6.4526,40.893,32.523,-7.4441,24.019,19.485,-70.952,-42.942,45.639,-22.754,-101.76,-44.807,1.7565,-7.4724,11.043,32.597,15.259,-9.449,-0.16334,26.674,15.052,-17.403,-15.436,-4.9149,-12.022,-5.7699,10.443,8.3629,2.4607,14.625,28.827,27.438,20.14,7.3042,-6.5156,8.9882,33.773,25.658,9.6032,-6.145,-35.066,-29.542,-0.34403,-16.252,-30.979,-0.91287,-7.354,-61.489,-61.649,-3.3769,9.408,-33.122,-36.453,-2.5292,-4.4821,-12.916,10.169,27.534,38.878,54.536,66.293,96.872,111.74,72.071,48.548,45.725,0.57587,-36.263,-42.245,-72.419,-91.121,-82.221,-108.16,-129.1,-79.549,-27.068,-29.715,-19.1,38.719,55.057,19.043,32.519,73.547,65.828,55.652,61.912,58.633,63.842,39.842,-6.1923,2.4441,-12.159,-68.749,-24.279,32.323,-21.481,-39.422,-15.754,-56.161,-49.38,3.5896,-28.197,-49.153,-5.5915,-17.233,-41.502,8.8976,51.736,35.487,10.703,2.9764,2.0468,6.3488,25.348,35.866,12.337,3.905,30.279,24.305,-2.5927,11.499,22.711,1.9664,6.7812,17.97,-15.621,-41.297,-36.451,-43.145,-23.951,16.515,-16.829,-54.838,3.6745,30.12,-29.34,-32.441,16.936,24.81,13.268,2.8449,-2.7294,8.5922,4.9194,7.2304,37.758,25.13,-11.737,3.2468,29.87,33.014,11.774,-24.438,0.34811,30.559,-44.332,-69.932,24.791,35.657,-22.927,-11.7,-8.132,-22.704,3.7847,-11.681,-47.197,-10.246,19.779,2.4984,-3.1635,-13.26,-18.576,22.525,52.175,24.102,-3.0898,14.731,23.323,-8.3491,5.3151,46.865,-11.298,-57.928,24.029,31.752,-57.331,-23.8,35.508,1.1631,18.085,28.975,-60.373,-61.882,22.642,19.209,-5.0695,-8.088,-46.945,-28.496,42.78,28.396,-19.035,-8.0521,11.503,17.271,23.329,19.624,11.804,-0.95926,-12.376,-1.2212,11.161,2.1776,-8.3897,-1.466,8.6981,-12.019,-30.722,12.94,43.844,-0.090465,-19.46,-1.1638,-21.617,-25.365,8.1604,4.4752,0.66623,17.929,-14.118,-36.062,18.054,27.482,-46.793,-53.16,29.307,51.914,-1.0903,-19.655,6.4176,29.304
12.037,12.476,-7.7823,-7.456,11.359,3.5331,-7.6375,-2.6,-6.1926,-7.7738,0.56586,1.1863,0.90103,1.8832,0.050771,4.8046,5.0837,-1.9741,-1.4372,-6.2071,-13.81,-3.6225,6.5712,8.6742,10.199,-5.1264,-17.369,-0.54202,6.0855,-4.8981,5.7468,17.839,4.4097,-6.0986,0.023167,7.5868,9.371,4.1147,-2.7615,-3.5555,1.9267,7.2393,0.84656,-12.708,-16.475,-15.178,-17.129,-19.505,-21.522,-5.9776,24.631,25.385,8.4241,17.406,18.422,0.72587,11.316,18.308,-8.477,-9.4093,9.6018,-6.3095,-20.001,-2.6895,2.6702,-7.6354,-6.3329,-2.0508,-6.7167,-8.0905,2.2501,7.3334,-1.1267,-2.7728,-2.1603,-12.268,-5.8407,12.31,8.8336,5.7398,11.578,1.3688,-0.96053,11.263,5.6744,-0.84922,1.0657,-8.7218,-6.9559,7.0321,-0.76769,-8.6353,0.53286,-0.68137,-7.9784,-3.7306,4.0606,6.6372,1.5158,-3.979,-6.8364,-13.385,-9.0802,4.2878,1.8884,4.4,21.574,13.721,-6.9464,-6.1335,-5.0333,-9.558,-0.79317,10.676,12.502,2.8506,-10.367,-4.1317,12.114,9.1761,-0.9711,0.90132,4.2481,-0.25328,-5.0909,-4.2508,-8.9149,-20.266,-15.698,-2.7245,-4.459,-3.1593,6.4332,4.9809,5.8356,8.416,-6.1995,-6.791,18.618,25.119,14.182,14.631,7.0685,-11.514,-8.8616,2.8739,-5.9514,-16.116,-10.651,-11.294,-18.033,-7.2406,10.43,12.17,5.1555,2.8639,3.3644,-0.17072,-5.0753,-1.8701,4.1782,1.9286,-3.9157,-7.9215,-6.1116,5.3036,10.177,1.5711,0.35911,6.3735,1.8531,-5.1276,1.3726,12.408,6.6523,-6.647,-0.13938,6.9808,-7.2259,-7.9528,10.243,7.8962,-9.382,-14.637,-5.4973,4.8265,-2.2848,-8.2559,5.1619,0.57573,-16.897,-9.5204,-4.7704,-5.3001,10.152,7.0721,1.1988,17.227,1.8888,-14.215,18.895,24.679,3.3974,17.719,10.571,-17.956,2.08,14.705,-13.397,-18.818,-10.24,-16.008,-15.468,-12.26,-9.7146,-0.095619,4.8338,7.4961,10.304,4.1521,0.78057,3.6825,0.73964,-3.5222,0.81351,13.001,12.709,-5.78,-5.2062,7.9326,-6.5738,-13.543,6.9995,6.3281,-2.695,10.613,12.599,0.61184,-0.11352,1.0392,-0.63336,-4.2722,-9.5112,-4.8895,-0.92128,-2.5359,3.2332,-2.2404,-16.132,-7.3657,-1.432,-13.718,-9.3555,0.81432,-3.3636,1.2456,12.691,16.939,18.999,9.3526,-4.8901,0.74416,8.8892,2.0033,2.0823,11.73,7.7297,-4.7386,-4.1949,2.1177,-1.6758,-7.1145,-8.5234,-9.8,-3.3783,0.07702,-14.765,-18.884,-0.56957,4.1451,-4.8853,-1.1907,7.8917,8.9603,1.2225,-6.6914,2.5234,14.309,0.92815,-14.806,-5.4802,6.5505,3.9196,4.8926,13.99,11.934,4.5172,11.722,17.113,5.8264,-2.7171,-6.6785,-11.664,-3.9552,2.889,-8.3421,-18.374,-17.752,-8.4025,4.5509,-1.9569,-14.664,-4.7904,3.3713,-2.6494,-6.1615,-7.977,0.99039,5.641,-15.126,-5.01,29.506,4.5983,-20.049,21.776,40.298,20.24,25.22,27.745,17.754,20.228,14.042,3.4348,-6.651,-30.833,-38.219,-35.495,-49.497,-37.717,-17.779,-34.896,-30.856,-8.2823,-26.915,-26.371,22.075,45.899,48.1,56.394,48.247,39.426,44.273,33.779,15.644,13.528,6.8515,-19.08,-35.62,-27.29,-22.214,-30.964,-33.371,-32.423,-32.321,-22.413,-17.206,-20.847,-10.205,9.4994,20.868,24.808,27.917,35.327,29.874,9.192,11.767,20.303,-3.8864,-13.579,6.0611,0.37759,-15.931,-11.602,-7.5792,-3.5987,1.8982,-0.18127,4.9938,3.922,-11.496,-4.0478,7.6453,-9.3394,-12.908,3.9905,2.6735,-4.1896,-7.3976,-14.016,0.57444,18.829,0.85804,-13.208,3.8854,5.274,-4.5253,11.829,19.157,-1.7038,-7.5958,1.4651,2.9003,7.7321,5.5508,-9.4701,-5.1854,10.399,9.3729,3.4481,-3.7018,-11.564,-6.9083,-7.0093,-14.857,-5.6553,3.5365,1.9546,11.375,14.158,0.64799,0.029694,-1.4135,-18.344,-12.968,12.54,14.925,0.31058,-7.6451,-13.305,-12.684,-3.9266,-2.355,6.4387,28.709,22.329,3.1195,17.5,9.3731,-35.421,-18.961,27.01,1.0967,-31.779,-8.5117,7.4531,-1.6548,-6.2146,-8.2088,-1.2215,11.798,15.692,16.159,6.6704,-8.3773,-2.4467,4.8668,-6.6878,-9.1555,-3.8076,-13.761,-21.228,-11.475,-2.1311,2.3422,13.447,21.79,15.819,8.7262,5.199,4.7631,14.478,6.6662,-17.776,-1.3171,18.798,-16.763,-32.247,-6.16,-9.4461,-8.1552,15.782,3.1618,-8.0442,11.217,4.2632,-11.661,-1.4439,8.091,7.563,-3.0819,-7.3983,11.893,7.5291,-14.074,2.5862,9.0074,-10.229,6.29,17.141,-6.6912,-3.9288,9.1236,-1.709,-8.8753,-14.272,-14.768,4.1177,10.01,-1.8494,-3.4914,4.3567,11.513,1.7316,-10.239,10.936,17.618,-15.867,-13.568,11.782,-3.695,-7.4052,18.826,7.9361,-17.395,-4.7192,8.9618,-5.4422,-14.589,-2.7967,6.1114,3.8997,1.0298,-4.622,-7.2167,-2.2318,-8.886,-11.001,14.544,21.641,-0.55518,6.5939,31.553,23.468,-1.0707,-11.743,-10.565,-9.692,-14.224,-13.007,-8.851,-13.159,-8.1974,5.6313,5.1585,2.7491,2.0661,-12.396,-12.099,15.008,21.112,0.17251,0.42577,20.036,13.976,-10.237,-12.024,0.40001,5.1097,6.3144,-3.7251,-15.133,-0.22878,9.2436,-7.7391,-6.682,6.0336,-4.4683,-6.5836,12.709,12.626,-11.811,-18.762,12.216,30.727,-4.636,-34.527,-20.356,-7.2645,-0.084827,11.925,10.348,15.359,20.11,-4.9602,-7.8755,16.597,2.4479,-14.676,0.73994,-3.2082,-12.6,5.7218,9.5801,-9.9726,-17.397,-3.8943,13.59,11.671,6.8848,15.245,-3.5974,-28.062,-0.76234,19.384,-5.7871,-12.657,-5.1268,-15.4,-8.8523,14.821,21.642,10.812,-4.1915,-3.3364,4.1367,-7.9416,-8.1869,10.871,2.2716,-10.783,0.48578,-2.4069,-8.3339,6.7847,7.7805,1.9385,11.572,7.0765,-3.1087,4.0764,-0.32384,-14.277,-9.3518,-1.0086,-0.42255,0.11565,-3.9005,-2.2034,11.435,10.143,-9.2268,-13.986,1.7009,12.022,3.9721,-11.234,-15.3,-3.5781,4.6691,-2.3835,-0.79939,16.883,18.93,9.4736,11.627,-0.097667,-21.478,-7.238,11.911,-2.4839,-7.5234,3.6995,-2.3115,-2.7969,7.7405,-3.4197,-17.996,-11.491,-1.6656,-1.8169,-8.7477,-2.1828,21.691,19.689,-2.1312,5.7846,11.798,-9.7094,-7.9784,7.4757,-2.7028,-9.5152,-6.9983,-13.505,-6.1878,12.471,17.639,10.634,-8.2865,-16.585,7.0362,20.73,9.1584,3.2726,-8.3164,-19.848,-0.94805,11.634,-3.4935,-6.2221,0.62268,-5.1333,-7.6325,-0.025484,5.4058,-1.3146,-8.808,5.5633,13.041,-7.5322,-3.4586,15.546,-13.451,-37.758,-1.3908,28.583,12.786,-6.5641,-0.97897,20.611,22.84,-1.0328,-8.9488,0.55934,3.7318,11.517,11.505,-9.4885,-19.379,-17.523,-17.055,0.12514,11.904,-7.1331,-19.953,-9.2204,1.5782,1.7036,-0.83038,16.461,35.985,10.95,-18.124,-4.7978,-1.8235,-15.964,-6.5673,-10.505,-26.988,-0.39469,28.436,18.462,18.781,34.752,25.862,2.7418,-5.1855,1.3148,0.83593,-8.8178,-4.0892,2.5944,-15.324,-31.455,-28.534,-28.18,-25.882,-11.823,-1.2633,3.8576,10.918,11.75,-0.83949,-9.6856,3.5717,16.365,13.553,21.196,28.545,17.296,20.551,27.767,13.824,16.793,20.263,-11.697,-24.783,-12.751,-13.547,-3.1645,-9.5753,-51.293,-39.199,3.0019,-19.995,-47.074,-30.27,-24.296,-20.652,-0.60842,10.44,21.773,40.76,54.777,57.023,43.119,44.734,59.637,25.699,-17.057,-1.0611,7.4935,-22.202,-31.389,-30.37,-42.653,-46.188,-43.471,-35.063,-16.95,-9.8023,-8.2705,0.86707,5.2916,9.0473,15.752,12.926,11.007,18.622,15.605,1.8734,11.633,39.045,31.384,7.8181,25.798,33.686,-8.2411,-25.293,-16.216,-31.793,-23.041,10.151,-7.2593,-38.866,-21.847,5.2201,4.1432,-7.4161,-3.7851,10.763,6.9997,-14.969,-24.85,-3.6368,31.51,22.93,-22.046,-17.373,19.04,19.632,20.211,23.784,-3.7818,-6.5389,17.835,5.4459,-10.334,0.91997,5.3381,4.872,0.52394,-10.704,-3.2318,3.0059,-15.132,-23.146,-12.85,-8.7142,-13.579,-14.099,0.11507,8.4552,-1.747,-2.9036,0.087496,-1.6381,14.685,18.862,-1.5527,5.3514,20.527,16.483,23.895,14.865,-14.11,-3.6804,8.1549,-12.019,-5.737,11.243,-7.4192,-30.344,-29.999,-4.6279,18.025,-0.57976,-15.614,4.8899,2.148,-21.02,-14.564,2.6554,6.4261,-0.11954,-7.2196,1.9109,11.616,14.172,33.225,41.627,20.583,13.782,13.208,-13.178,-30.429,-20.268,-14.727,-21.95,-20.639,-5.5544,-0.62486,-10.747,-8.8762,3.0242,8.6334,9.8272,0.74527,-1.6526,16.599,10.679,-11.487,4.0151,16.096,0.82252,12.196,19.343,-13.828,-17.251,10.678,2.3779,-12.005,3.8944,4.6764,-12.44,-6.4249,1.2009,-10.712,-3.9981,14.379,-2.2638,-22.834,-6.9555,6.7795,-0.51045,1.8324,12.599,8.7925,-7.1351,-5.9954,20.172,22.042,-9.7735,-10.662,12.354,4.2986,-8.0485,-3.8978,-10.496,-7.8938,12.323,7.4386,-9.1183,1.3407,9.1447,-11.718,-24.125,-7.8061,3.2167,-1.8866,8.0515,25.015,13.025,-9.1022,-8.3099,-0.20057,0.40851,1.7498,-0.88321,-7.2902,-1.641,6.7479,2.2101,2.4048,8.4076,-3.8861,-11.627,7.5777,12.397,-5.9947,-7.3812,3.6774,7.7125,-0.76176,-28.059,-29.771,13.723,23.817,-3.9794,4.1704,18.05,4.9539,6.5978,-1.4784,-28.572,-8.2289,16.518,-15.344,-17.866,24.76,14.974,-16.979,-1.9955,10.818,1.93,8.8208,15.843,12.734,12.499,0.2598,-14.974,-20.048,-34.466,-36.381,-12.702,-7.6034,-3.9533,25.381,27.547,13.674,34.423,35.337,-5.9426,-18.276,1.2447,5.7043,-4.835,-11.984,-6.0476,-0.64357,-12.804,-19.188,-7.2857,1.7265,3.5231,-1.8436,-9.6064,-3.1709,2.6297,-2.0875,1.4867,6.8859,14.16,28.216,13.368,-14.023,-1.445,12.049,-5.2142,-9.8113,-1.8532,0.57623,6.8965,-4.4099,-22.517,-2.1267,15.449,-8.518,-15.847,8.2181,12.007,-2.6847,-9.3603,-7.9868,3.6082,10.457,-5.5388,-10.198,12.474,13.996,-6.6937,-0.94399,10.242,-8.8333,-15.19,11.159,16.226,-5.102,-2.195,11.796,-3.5579,-16.9,0.45531,13.495,9.833,5.6965,-5.3527,-11.807,-3.4841,-7.9732,-14.368,0.23556,1.1079,-9.3519,5.6894,14.966,0.57191,-1.0442,2.7642,-3.6011,0.90903,5.2402,-7.9953,-9.0538,12.168,17.825,0.1955,-5.0401,0.70985,-6.4035,-1.7132,18.705,12.078,-3.9823,-0.82035,-8.9986,-21.019,-15.855,-15.435,-1.3861,27.365,14.673,-10.529,2.51,12.047,1.4795,-6.6103,-14.283,-8.2656,2.5584,-3.9981,4.5442,20.287,3.1784,-8.1894,3.9706,5.6089,7.011,6.0763,-9.6811,-7.8038,0.80123,-9.4647,-7.7445,-0.23216,-4.2433,8.4302,14.726,-5.6178,-2.9687,9.8673,-5.2613,-5.6559,9.3654,-4.1031,-12.637,5.1794,11.212,5.7887,-2.3103,-17.113,-6.6665,17.765,4.4014,-12.291,3.2583,1.641,-14.786,-3.253,4.8339,-4.5024,1.7911,6.4031,-2.572,3.2538,13.704,11.785,6.3614,-6.8494,-13.383,4.9005,13.149,-2.0944,-3.7564,7.1883,3.1026,-10.749,-16.356,-8.1567,0.51627,-8.3672,-20.123,-10.891,5.0097,9.1844,13.421,19.603,9.8789,-4.4929,2.6382,15.293,7.365,-6.5514,-9.1092,-8.5247,-10.212,-9.372,-1.3676,12.348,19.254,10.148,-6.3082,-11.111,0.92246,5.602,-10.052,-18.877,-8.8759,0.05624,3.6527,7.8186,11.515,12.589,0.97384,-16.186,-11.638,6.1333,9.3331,3.0646,2.4043,5.5532,-0.040794,-16.249,-19.838,-5.7938,1.6713,2.1965,5.8199,10.053,17.179,14.561,2.7765,13.472,19.36,-15.369,-30.184,-3.3156,-0.10925,-13.845,-3.5706,3.3469,-4.2825,-3.4548,-0.52485,-0.56253,3.5655,3.3278,-2.9721,-4.4608,-1.8109,-2.7834,-5.2226,-1.3105,5.9379,13.161,22.792,17.726,-6.7293,-12.04,4.6762,2.4399,-8.3244,-0.8132,2.2905,-5.1802,-0.18434,7.0662,0.17861,-9.1218,-13.204,-12.654,-3.0685,8.3419,7.5916,1.7095,3.926,1.0344,-15.175,-14.996,7.6102,10.824,-7.009,-6.3448,6.9047,9.1812,9.6867,10.02,5.4682,7.9923,11.118,1.9765,-5.9251,-6.3323,-9.0639,-13.736,-9.8109,9.3285,15.603,-17.402,-34.235,2.7801,20.662,-3.9763,-6.371,6.8633,3.5694,7.8667,11.364,-5.1701,-11.383,-1.3291,3.9931,4.1545,-0.042151,1.3479,12.006,6.0762,-7.6387,0.78967,9.4779,-2.8944,-16.653,-13.631,6.7568,16.69,-4.7975,-18.477,-2.2023,6.6572,3.1762,6.2096,2.2116,-5.5339,-3.0481,-7.8907,-12.866,8.2563,25.104,8.0061,-7.3587,1.2635,10.883,9.6955,-6.1431,-26.405,-13.893,15.187,9.0469,-7.975,-6.793,-16.489,-23.168,-1.8957,14.716,20.243,24.383,14.048,13.29,21.518,-5.7687,-30.149,-8.6425,3.5801,-14.018,-23.032,-19.033,-8.7661,1.3063,5.2328,17.129,26.131,16.241,5.5468,-6.9276,-15,2.967,6.4651,-15.862,-4.063,19.251,5.1945,-4.0731,4.5067,-0.21116,-3.9248,-4.3517,-13.232,-10.315,-0.81891,-4.7905,-10.384,-8.7903,3.6309,21.799,15.219,-8.3827,-6.8362,12.052,18.355,12.152,3.7204,5.0132,9.4561,-6.7935,-21.506,-4.7572,1.6002,-24.193,-25.406,5.4688,12.518,-0.94575,-0.85154,2.1283,0.3526,3.6182,5.4625,3.9703,4.0405,4.6695,7.5483,3.379,-5.927,2.3386,5.2033,-19.329,-22.221,2.2974,3.2692,-3.776,5.3083,9.4408,14.34,18.778,4.6052,-3.2937,-1.1369,-12.008,-10.69,8.5511,6.9745,-11.14,-13.493,5.5071,16.358,-6.3009,-20.471,-1.6516,-6.5547,-23.086,4.2578,20.705,-3.5804,-5.1257,7.7638,-1.2445,-1.541,10.816,11.963,8.6802,3.598,-1.7162,3.2745,9.9208,6.2899,-3.2948,-2.7663,12.152,13.856,-4.5821,-14.395,-14.714,-14.998,-9.2718,-5.2229,-2.9936,-4.6665,-21.74,-18.665,10.816,4.0682,-15.554,10.301,29.63,14.368,8.2138,3.3496,-6.9735,-1.2828,0.39572,-3.0194,10.963,21.211,18.696,14.103,-1.1962,-8.2463,5.9292,4.0105,-16.056,-20.08,-12.243,-8.8616,-11.358,-14.345,-4.8234,3.6573,-12.071,-22.198,-1.5516,10.574,-3.2436,-2.208,20.683,22.439,-5.1687,-16.206,14.273,40.136,13.949,-20.629,-4.8022,20.347,8.3066,-2.5032,4.7383,3.4184,5.409,11.96,-0.40565,-9.796,-7.2178,-17.696,-18.519,-1.0189,-9.5792,-27.871,-15.027,-5.1876,-15.405,-5.1383,18.326,13.561,-4.7895,-2.4337,6.1442,-0.52211,-5.0165,0.84746,2.9261,10.424,24.006,21.574,20.138,32.698,27.869,18.205,26.004,8.6342,-24.464,-14.921,-1.2024,-24.749,-38.965,-38.736,-46.876,-32.963,-10.149,-22.48,-39.664,-32.522,-14.536,17.601,45.367,40.59,33.883,41.439,38.022,33.333,35.041,24.914,15.334,11.496,-1.273,-5.0153,-2.5493,-21.831,-35.24,-24.893,-25.469,-31.065,-22.666,-18.402,-9.8241,4.9657,-7.4179,-25.251,-17.454,-12.99,-8.9417,15.142,27.147,23.137,26.956,25.098,22.049,26.344,12.645,1.9562,20.061,19.169,-10.12,-15.329,-0.79834,-4.7972,-18.624,-12.115,4.2767,-8.2668,-29.94,-14.044,4.6927,-7.8685,-15.978,-14.473,-13.552,1.0105,5.5668,-1.9101,11.218,12.515,-6.1764,4.9615,18.654,8.2058,14.133,18.56,2.0788,8.0289,14.792,-13.333,-20.214,10.356,12.711,-12.827,-6.6017,14.818,-0.062772,-14.25,4.9591,1.0148,-21.103,-4.6328,4.8419,-18.141,-13.347,0.57863,-11.494,-8.7294,-0.29251,-9.6576,1.5785,19.508,9.9815,10.394,23.71,9.0407,-10.066,-0.48943,12.649,8.993,-1.1904,-4.0119,12.673,23.198,-13.587,-40.487,5.0435,27.545,-21.272,-23.28,16.108,-5.4056,-26.833,1.2413,10.108,4.2667,0.047386,-22.623,-13.33,18.243,-2.9208,-23.779,9.7336,31.678,12.076,-11.359,-7.7405,18.526,27.491,21.699,21.683,-2.012,-24.953,-5.8719,-0.14154,-18.338,-13.776,-12.934,-21.315,-14.647,-16.608,-4.0635,32.371,20.693,-8.1037,13.344,20.621,-2.6961,2.7393,2.7975,-17.776,-2.5678,21.941,7.1371,-13.87,-12.664,0.19197,9.3619,2.9961,-4.8993,-4.927,-16.399,-23.918,-2.637,14.766,8.7998,1.3786,-3.2769,4.9406,26.139,16.57,-4.9427,16.485,26.64,-16.159,-36.869,-14.366,-4.1288,-10.222,-12.882,-7.4847,4.1066,3.0906,-2.3986,11.43,21.726,11.363,-1.0215,-5.7017,1.0608,7.5399,-2.0759,-6.3712,-1.7212,-9.5571,-9.4536,6.4264,6.3588,-6.6337,-8.1927,4.6251,14.315,3.6073,-3.2591,7.4387,2.2377,-4.8239,6.1315,-5.6264,-18.163,8.4973,14.518,-12.078,-10.914,2.4123,-1.1089,-3.8125,-3.0365,2.8424,11.261,8.8886,7.5104,3.1822,-12.832,-12.009,-5.2437,-16.762,-9.6521,16.17,18.523,8.9847,4.2892,3.3384,15.449,16.551,-9.7645,-22.484,-8.694,-0.64446,-5.8938,-9.3103,-5.3701,-6.9867,-18.082,-11.09,15.403,23.588,14.426,14.021,15.99,13.321,9.7415,-4.7147,-22.319,-17.55,-1.2057,-0.87071,-11.818,-17.849,-11.35,1.5295,-5.3445,-17.464,7.9445,27.49,4.5055,10.133,34.186,0.77405,-18.964,20.057,21.877,-9.0667,-11.331,-16.727,-19.324,1.5848,4.8173,1.4388,4.0767,-15.556,-17.638,6.9311,2.8172,-4.1221,4.8948,-1.9045,5.9348,22.267,-0.20921,-14.378,1.3401,0.30963,-4.4537,-3.8795,-11.96,0.36805,21.622,17.032,6.6015,-1.4964,-5.1236,5.8788,1.6753,-10.59,0.73808,-0.76162,-16.099,-5.7202,-0.053831,-7.506,1.3087,0.62934,-8.6458,3.8986,13.835,10.69,6.1801,-4.301,-2.421,3.0356,-10.451,-2.3158,15.434,-8.5394,-17.447,9.5601,1.8603,-14.233,3.0474,9.0946,6.7458,12.038,-2.7835,-9.3289,10.101,7.0543,-9.9722,-5.9652,-0.44056,-2.5997,-2.8525,-2.0042,4.535,10.366,8.9013,5.1321,-8.7559,-16.583,3.6298,10.716,-12.796,-17.563,-2.7289,0.018562,2.0797,8.2985,8.094,5.0869,-3.1433,-6.7826,6.3038,5.485,-15.966,-13.4,5.9202,2.8394,3.1062,24.5,20.766,-6.2762,-5.1348,7.5172,-1.8254,-5.3288,3.5499,0.14329,-5.2021,-7.7292,-12.224,-2.8109,3.0149,-10.188,-5.8174,11.81,10.149,3.6769,-7.7777,-24.92,-15.131,-0.34018,-7.8301,-5.8469,1.0011,3.2249,22.27,22.1,-2.3122,6.3369,17.094,5.1286,21.652,28.112,-10.134,-14.171,13.899,12.804,8.6088,5.1435,-20.649,-28.55,-15.639,-23.2,-35.392,-28.827,-17.038,-13.404,-17.297,-9.0853,13.196,17.115,7.8374,16.543,25.354,10.753,-0.074057,25.154,63.177,54.871,3.7505,-17.778,4.6946,18.557,8.0654,-8.0331,-14.504,-4.5737,-4.6626,-29.897,-42.843,-39.644,-48.657,-45.56,-25.091,-27.207,-32.361,-18.15,-12.263,7.9337,56.819,76.92,71.126,70.963,50.925,33.067,39.015,16.651,-14.083,-10.013,-19.158,-36.724,-25.517,-33.536,-59.261,-44.087,-9.0653,2.4359,-10.984,-21.771,-6.0075,-1.5489,-15.821,7.2588,27.301,0.52145,1.8647,31.03,22.799,7.0006,6.8777,9.5966,24.106,24.293,3.0613,-1.3826,2.2263,1.248,0.96677,-7.0786,-1.4997,8.9269,-12.49,-21.625,-4.8373,-11.6,-16.539,-8.8793,-19.053,-11.057,6.0405,-12.37,-15.669,7.6395,4.3941,-3.6583,6.4171,9.8631,5.9596,5.6239,13.306,18.048,10.404,15.006,20.967,6.8221,10.393,13.783,-16.414,-15.777,11.259,-2.6602,-20.361,-17.292,-20.037,-14.675,-15.01,-22.884,2.288,20.686,2.9218,-1.5025,-0.10757,-11.815,-7.7025,9.9929,27.243,27.358,3.68,1.579,11.188,-8.0742,-6.566,13.466,-5.4651,-16.518,-1.2067,-7.3537,-5.3151,11.887,1.5179,-6.5763,4.9343,3.8811,-0.73965,1.7545,-0.87665,-4.0374,-0.3029,7.4555,3.2245,-13.039,-10.907,0.28879,-6.7068,-11.307,-5.2476,1.5889,13.649,12.112,-3.8951,-5.1028,1.562,7.9671,10.541,-3.2155,0.96297,20.404,0.55635,-15.426,4.7726,-0.8187,-6.544,20.835,8.4764,-26.84,-15.258,2.7468,2.0832,4.7718,-4.9535,-13.179,2.3894,5.6499,-11.85,-13.642,5.5357,19.091,10.48,-0.26967,6.5434,6.8158,-10.454,-15.764,-1.0394,9.1759,0.13698,-7.6841,4.7233,7.4835,-7.0639,3.541,21.825,8.7049,-5.6057,-10.093,-15.135,4.9289,23.429,2.163,-13.997,-14.184,-24.954,-12.109,17.96,14.441,-0.15666,-4.7266,-12.259,-3.8903,8.9077,-0.75446,-3.2989,5.739,6.3902,16.167,22.89,9.2155,5.279,2.2423,-17.478,-16.901,-4.0991,-16.839,-25.471,-6.8616,7.5164,4.2469,2.2074,12.583,22.525,15.587,-1.486,-9.0495,2.4881,12.475,-4.5832,-19.819,-10.942,-11.647,-11.388,9.3501,3.6256,-11.252,16.019,29.617,2.2261,-9.4779,-2.7926,3.4122,7.6804,-5.4959,-16.492,-7.5977,-2.5021,0.51617,2.4962,-3.3618,5.5022,14.69,6.8108,9.2835,3.025,-19.957,-10.948,6.5557,-2.121,-3.0545,1.9603,1.456,6.9667,-3.5214,-16.686,0.14789,12.658,4.9776,-1.459,-7.2267,-3.5644,6.8686,4.8404,-0.34095,-5.4732,-6.2945,5.7424,4.9134,1.584,14.822,0.26417,-21.82,-0.31821,12.591,-1.1199,-0.437,-1.725,-6.6304,-3.1741,-8.7181,-3.6789,7.8425,-3.5099,-2.575,12.758,9.7673,10.342,11.377,3.1536,2.671,-14.775,-26.138,4.9866,5.4769,-27.152,-19.258,-5.4984,-4.9326,8.7079,12.693,27.817,42.181,-1.325,-15.734,30.594,15.264,-29.177,-22.469,-22.977,-20.435,10.425,3.1525,-14,9.4263,20.147,10.437,6.2317,-10.398,-21.65,-7.2536,3.8062,5.7948,14.648,18.081,1.9513,-14.389,-10.317,-3.4959,-5.0017,-0.6161,-0.26516,-4.3256,8.7285,15.36,-2.2149,-9.3352,1.9455,6.7992,-0.63627,-4.4089,9.5206,14.336,-6.9271,-8.9115,8.2277,-1.529,-11.08,2.6152,2.0206,-8.9182,-6.0445,-1.4624,-2.8699,-10.423,-13.482,5.7538,19.748,2.2572,-10.364,3.5181,11.591,1.6892,-0.28829,8.2296,5.6084,0.91108,5.2873,-0.31478,-4.7876,7.1346,0.39352,-19.276,-7.0815,11.858,4.7358,-2.225,1.4523,-3.0498,-15.727,-16.036,3.2642,15.273,7.086,-1.3569,-4.4302,2.1108,13.336,-3.321,-25.709,-12.949,2.0991,5.9235,12.487,-2.2806,-12.906,9.8534,16.983,11.4,18.978,2.5433,-13.498,4.3804,5.3927,-3.7365,5.4587,-5.3156,-15.944,4.2882,6.3371,-13.864,-20.252,-14.591,0.094524,6.7277,-2.2107,2.2394,4.5952,-7.3988,-0.088993,4.9792,-5.9041,4.4431,8.8206,-5.1074,6.6622,11.659,-5.8657,9.7615,28.951,9.7783,-5.238,-6.013,-7.3802,-2.6465,-3.7625,-2.9012,6.6415,-3.4623,-14.705,-7.7085,-9.2587,-0.80993,16.936,-4.3823,-21.445,5.7662,12.818,-9.1765,-14.836,-10.297,0.19439,6.8878,-8.9683,-7.1889,22.802,26.362,6.9936,-0.21182,2.8345,14.429,17.235,-7.1774,-22.261,-4.6157,15.29,19.34,10.135,-7.1582,-15.229,-7.5044,-1.2737,-7.0128,-14.674,-16.859,-15.946,-6.2292,5.8663,-2.3699,-11.871,6.0455,18.259,2.2916,-10.079,-6.7032,2.3249,8.3919,-1.8876,-9.7523,8.8754,24.675,15.799,5.9427,10.151,19.581,18.141,6.2234,7.5204,16.576,4.2855,-14.776,-11.702,-3.2535,-18.677,-43.924,-41.759,-22.807,-26.213,-35.093,-18.44,0.62333,3.7317,5.6608,14.269,28.666,37.511,31.202,28.456,38.573,41.858,26.639,-1.3135,-16.822,-1.8953,8.2338,-11.271,-20.495,-6.4,-8.443,-24.293,-22.724,-21.823,-39.421,-36.136,-4.0861,2.9514,-14.549,-11.685,3.8832,18.882,33.496,19.546,-1.5735,18.962,32.407,2.2571,-3.4133,27.735,30.752,4.1317,-12.406,-11.428,-0.060576,8.9972,0.85874,-17.894,-23.754,-10.037,-2.199,-12.877,-13.154,0.84037,-5.7134,-19.628,-6.579,8.027,8.5206,16.89,10.338,-13.304,0.78381,16.314,-21.081,-31.038,9.473,11.405,0.99726,27.977,27.877,-0.62183,-2.4251,3.8657,9.8025,16.599,-2.1443,-14.072,2.914,3.4687,-6.8798,-3.201,-7.2361,-13.281,-8.3447,-9.8873,-13.206,-6.4394,-0.038444,-7.4962,-22.39,-8.4833,28.109,27.804,1.4631,-2.6937,-2.4499,-6.5306,4.2677,8.5962,-3.4752,0.1937,22.525,22.642,-4.0694,-4.7454,12.868,-6.5868,-18.359,11.027,10.288,-10.296,-2.0829,-8.0169,-16.86,0.65821,-6.4833,-12.476,16.491,7.6235,-25.023,-12.561,8.6975,10.724,5.7297,-4.5197,1.7107,9.1325,-2.6348,2.1849,4.4867,-17.486,-6.5715,21.925,12.471,-6.6612,-15.139,-14.321,2.8556,12.886,20.602,29.777,-1.613,-28.081,8.4814,28.396,-4.0001,-11.205,6.3289,-10.641,-36.451,-14.966,16.135,0.72739,-6.726,19.694,-0.27748,-39.409,-13.718,13.956,-4.3251,-10.914,3.6725,13.49,7.5961,-7.945,5.2026,23.86,3.4792,-3.5203,12.534,5.111,6.7542,15.103,-2.7334,3.9901,24.378,5.3984,-5.0573,1.5526,-17.048,-25.426,-8.3721,-0.9378,-8.1606,-20.902,-15.257,0.94883,-16.796,-24.455,10.109,7.1909,-21.787,-2.791,16.485,6.1379,10.829,13.924,0.59574,5.5518,23.093,27.555,19.116,8.3293,11.999,27.001,25.384,6.4143,1.327,9.6657,-7.3143,-33.515,-21.1,-20.346,-65.116,-60.783,-14.831,-37.078,-60.945,-7.4302,13.991,-14.869,13.16,56.495,45.297,42.708,62.934,50.203,26.863,29.006,30.919,14.07,-8.3624,-20.79,-21.505,-21.063,-20.318,-24.237,-40.95,-42.395,-22.361,-21.981,-28.793,-14.865,-5.7739,5.8751,22.661,2.9195,-8.2841,25.044,25.676,9.0566,35.449,33.081,-3.4217,6.6119,21.062,2.5773,-2.28,0.034563,-1.6244,1.5454,-10.583,-17.417,-4.5216,-5.0594,-2.6367,4.8169,-15.668,-19.69,5.5821,-0.28845,-14.575,-1.9069,1.4692,-8.6197,-16.243,-18.137,0.93182,13.551,-3.1371,0.58815,28.625,27.098,7.9831,6.6202,10.187,12.184,18.392,7.1046,-18.428,-15.158,0.033077,-11.365,-2.8615,26.418,-3.4888,-43.597,-11.254,15.616,-8.6444,-19.086,-11.03,-3.539,6.7215,0.59823,0.56444,23.442,17.03,-8.3177,-2.7126,2.7576,-11.604,-10.323,9.0412,17.321,5.1596,0.95271,17.328,13.891,-5.8391,-1.5024,-2.0642,-16.762,-5.5311,0.62017,-16.047,-5.4114,11.478,-3.0505,-6.8141,8.1758,4.6768,-5.5872,-0.46769,5.6209,-5.7446,-23.144,-15.544,11.825,22.438,12.198,-0.78005,-5.1421,6.7944,17.822,6.3114,-7.2328,-2.5937,-1.9241,-17.092,-16.866,9.5409,19.704,0.12275,-9.3524,-2.0202,3.286,7.0959,-4.4236,-17.358,8.6068,19.216,-23.912,-24.034,22.713,11.475,-15.542,7.2465,12.403,-8.8551,-4.7231,3.8473,5.8775,5.7533,-10.935,-7.0423,19.178,7.6267,-12.789,-3.1988,-1.8081,-2.3066,5.6866,-5.0249,-0.7926,21.019,1.7226,-23.103,-4.8729,12.343,3.5859,-12.336,-10.132,19.475,23.284,-12.355,-17.399,4.6839,2.5668,-12.114,-21.457,-14.129,8.6221,8.3475,-1.4037,12.933,18.011,6.5178,1.1621,-2.7156,10.08,23.492,-1.1917,-18.81,-6.7816,-4.5137,2.6041,11.843,-4.8279,-9.1814,-0.79239,-13.724,-14.024,1.335,-2.8194,-9.7829,-7.5569,-1.6172,4.7925,-1.5883,2.7794,22.056,8.3361,-13.728,-5.1335,0.050481,5.9025,25.256,25.658,20.288,17.755,-3.1876,-10.35,1.4069,-5.163,-14.843,-22.343,-39.694,-38.304,-15.408,8.8807,24.392,8.8567,-7.962,15.34,26.009,-1.0111,-9.6706,-0.58684,-5.3699,-2.3983,15.361,11.274,-10.656,-2.0492,18.653,2.6065,-3.5845,19.867,3.1491,-21.849,0.037801,-0.04644,-23.423,-7.1294,7.6128,3.5828,18.861,28.507,17.653,-1.2381,-25.051,-23.7,-13.057,-27.515,-23.766,-6.5053,-13.805,-0.8706,20.844,7.2969,11.627,25.789,1.4778,-0.52385,20.686,1.7564,-7.8984,12.374,2.9863,-3.9996,24.385,25.976,-4.2809,-8.0114,5.3873,-5.0472,-24.04,-20.605,-9.1147,-8.6785,-3.5141,5.0548,-6.8688,-19.894,-5.1189,8.4779,-3.8903,-12.585,-6.7647,-8.8715,-7.8502,8.8575,11.405,-5.9635,-8.5258,12.169,29.771,25.542,19.037,32.212,35.494,18.139,18.419,17.841,-8.2415,-12.832,-3.1692,-20.721,-28.94,-26.42,-50.231,-59.408,-42.998,-45.697,-44.689,-21.991,-4.0955,22.781,54,54.635,48.688,54.394,45.118,33.075,35.852,27.302,7.6003,0.52359,-8.5338,-29.238,-36.382,-29.052,-22.894,-13.364,-13.52,-30.714,-27.317,-4.9293,-4.5184,-11.066,-3.4356,-0.075696,0.62268,6.7101,9.526,5.7058,-2.8187,5.7167,29.941,22.38,3.6988,15.651,9.8861,-5.5019,23.463,28.681,-13.626,-13.046,12.639,1.1986,-13.741,-13.548,-10.76,-2.6544,-5.9828,-19.975,-20.079,-5.2285,10.79,-1.2307,-33.097,-21.677,12.536,4.2483,-7.9522,7.5432,11.161,7.2093,14.399,18,16.295,9.5184,5.2815,17.732,18.433,-6.1344,-15.342,0.11307,12.632,12.4,0.021208,-19.217,-29.998,-20.624,-6.2456,-14.597,-24.733,-7.2907,1.0446,-10.164,4.5795,28.302,20.893,3.4157,-1.2267,7.6005,16.218,3.6421,-4.734,8.558,2.1071,-14.65,-0.22021,11.748,-2.4914,-6.8417,5.8238,9.4523,-5.0938,-13.629,2.9803,3.4074,-26.15,-18.404,19.957,16.609,-3.6712,-0.79995,-6.9073,-16.501,0.94769,16.008,4.1888,-7.3191,0.50003,6.9162,-2.5094,-2.707,10.826,5.2611,-6.5628,2.5681,3.8383,-7.9378,-0.62786,10.544,6.0708,0.96413,-6.0143,-11.508,2.0671,14.345,1.2985,-15.161,-10.57,2.0561,-0.89001,-12.101,-12.211,-5.726,7.3948,24.405,12.433,-11.369,5.2625,22.978,0.070694,-9.2648,2.9411,-6.1213,-6.8976,10.585,-0.035551,-14.186,1.6977,4.6114,-10.554,-8.2694,-9.4458,-19.536,-0.33508,23.654,12.997,0.9997,6.0074,6.5452,10.366,12.326,-4.7339,-8.6314,3.4391,-7.7015,-18.086,-4.5579,0.86798,3.671,9.813,-10.558,-25.805,-0.95149,18.774,12.85,7.0546,1.3492,-7.3747,-10.222,-2.0538,9.2714,-1.7182,-14.222,13.493,30.1,0.22757,-6.3793,12.42,1.645,-8.0617,-5.5141,-21.507,-17.681,8.22,-1.3992,-15.534,2.0737,6.8635,-0.93896,4.8858,0.78374,-4.1799,10.471,6.7077,-15.057,-2.3037,29.169,23.202,-5.8528,-5.7012,12.346,4.2274,-9.399,-0.55268,-3.0415,-14.792,-1.2398,4.9634,-14.644,-23.933,-20.7,-6.108,14.5,1.0263,-13.408,16.354,28.549,10.178,7.6695,-5.5283,-16.957,9.2314,15.505,1.7099,12.993,6.1696,-9.1006,7.835,1.7038,-19.653,-5.3482,-4.111,-17.475,1.0986,9.9275,-11.032,-24.247,-16.337,12.881,24.471,1.4877,8.5737,22.165,-18.794,-25.714,25.986,20.051,-18.54,-4.8602,2.1601,-18.107,0.90168,27.449,12.435,4.2881,11.566,-7.546,-20.085,-3.7537,-3.9293,-8.0238,9.6273,6.3317,-9.5744,-0.22274,1.0071,-8.4057,-2.0378,-9.6549,-19.669,2.4353,12.842,2.0767,12.244,17.828,-0.79146,-2.1118,12.92,7.2587,-10.44,-12.107,-3.9505,-1.2453,2.9163,6.9984,1.7502,-0.75439,2.4518,5.2545,8.5838,-4.9467,-22.226,-8.742,-3.4998,-21.423,-5.7373,19.429,10.836,4.7992,4.9083,1.7493,10.916,3.535,-13.023,-2.0198,2.656,2.0023,15.967,-1.3798,-22.547,-0.51835,5.3579,-9.6607,-0.018327,9.1804,8.3293,0.36178,-15.458,0.16138,14.572,-11.645,-2.1301,30.199,3.0478,-23.105,-8.5836,-6.4634,-5.8143,2.7937,-0.2201,2.8432,1.4558,-10.097,-1.0744,8.5286,3.2141,4.407,4.107,8.0132,17.751,2.4276,-8.5954,10.747,12.664,-5.1236,-12.889,-21.521,-21.94,-3.2857,7.9241,1.6707,-8.2113,-7.0912,3.6646,5.9246,4.2565,4.8367,0.32379,5.5298,9.352,-8.5792,-9.1175,9.3275,8.61,8.7432,5.0305,-15.325,-0.49322,23.285,0.73918,-8.3776,6.3099,-5.7791,-9.2838,-0.76938,-12.965,-3.3052,14.572,-12.492,-27.676,-0.32659,6.4261,-7.3886,7.0673,29.489,9.5108,-26.263,-14.191,14.405,4.1938,-3.2658,13.12,14.378,7.6731,0.50636,-11.061,2.4468,16.729,-2.4042,-8.616,2.2904,-6.2083,-8.9723,-2.4966,-6.8822,1.1039,9.073,-8.7444,-15.591,0.23232,2.9204,-9.3923,-11.152,1.8981,4.3734,-7.2966,2.5907,23.05,13.898,1.3976,10.084,8.6164,-6.9681,-8.8277,4.8496,13.387,5.3915,-6.4349,-11.361,-7.0401,10.421,13.149,-13.022,-22.881,-11.529,-8.2244,-0.7301,-0.43775,-10.161,11.875,28.375,3.0887,-4.3131,3.6139,-5.0729,1.5946,3.027,-12.947,1.5446,10.993,-10.224,-6.5397,8.152,7.964,9.4926,-7.6442,-21.097,1.393,6.4219,-7.608,-2.1305,0.4382,7.5696,21.498,8.2654,3.1993,15.972,5.8433,2.4436,2.9218,-22.667,-17.891,6.9165,-10.834,-23.125,-10.418,-13.763,-6.2596,12.374,1.2677,-18.021,-19.709,-2.2452,24.831,22.303,-0.12885,6.4432,23.438,21.007,15.219,13.755,11.099,5.2533,0.39519,6.5079,13.561,4.9793,-15.395,-32.801,-31.378,-22.746,-28.533,-28.475,-16.599,-16.953,-12.217,5.0147,7.2063,7.4203,18.047,19.938,20.964,30.633,36.352,31.614,16.508,5.1235,0.51501,-13.467,-17.473,-5.0407,-12.451,-24.795,-12.718,0.75317,3.3619,-2.6543,-8.7174,4.0098,4.1665,-22.608,-23.043,-2.4173,4.1953,9.1119,-1.3594,-20.671,-6.3569,10.559,7.4148,13.272,13.102,11.063,25.111,14.221,-7.5412,1.7623,7.8856,8.4623,14.028,-10.205,-23.091,8.0169,10.433,-14.337,-8.9441,-6.2377,-24.039,-20.28,3.7571,11.377,-8.6124,-21.256,-1.4647,5.9033,-14.606,-8.6248,15.052,11.895,10.851,29.895,29.02,6.3076,-5.0361,-6.7475,-8.4021,1.8852,12.198,0.12492,-11.408,-6.2472,-6.9707,-6.4339,3.8455,-3.9176,-13.264,2.2865,3.8052,-12.477,0.70195,23.549,12.757,-10.27,-15.222,-9.6286,-8.5864,-9.2848,0.49252,12.58,6.9333,-3.3887,7.1978,18.1,2.4983,-8.5852,3.4656,2.304,-6.16,3.1425,-4.4843,-15.465,17.078,29.826,-5.5111,-7.1822,4.6793,-18.29,-4.7626,33.613,8.3041,-27.039,-12.228,-3.9556,-16.311,-15.496,-12.159,-9.945,4.4597,16.513,11.897,2.9406,6.6631,17.276,12.803,-6.4739,-13.678,2.8285,15.688,1.8463,-8.494,6.0842,8.5859,-3.2505,7.0906,11.605,-15.416,-23.677,-0.8349,0.58342,-21.086,-15.456,17.443,21.063,-7.4149,-7.7931,12.638,1.1866,-17.149,-9.0764,0.98303,9.3462,16.901,0.29273,-17.11,-4.1456,11.83,14.008,12.944,0.64467,-11.966,0.56064,11.684,-3.6382,-7.1391,11.862,7.6705,-15.994,-20.52,-9.9101,3.6725,7.674,-10.645,-11.257,19.866,24.112,2.9123,-2.1717,-3.774,-2.3551,0.27403,-17.806,-17.611,4.5279,-9.7351,-18.531,16.023,24.414,5.4832,3.971,-0.26439,-5.0777,0.6239,0.54831,6.4962,9.23,-3.4267,2.1429,8.5905,-1.62,17.649,36.166,5.5519,-21.479,-25.883,-32.298,-21.366,-5.07,-8.4879,-3.9683,13.177,14.173,-1.4939,-12.115,-13.425,-28.117,-39.52,-5.0136,30.707,23.689,31.47,62.045,53.433,17.425,-1.15,-0.10413,6.5494,0.69391,-20.451,-35.77,-32.163,-21.355,-20.717,-12.08,11.429,-0.88708,-30.143,-6.8554,13.907,-15.962,-21.459,4.1017,5.5097,1.8506,7.0693,2.247,-2.8115,7.8548,29.722,39.139,39.711,52.719,36.676,-7.0708,-3.0414,8.1145,-22.605,-24.724,-13.189,-37.078,-43.367,-33.341,-28.778,-11.299,-22.385,-37.206,-3.0315,-5.5524,-24.963,41.572,83.612,32.7,8.648,23.488,21.825,20.299,20.959,17.665,5.6998,-13.958,-9.4605,-8.3055,-37.546,-41.878,-26.98,-16.911,20.043,34.77,-0.57119,-12.068,-7.8439,-16.275,-5.9185,0.93218,-0.96738,8.6691,-6.147,-19.255,5.4223,9.6649,-0.82269,13.671,22.449,29.294,28.657,-6.3683,-11.758,14.468,-10.898,-38.186,-9.4975,5.021,-9.5164,-3.8482,7.8431,2.5821,1.4942,18.787,25.775,-1.922,-26.23,-14.165,1.7929,-4.4525,-20.3,-27.36,-15.116,2.2366,8.073,12.206,20.554,27.757,27.097,8.4076,-12.376,-6.1738,12.736,7.8573,-15.79,-19.556,-3.6034,-2.7942,-4.8589,7.3212,-1.2918,-18.594,-1.192,12.544,-5.809,-11.044,6.188,13.318,2.2899,-10.082,-5.7373,2.977,1.5836,5.2622,7.4125,3.7151,17.244,18.895,-10.492,-14.604,0.43892,-14.447,-19.158,7.5437,10.496,-6.1295,-0.83097,4.5058,-5.139,2.5104,12.894,-7.8051,-16.043,6.6147,2.5647,-10.638,6.1317,-0.67987,-21.001,3.3294,18.958,5.4464,12.919,11.678,0.090514,17.116,7.4636,-26.499,-11.819,5.4441,-1.9102,14.267,7.5587,-27.289,-6.3381,18.34,-13.542,-23.451,-9.1922,-18.481,-1.7329,26.278,7.2807,1.052,17.659,-9.1449,-22.76,13.345,14.242,-6.1818,11.995,19.504,3.4189,0.71051,-6.8442,-9.4872,9.017,6.5748,-8.4285,-3.8658,-6.2084,-15.858,-11.166,2.0689,26.113,36.771,7.8622,-15.255,-14.332,-25.936,-34.202,-14.972,3.7081,5.7498,7.31,14.698,9.4474,-8.1089,-7.5265,-0.21097,-6.4722,3.6194,17.185,3.1484,2.2012,19.26,19.748,18.51,5.6182,-19.384,-3.7148,16.395,-7.9788,-14.08,8.7596,5.5949,-10.809,-16.357,-10.685,1.9293,-0.57866,-10.279,-12.053,-17.631,-11.98,-4.8188,-22.384,-18.43,6.3619,-0.13004,4.6023,28.514,12.591,2.5411,26.613,18.619,-1.2666,19.96,46.355,44.281,20.073,-5.2135,-3.3967,12.573,6.274,-18.202,-28.472,-19.725,-29.268,-61.123,-69.59,-57.48,-52.909,-43.755,-26.851,-0.61814,37.961,56.647,62.403,80.633,74.459,42.915,25.071,16.934,19.135,14.412,-15.454,-15.371,-1.7927,-33.733,-38.659,-6.1608,-16.203,-19.892,-6.3719,-39.411,-46.685,-8.1886,-12.241,-21.05,-0.8618,1.4861,10.435,25.157,12.212,12.506,22.078,13.516,18.998,16.351,-6.3092,9.2912,28.649,-1.7743,-19.779,4.2388,20.681,18.534,14.447,3.4188,-10.379,-9.0048,-11.045,-33.928,-31.977,-3.405,-8.6901,-21.818,-7.8282,-7.9566,-9.1122,2.5951,-10.893,-10.083,18.967,10.346,-5.2524,10.092,15.111,19.603,24.76,8.8976,14.451,26.431,6.1071,1.6499,3.3096,-15.816,-4.6293,9.313,-9.9571,-9.2755,-8.3112,-25.876,-8.469,4.5655,-14.278,-4.8137,-1.2294,-32.015,-23.504,9.2288,7.9143,4.7722,12.572,5.9413,-1.1316,6.8235,17.016,11.916,1.1882,8.6022,9.6699,-9.3251,3.6884,34.189,15.47,-10.205,2.5861,-2.332,-23.191,-10.072,-2.5499,-16.462,-4.0725,1.1512,-27.027,-20.248,13.573,8.5843,-5.3395,3.1649,6.2515,2.9679,1.0934,-0.87322,4.0176,4.9304,4.9744,15.119,7.015,-15.281,-13.996,-0.32349,9.1967,15.593,13.123,11.194,2.5887,-16.853,-11.14,3.2048,-5.6462,-5.5402,-1.2064,-0.94826,22.241,13.683,-34.233,-25.407,6.0321,-5.0361,-4.8375,-0.65918,-14.991,3.3039,23.4,5.694,-6.3036,-7.0134,2.1457,24.584,19.792,4.8516,5.0353,-9.7098,-9.1414,12.128,-0.69951,-5.8867,12.043,-8.415,-23.323,-5.2407,-11.847,-12.935,8.0804,1.0175,1.4362,22.189,5.7995,-15.516,-5.075,-0.64425,0.40888,9.0453,4.7123,3.8594,10.48,-4.2858,-14.935,6.5848,14.474,-11.581,-18.796,4.2716,10.509,-3.7892,-6.8534,2.7957,10.099,7.5942,0.39592,-0.098133,0.88929,-1.8304,-2.817,-4.8895,-1.4492,4.1855,-12.07,-22.502,2.8624,16.838,1.5043,-7.2777,-4.7152,9.8314,22.266,2.2781,-10.769,6.9199,4.7549,-4.9094,7.6274,1.5099,-11.843,4.0939,3.9364,-22.37,-17.648,6.6003,2.9373,-4.6235,10.076,8.2295,-12.945,-6.4515,8.5865,6.5098,17.993,19.012,-9.8024,-8.4746,7.3201,-8.8706,-10.438,3.4376,-3.721,-4.2604,-5.3802,-16.224,-1.8778,8.3379,5.978,27.867,23.22,-12.89,-9.4968,-2.1699,-16.873,-9.4671,-8.0172,-13.706,12.831,19.697,-4.3793,-2.5694,6.1497,3.4179,5.7632,2.452,5.9967,12.645,-9.0021,-17.692,4.4928,1.67,-11.871,-1.1286,4.257,0.76038,0.68424,-8.6898,-10.133,7.7243,14.992,6.4038,1.9342,3.0869,2.8306,-2.3844,-11.738,-15.375,-7.003,2.3895,3.2619,2.3415,-2.7657,-13.356,-3.3765,19.602,12.398,-4.8135,6.2801,18.122,11.145,-1.1231,-11.545,0.59898,20.382,-2.2671,-28.425,-10.24,-4.8461,-17.061,8.5351,19.631,-15.304,-13.309,18.933,7.0756,-18.798,-20.015,-10.737,10.628,19.949,2.9825,6.3565,14.951,-6.8321,-4.4268,22.326,12.268,-3.6308,3.7974,-0.070832,-11.258,-11.431,1.5918,19.945,5.3018,-23.382,-12.436,-1.1139,-9.8344,-1.3219,-5.3085,-17.27,9.4311,14.416,-20.631,-10.914,23.115,14.903,-7.5621,-7.6949,10.324,19.074,3.7575,-1.8799,6.0954,1.2007,1.6987,2.1808,-14.818,-10.213,11.372,9.8656,2.5318,-2.0886,-9.5621,-4.9301,-0.22517,1.168,5.1862,-8.4334,-8.4318,23.427,14.761,-26.868,-24.644,-3.1663,0.087884,-1.7766,-16.316,-22.369,9.3302,28.75,5.5745,-6.4903,14.799,22.459,-0.38941,-8.7297,12.6,19.851,1.9417,0.087909,21.017,16.015,-22.7,-26.862,8.0338,3.0147,-21.915,-4.1621,5.8532,-14.032,-12.7,-4.9915,-7.6613,-5.303,-16.131,-21.243,-1.2349,0.062863,-5.3204,10.294,11.038,8.4583,20.426,12.959,7.8173,24.653,26.237,21.415,22.212,8.8229,0.21524,1.0125,-8.7596,-12.369,-9.1918,-17.379,-24.456,-23.506,-22.816,-24.34,-20.966,-6.4937,-7.909,-33.141,-32.271,-2.7457,15.526,25.334,25.796,20.243,37.086,50.529,34.292,21.171,15.219,7.2445,13.42,15.318,-5.6098,-20.629,-13.335,-11.182,-33.446,-41.06,-16.872,-21.935,-47.01,-25.221,-0.15903,-6.122,3.0872,8.5796,2.9216,23.911,25.885,3.1024,20.309,34.12,4.7053,-4.5044,16.878,24.978,10.506,-6.8708,-1.1154,8.0949,-2.8642,-3.0508,-2.1594,-21.576,-18.868,-5.9072,-18.354,-15.971,-1.3431,-7.0983,-1.7583,6.3754,-14.447,-20.209,6.1375,16.994,4.8289,0.98482,11.546,14.855,5.1183,1.5978,6.118,5.7558,-0.54789,-4.108,8.3644,17.349,-5.3671,-18.945,0.39093,5.1155,-0.92344,7.4769,3.1741,-3.9683,4.233,-1.1443,-7.8329,1.2763,-6.5076,-20.698,-9.3997,1.7781,-11.208,-22.822,-2.8958,23.889,12.715,-6.4845,6.325,10.013,-11.056,-6.0867,25.732,28.644,-8.7727,-24.343,10.018,23.15,-6.6281,-8.7166,9.1881,0.88443,2.6013,19.595,1.8335,-28.849,-22.272,-0.56582,-3.9088,-12.202,0.47942,4.7952,-5.1833,1.4691,4.5473,-6.878,-0.73417,7.3564,1.1068,-2.7184,-7.0879,5.0817,22.852,-1.7219,-11.648,18.899,1.8055,-17.458,21.042,17.381,-13.252,9.0903,9.2167,-19.979,-8.5273,1.7605,-4.8807,-3.195,-10.423,-0.49916,14.852,-15.935,-27.274,7.7721,13.326,11.013,27.92,4.2598,-38.856,-30.247,10.632,20.085,-6.533,-7.3387,22.488,17.219,-5.668,0.023961,4.1091,4.3121,11.257,-7.6974,-26.681,-7.7424,13.582,16.893,9.4746,-7.7979,-16.908,-12.664,-3.6214,3.6464,-5.6399,-7.0105,15.777,13.644,-2.3618,12.699,12.531,-16.751,-22.498,-9.9985,5.8749,17.987,-3.6213,-22.576,-1.7402,9.0606,4.8973,13.624,1.5622,-18.424,1.2469,21.978,9.4211,-2.8961,-0.99191,4.2313,6.1786,-4.6734,-14.209,-2.2391,9.1063,-0.053612,-9.5542,-9.6865,-8.9575,-1.1922,8.3357,1.1121,-9.6576,-3.1048,9.256,7.618,-6.8656,-9.8169,6.825,13.94,9.8023,10.053,-10.228,-31.397,-0.41188,31.14,11.212,-5.8569,0.26278,-0.046891,-1.9493,-5.2676,-7.4779,1.2278,-0.8112,-7.8721,-3.2401,-8.5671,-3.3408,23.629,13.663,-15.964,-8.3761,3.6156,3.8907,9.1154,-1.4398,-10.913,3.0516,8.8643,6.8294,8.0569,-3.284,-11.409,-10.803,-13.67,-0.8027,8.8696,-12.474,-15.869,13.092,18.952,0.29143,-4.3474,4.4864,7.2213,4.5436,6.6413,5.4885,-0.45088,4.3924,9.5088,6.1307,3.0751,-12.332,-22.501,-3.4551,-0.18836,-10.474,5.3766,-0.75231,-23.01,-1.1564,4.9935,-19.36,1.0757,17.945,-5.6279,-1.5275,9.1578,-7.4207,-4.9683,12.715,24.513,27.85,3.7307,-7.9508,17.32,21.287,8.0736,2.9552,-20.838,-31.472,-11.346,-9.9865,-11.602,-1.8384,-14.05,-18.951,-4.389,-6.9665,-5.1713,9.0652,10.359,17.479,20.727,-2.5927,-11.783,1.5453,5.9936,10.555,17.273,11.687,1.197,-5.8697,-2.3634,3.8801,-5.7607,-8.8245,6.0263,4.0895,-5.9794,4.0046,9.0758,-2.0192,-5.4291,-7.2813,-20.575,-22.027,-3.0207,1.8301,-10.081,-3.9365,4.6251,-0.85404,12.75,20.972,-7.2918,-10.585,12.123,1.5627,-2.0383,18.388,6.8099,-7.7615,3.5082,-0.21735,-2.2389,13.094,11.106,9.8743,18.325,4.0857,-7.4004,-0.61792,-9.5527,-21.408,-16.626,-12.164,-8.5091,-8.8971,-18.302,-19.1,-15.589,-12.282,3.2899,6.5203,-5.3646,9.7353,30.75,25.636,29.248,36.51,14.379,-0.7289,9.9004,11.319,4.1955,-0.022394,-7.6877,-9.809,-15.111,-32.853,-31.65,-15.92,-17.973,-14.637,3.3379,2.2101,-6.6425,0.33653,8.8228,10.357,4.7328,0.57274,11.165,12.134,-0.041455,14.089,30.363,10.331,-8.0571,-5.2165,0.037478,7.413,1.3229,-17.301,-13.966,0.53262,8.44,14.485,-2.0186,-19.782,-3.0437,-4.762,-30.431,-8.9132,21.838,2.0168,-15.533,-2.4993,10.675,17.074,6.3926,-17.501,-18.188,0.17774,8.4092,9.6813,16.394,23.608,11.109,-12.88,-4.3869,17.768,2.2149,-12.578,1.4364,-5.8366,-19.49,-0.71847,4.1379,-9.936,-0.71685,-1.174,-17.979,-2.6877,10.499,-7.1242,-2.6947,14.512,7.0843,5.8673,8.7246,-4.704,-2.9987,7.4189,8.5037,17.851,0.77613,-38.16,-17.23,17.627,-5.8942,-11.477,9.7845,-6.7762,-3.4394,27.938,5.4849,-21.213,0.039746,7.9719,4.8443,13.09,-3.1172,-12.619,11.875,11.933,-6.6836,-0.45517,-3.0931,-20.498,-13.267,-1.8782,-4.2469,5.7601,12.02,-6.0542,-10.9,5.7972,9.0927,5.2085,5.9321,-2.7108,-3.7772,8.7961,3.5769,-2.5296,14.692,18.198,-0.46098,-12.253,-18.888,-16.641,-2.987,-1.8751,-8.0221,-8.2986,-6.0865,13.892,30.301,7.5552,-7.9843,9.2737,14.209,5.5768,-9.2109,-35.481,-25.074,14.167,11.48,-2.4302,13.307,7.5859,-16.905,-8.5531,12.737,12.998,0.61856,-4.5861,3.6229,-0.84007,-23.131,-17.876,10.575,15.14,8.8271,7.9287,-6.799,-8.0348,19.14,13.909,-21.793,-17.625,8.4105,12.109,14.874,5.4805,-24.935,-15.403,15.832,0.42814,-12.215,10.776,7.3084,-15.661,-18.593,-13.596,3.558,12.454,-16.179,-19.102,21.912,27.605,6.8157,14.613,23.747,8.3492,-9.8771,-6.159,14.47,7.4487,-20.511,-11.608,5.1745,-16.531,-30.824,-14.392,0.3416,2.8338,-5.6833,-8.9762,6.236,13.034,11.189,18.451,12.009,-0.68011,2.2223,-3.7378,-7.7156,8.0732,6.1308,-3.0713,2.5287,-13.769,-22.979,9.0944,11.791,-8.7073,17.217,28.356,-13.286,-25.528,-4.9925,-1.0377,3.105,7.3237,1.6224,6.4768,-0.59461,-25.23,-11.419,21.626,11.763,-8.7516,-3.7022,-5.4994,-15.024,-5.2418,5.6088,3.5556,7.9686,10.309,-2.5033,0.62435,19.852,12.748,-4.3044,0.052861,0.21643,-3.1248,7.3423,0.6914,-16.574,-8.4915,0.95817,-1.9522,-0.85861,-5.3415,-6.9441,1.0103,-1.3009,2.7082,7.3369,-15.926,-16.171,13.994,3.7091,-15.189,3.6718,14.222,10.568,5.9951,-7.197,2.4039,14.445,-5.1243,2.769,23.708,-4.6405,-17,5.0072,-2.8781,-3.0689,15.844,-2.6618,-13.081,10.341,0.20176,-28.328,-20.989,3.5919,17.205,4.3312,-23.122,-15.704,13.411,9.4415,-4.1581,6.0623,8.1204,-6.0541,-7.522,-0.95895,2.7101,6.6669,3.7537,7.3388,21.66,8.7821,-5.1724,22.083,21.121,-13.234,5.2917,13.071,-38.764,-31.076,14.052,-13.455,-33.318,-1.6776,-3.1218,-16.298,-2.948,2.7503,14.514,25.38,-1.6861,-14.737,13.722,20.225,-3.7934,-9.9021,4.9216,11.688,4.4876,-1.9991,-5.4105,-5.9251,4.7314,15.112,14.521,9.4603,-2.4629,-8.1623,2.4197,1.2075,-5.2863,3.5808,-3.8975,-21.436,-14.979,-9.958,-9.5228,5.2624,4.0075,-10.808,-10.822,-13.426,-15.212,0.23613,11.488,11.246,3.8507,-3.9943,8.4505,18.589,7.2521,14.131,30.458,19.247,11.934,23.476,25.49,14.709,-5.3665,-19.501,-10.772,-9.4567,-26.595,-37.335,-47.57,-47.663,-26.788,-30.147,-44.611,-10.927,25.586,20.395,24.706,42.852,40.995,43.31,48.107,27.559,14.829,22.034,9.4675,-10.085,-9.2791,-12.277,-24.015,-23.884,-18.148,-15.638,-18.188,-23.288,-13.515,-3.8555,-20.658,-23.279,9.368,17.472,-3.5136,3.2141,19.482,5.4755,-3.612,13.872,18.568,4.5961,4.5899,10.433,5.5381,10.573,18.8,-0.23462,-21.143,-10.5,9.9095,16.385,5.2297,-16.835,-18.432,3.8542,7.5324,-11.607,-23.546,-20.994,-2.22,16.451,4.013,-14.599,-8.3765,-7.7093,-12.432,10.02,25.138,6.4391,-0.20238,17.315,22.921,8.7416,-9.1436,-11.935,-1.3596,-4.1853,-11.514,0.43404,8.7521,-0.1399,-8.4527,-8.1867,8.2198,21.845,3.6534,-8.0084,9.5585,12.625,3.2478,-1.0884,-16.708,-20.938,-9.5847,-13.498,-7.2862,1.8913,-20.1,-10.683,29.097,7.6258,-21.421,11.302,25.813,3.527,1.4061,1.5181,1.6889,22.998,21.911,-8.7364,-19.483,-11.095,-1.7043,8.9645,6.6801,-1.3001,4.9677,3.1371,-11.042,-5.5277,-0.5313,-20.285,-20.382,6.4583,10.876,-2.0616,-8.4528,-12.925,0.35748,21.018,8.008,-8.5741,6.1102,9.9962,-4.9821,0.95629,10.193,-3.7398,-6.1459,15.293,15.766,-6.9568,-12.008,-8.212,-7.785,12.016,19.983,-9.4741,-17.068,2.8388,1.0072,0.92526,12.175,-0.038163,-10.009,3.2968,7.7233,-3.4716,-14.747,-14.334,-7.0177,-14.586,-15.015,7.1478,8.0744,2.5861,24.197,20.255,-6.9112,2.9553,16.178,1.193,-3.7848,2.8473,3.8318,1.3888,-8.7976,-10.707,6.1948,10.284,-5.8514,-12.392,-4.2983,-1.7843,-9.3831,-10.172,1.2541,10.289,5.8159,-11.492,-16.889,8.6302,22.138,-2.8779,-12.838,8.6027,13.145,-3.0886,-8.2107,1.4216,10.37,9.1617,0.19612,-10.147,-10.604,1.4412,2.6239,-3.1818,8.6208,11.138,-1.881,5.6744,7.8488,-9.607,-6.7965,-3.94,-14.679,-6.1859,-1.8168,-4.5445,13.877,11.428,-8.4416,2.2608,4.4681,-8.3677,2.5727,1.2888,-12.849,-2.5261,2.196,1.6606,14.099,4.1014,-9.8106,4.0353,6.1554,-4.0097,0.99543,3.9034,5.6014,12.076,4.3607,-6.6157,-6.0182,-6.273,-5.5294,3.6229,6.1483,-8.3498,-17.337,-5.4584,-0.72034,-6.0123,5.301,8.068,-3.9789,8.4623,12.861,-10.798,-3.0553,14.233,-5.5038,-7.8309,13.205,5.5963,-6.2037,-1.4537,-2.8315,-0.80443,8.3496,8.2106,1.4743,-8.2654,-10.558,0.69592,0.68469,-7.9865,-2.0449,-1.4277,-10.676,0.31476,17.603,14.917,6.3191,0.6266,-4.6435,-1.0005,5.3593,-1.3249,-15.536,-17.031,0.89733,11.65,-3.5271,-12.138,1.0335,5.3151,3.1349,6.2701,-2.3588,-4.6057,8.3,-2.054,-15.172,3.2785,17.963,21.299,20.226,-7.5496,-21.389,2.4953,5.2244,-7.3012,-5.1103,-12.405,-8.6078,7.7025,-3.3086,0.49592,19.503,-8.5611,-25.023,4.6761,5.6143,-3.7353,13.29,9.8795,-7.1315,-12.927,-18.606,-7.314,9.1019,8.6343,15.321,13.363,-7.8127,-6.8659,3.8804,8.7096,23.225,12.904,-12.203,1.8608,11.44,-13.094,-18.31,-3.2444,4.2775,5.3091,-5.4669,-12.683,-3.5442,-4.7191,-17.977,-21.104,-7.9929,14.452,15.811,-8.8319,-15.593,-1.7559,3.9297,10.48,23.285,22.609,5.7919,-0.19423,19.856,25.388,-1.6281,-6.0711,8.989,-7.5158,-19.233,3.2206,12.792,1.4002,-10.981,-25.934,-27.582,-14.387,-10.638,-14.58,-16.572,-17.635,-15.161,-5.6858,11.216,20.5,19.492,31.313,36.086,16.322,16.379,23.818,1.9319,2.3849,23.81,4.7337,-18.36,-14.535,-16.919,-16.744,-16.485,-26.855,-12.959,-0.88556,-20.708,-15.375,5.5345,-3.3297,0.013058,10.265,-9.4398,-8.5541,14.649,8.1483,7.6653,33.194,31.799,7.4041,1.4747,6.9898,4.2233,-2.904,-5.3866,-4.082,0.31223,5.328,-6.0208,-24.934,-17.218,-1.0728,-7.9921,-11.155,0.88446,4.3817,5.7426,9.3654,1.8228,-6.7216,-10.367,-14.103,-6.0172,7.5226,6.462,2.2974,6.4559,8.7876,7.2574,4.2825,4.1098,13.478,14.137,-4.0055,-6.4643,9.3747,2.5322,-12.232,-1.8769,4.0492,-8.7257,-13.185,-11.651,-6.3967,6.8256,-1.945,-22.107,-6.915,15.12,7.0748,-0.18129,3.8288,2.8688,2.1778,-1.8366,-4.5132,11.486,21.602,4.5353,-11.346,-6.7093,6.0821,5.3594,-14.747,-20.289,2.8264,13.104,3.6054,5.9521,8.1449,-3.2526,-5.0307,-0.93232,-4.3953,4.5067,16.982,1.5593,-16.502,-11.82,-12.276,-13.357,8.4949,16.58,-2.8021,-3.99,8.9141,0.48585,-15.96,-17.745,-2.8862,16.472,18.5,12.826,18.241,13.332,-5.0012,-8.5759,-4.5582,-9.5129,-14.215,-11.75,0.41824,13.236,5.5657,-10.751,-6.4576,8.4361,5.0492,-10.112,-2.9944,20.062,11.68,-18.739,-16.886,5.1347,1.3171,-18.212,-18.239,6.1185,27.925,25.561,13.929,5.69,-7.6291,-13.329,-1.8371,3.4616,-3.9652,-9.5658,-11.188,-7.5562,0.14123,4.0301,6.8975,8.4095,1.453,-5.2515,-3.3043,0.098566,2.7538,6.2612,1.6973,-10.751,-8.1652,14.343,20.799,-3.0631,-18.169,-4.7928,8.1235,5.396,1.1807,-2.7816,-13.88,-18.606,-3.6096,12.838,10.957,-2.0698,-13.795,-12.366,9.0617,27.584,23.161,12.179,2.7154,-13.022,-18.228,-2.3792,6.6753,-4.6318,-11.893,-7.6402,-7.767,-2.9886,12.132,7.0327,-12.722,-7.6845,5.983,2.1527,3.4958,11.96,5.7459,-5.3242,-5.9496,3.6596,13.567,8.0342,-4.3419,-7.5538,-10.026,-11.029,-2.3047,7.7941,13.288,6.3627,-9.5076,-7.1611,4.1233,-0.93643,-2.6312,2.6897,-2.4992,-0.6222,7.0912,-2.5784,-12.884,-6.9467,5.8694,14.1,6.2879,-4.5528,-3.255,-7.4832,-8.8441,8.6073,10.505,-5.3629,-1.557,10.949,14.44,12.557,-3.6244,-15.337,-3.8667,-6.0401,-21.012,-2.3399,18.776,-3.7965,-19.425,2.8267,7.914,-7.0596,1.4236,4.3989,-12.838,0.51565,25.365,15.816,7.2277,9.2387,-5.6906,-8.8103,4.8641,1.6597,-0.93826,2.5252,-14.147,-24.296,-4.0994,11.319,1.6469,-9.472,-1.564,10.638,5.4392,-6.0568,-10.673,-9.1454,2.6024,8.2045,-2.4432,-5.7198,-5.1482,-2.059,22.092,21.911,-10.451,6.6422,39.162,8.3563,-14.103,5.5626,-4.3611,-22.517,-9.5886,-5.8804,-8.872,1.9848,1.8515,-5.3908,-6.8057,-15.848,-20.953,-9.349,3.8644,10.693,9.7852,4.6791,3.6202,2.186,8.2237,25.871,19.006,-8.2574,-3.9196,10.546,-7.9126,-18.238,4.601,21.011,20.873,12.649,-8.8748,-20.009,-4.5649,7.3036,-1.6929,-18.029,-27.366,-23.912,-18.9,-16.513,-3.8099,5.9374,-1.5845,-1.2279,15.942,23.392,9.5461,-3.9807,12.256,35.097,16.757,-4.1184,15.293,15.754,-12.312,-3.1845,15.197,-3.3931,-16.076,-5.9868,1.1475,1.5992,-11.281,-21.891,-4.2015,3.4209,-21.092,-31.733,-23.547,-21.884,-12.838,1.6803,3.8094,7.3261,13.996,12.79,19.172,31.584,28.856,22.304,22.547,17.539,14.505,19.233,16.273,6.2653,-8.2744,-29.416,-32.433,-17.084,-20.813,-33.038,-26.414,-24.182,-35.245,-35.099,-20.138,1.9756,20.53,24.1,24.566,28.213,26.646,25.919,21.981,13.268,22.748,29.903,0.71615,-22.494,-9.8954,-2.6063,-6.781,5.4183,15.109,-0.56324,-20.873,-26.997,-26.941,-24.709,-15.153,-8.5487,-9.991,-2.2892,6.2109,-3.9799,-3.5936,19.806,19.522,-3.4142,0.86921,18.175,11.48,3.2587,7.3998,-0.87496,-5.4132,21.095,34.767,6.2454,-9.2345,4.6733,-1.6886,-15.116,-1.982,-1.3418,-21.365,-17.131,-7.6635,-22.795,-28.463,-13.147,2.2603,13.936,8.4838,-3.9249,13.541,29.769,10.801,1.728,8.088,-5.1276,-7.7667,8.9148,0.35343,-12.078,8.5197,20.208,-0.65904,-3.7893,18.193,2.8334,-34.459,-16.525,12.843,-11.219,-20.198,3.914,4.401,15.236,25.957,-15.798,-25.464,10.425,-0.97006,-3.3777,22.213,-12.19,-30.324,11.599,6.6471,-8.2607,13.174,-1.725,-6.4993,26.302,10.759,-6.3169,13.071,-8.8882,-29.626,0.25839,11.045,3.885,12.798,14.633,5.1585,-14.808,-21.762,5.4427,5.1315,-16.652,1.7941,-2.059,-29.452,5.1951,23.692,-18.48,-7.8754,30.832,12.196,-5.2596,4.2553,-3.7256,-12.971,0.31289,13.995,-0.024573,-20.172,2.7133,28.514,2.7781,-15.176,2.4288,9.441,7.9952,-4.3823,-21.975,4.1369,24.362,-9.7386,-15.635,6.5146,-6.7926,-12.532,-10.634,-24.015,9.0971,37.559,-11.231,-24.484,20.486,11.698,-11.644,6.7998,14.428,16.067,17.706,-11.631,-21.393,6.2751,9.834,-1.291,-2.3148,-12.295,-10.176,9.0063,3.9565,-12.917,-10.754,-7.2641,-9.7191,0.21302,11.343,2.0108,-1.5387,21.153,22.351,-5.5186,-0.97059,16.729,-3.9347,-21.523,-14.133,-16.258,-15.604,3.8839,19.598,13.955,-10.776,-14.934,14.334,17.357,0.065095,17.012,23.928,-7.2515,-16.462,-0.83484,-0.66702,-11.449,-10.777,8.0309,6.4097,-31.53,-29.43,19.548,22.52,-9.3057,-12.968,-7.5537,-4.3028,7.7186,11.707,9.6077,11.059,10.618,10.412,7.3855,4.0414,4.5158,-4.2304,-7.8434,0.099365,-11.962,-17.533,7.2801,4.5294,-16.326,-0.26825,10.92,-3.6745,-4.0374,-5.2105,-14.208,-4.9099,3.2156,1.1244,3.4723,0.13912,1.9956,14.989,12.249,8.9715,14.419,-3.4864,-17.577,-1.8602,-0.76545,-6.9838,10.723,12.372,-7.1595,-10.329,-9.0597,-3.9475,11.193,0.13677,-17.093,0.56995,8.4331,-3.8823,7.5981,10.671,-12.903,-10.112,8.6142,5.7825,1.8332,-0.86299,-11.66,-6.4907,10.42,12.504,3.3437,-3.3803,-0.99813,3.31,-2.2291,-3.4726,4.2662,-0.025566,-9.7928,-10.36,-8.7493,-4.7094,-3.8393,-7.8795,5.8467,20.422,8.7481,7.7529,23.464,16.169,8.4325,13.843,-2.9602,-18.652,-12.471,-16.929,-11.787,8.3942,-11.826,-36.273,-14.7,-6.0856,-15.111,3.0516,9.7291,1.8545,13.949,10.141,4.0007,28.861,20.194,-8.3906,15.067,22.658,-10.449,4.5837,28.44,-2.6789,-15.508,5.9184,-1.4503,-18.215,-12.658,-8.6779,-12.162,-15.193,-20.959,-16.084,2.7901,4.7554,-14.104,-17.642,-5.0583,-3.2798,-4.4479,4.7105,15.819,22.178,18.596,13.22,15.045,12.6,21.893,43.472,25.341,-0.60845,18.434,11.958,-24.443,-13.936,-8.3715,-34.364,-23.983,-18.817,-49.506,-48.936,-35.986,-39.947,-23.807,-4.3674,9.5131,36.396,43.364,37.128,44.902,38.966,34.787,48.02,28.485,-9.197,-9.8485,2.2818,-12.332,-31.324,-15.546,1.4033,-28.606,-39.281,1.8195,4.3677,-18.347,-2.5893,-6.134,-30.084,-16.272,-4.3107,-4.7501,13.899,17.036,2.8407,7.7244,22.049,24.396,4.5358,-6.1053,20.916,25.666,-0.61703,1.1833,-4.945,-24.641,-1.9901,5.8964,-18.295,2.6339,26.099,3.1864,-7.092,4.6943,7.2392,-5.7346,-23.926,-9.0687,11.056,-18.103,-34.043,-13.979,-24.856,-28.167,14.303,31.288,16.235,18.903,27.031,21.506,9.9807,-3.6517,-14.615,-7.7631,14.513,7.5517,-25.126,-10.099,29.41,16.615,-5.851,6.7718,14.968,9.2489,-0.060917,-15.656,-23.641,-25.681,-27.699,-23.085,-15.115,2.9938,14.037,-6.1922,-6.8288,19.998,8.7892,-8.4589,9.9986,16.769,12.512,11.195,-7.449,-4.6521,23.282,18.268,4.2702,11.662,8.2364,1.0387,7.8083,5.1057,-18.176,-37.201,-18.604,9.357,-7.2494,-27.703,-16.708,-17.929,-13.691,14.296,4.6939,-19.883,1.7372,24.213,16.939,8.7612,4.0279,8.2724,21.489,22.441,13.708,4.6299,5.7516,20.003,5.9823,-28.219,-18.115,2.2827,-19.198,-29.673,-11.502,-6.0388,-4.5592,-3.5747,-12.674,-1.2952,20.816,16.141,7.048,1.45,-19.285,-19.517,6.2127,5.2153,-2.8601,20.79,28.855,3.3072,-3.7282,6.7628,2.5445,2.903,15.819,7.4366,-15.541,-12.815,3.358,-0.9228,-8.9933,-2.6485,-0.098222,-5.1576,-11.797,-26.306,-35.3,-21.871,4.0004,23.994,25.122,18.594,20.706,13.438,1.7725,8.8868,5.215,-7.2012,0.19976,-18.202,-38.861,12.232,35.745,-21.088,-17.17,33.939,13.863,-6.73,18.098,9.5989,-14.23,-11.825,-13.563,-15.356,-8.1591,-6.6684,-4.493,-11.27,-20.086,3.1226,22.307,6.0485,0.91613,8.3013,0.17398,0.90153,6.3388,-1.475,5.5144,18.424,15.949,25.432,29.857,1.6238,-17.068,-22.974,-37.461,-24.557,-0.67084,-2.3122,7.5308,9.9425,-17.299,-3.1109,15.942,-24.135,-24.152,13.499,-9.5878,-13.171,27.69,10.555,-4.0665,31.673,30.142,16.027,18.324,-16.594,-30.605,5.9418,7.2722,-9.7115,-1.2007,-3.9497,-10.802,-8.9346,-12.438,1.4295,15.119,-2.7121,-11.489,-3.7367,-7.7337,-2.8555,10.355,5.7714,-0.93302,3.2646,6.2048,1.8907,-8.1396,-14.052,-9.1442,2.6215,15.853,17.557,6.8347,2.9953,7.0116,8.1965,3.6919,-7.3002,-8.1848,7.9093,12.322,-1.8116,-13.688,-18.159,-12.928,-1.9704,-1.6494,-8.3045,-8.4072,-1.6129,2.4273,-6.3423,-9.2273,11.879,22.073,2.2308,-9.5523,1.0692,12.272,16.263,16.514,13.594,5.7843,-2.677,-8.7892,-20.666,-21.876,0.27155,1.7282,-16.874,0.27071,19.727,-0.10842,-5.9266,10.812,10.242,3.9537,-4.8575,-14.68,-2.438,0.79645,-18.078,-13.652,0.0497,1.3397,13.464,13.923,1.4028,14.85,13.037,-16.644,-5.6507,16.757,-1.1317,-3.2888,16.132,0.64528,-19.85,-5.6462,4.3135,-13.501,-22.217,-2.5692,11.428,6.6674,9.116,8.4171,-3.9237,6.5291,19.972,-2.2177,-20.422,-12.972,-7.7974,-2.3427,4.663,6.5156,11.171,4.6795,-7.0171,-5.1247,-19.239,-27.251,17.004,37.23,-1.8117,-5.8678,22.638,12.257,-8.68,-8.3381,-6.8953,-3.9272,5.0104,11.533,5.8184,-16.226,-24.475,-0.017551,18.226,6.8904,-6.8231,-5.9378,-5.9879,-14.528,-10.986,4.5888,4.0795,-1.6765,9.4428,17.97,13.771,2.8408,-12.486,-9.4945,8.8913,8.1132,-1.5135,0.7426,3.1885,1.1619,-5.6056,-10.879,-3.6245,1.8467,6.6026,15.894,-0.84997,-20.078,1.6826,12.849,-11.624,-18.372,-6.6408,1.0834,8.7903,4.9644,-3.0532,-0.76228,-1.9819,-0.1244,5.2627,-1.1129,7.0521,25.32,7.474,-18.844,-10.489,3.2012,-1.0239,-3.0497,7.9266,10.761,-7.2394,-12.61,5.2801,4.6667,-9.0276,-1.9464,3.4898,-5.9019,-1.0029,13.611,5.4941,-14.453,-6.6558,10.881,-4.4305,-16.072,2.0193,-0.42431,-11.403,6.038,11.476,9.5373,24.709,8.3081,-17.201,1.4217,5.8484,-15.518,-7.3385,-1.454,-13.029,0.24971,11.188,-5.9359,-9.9446,9.1651,16.737,0.35071,-6.6335,14.646,15.032,-15.3,-11.315,14.586,5.0553,-11.778,-8.8226,-10.199,-13.343,-6.8323,0.65662,4.8043,4.6704,8.0012,16.497,13.193,5.0783,0.77528,-17.284,-25.665,0.60411,12.004,-6.6132,-6.6396,2.957,1.7818,14.401,14.412,-15.113,-2.5681,38.907,13.157,-33.864,-12.893,17.184,1.1306,-10.983,1.1686,4.4614,-10.17,-19.991,-5.3547,10.656,1.0574,-4.0867,9.9685,3.906,-20.948,-21.428,1.4638,10.268,-2.8525,-5.7038,10.314,14.099,6.2557,10.595,18.431,18.705,10.588,-3.3389,-2.5141,6.0908,-2.1411,-10.811,-15.352,-21.154,-5.7897,6.418,-0.65252,18.514,27.433,-12.97,-21.618,-1.8965,-26.687,-46.989,-34.694,-31.916,-23.628,-9.0143,7.5318,50.812,67.943,46.441,57.592,55.817,9.7728,4.9605,13.685,-15.935,-21.78,-14.376,-26.857,-16.756,-10.074,-27.891,-20.226,-14.125,-31.815,-23.092,-12.048,-32.917,-37.414,-14.96,-2.1352,6.5972,34.04,61.454,55.353,40.571,47.411,38.559,11.198,3.4555,-4.8364,-14.025,-0.72774,-2.8893,-18.284,-11.256,-15.258,-32.137,-27.567,-19.74,-15.277,-19.062,-40.616,-29.129,7.7355,5.141,1.3986,22.214,19.661,13.899,24.413,22.831,21.21,19.837,11.297,17.987,16.92,3.3992,13.294,6.677,-29.89,-33.485,-21.018,-26.371,-18.32,-5.0957,-6.4583,-3.6234,1.2589,4.0212,11.291,12.451,6.6932,5.568,12.454,9.1828,-20.817,-30.934,0.51544,5.5602,-9.4586,4.5316,-3.437,-26.851,-0.09999,23.657,19.657,39.913,43.702,16.382,20.956,24.77,-10.222,-34.965,-41.136,-47.374,-46.654,-42.725,-23.437,7.8486,9.5339,3.6422,29.252,45.499,33.732,28.244,26.308,15.853,4.8075,-11.455,-28.919,-34.416,-28.732,-10.15,6.0058,-4.0585,-10.678,7.3941,6.2897,-14.334,-6.6801,14.495,15.798,5.4987,-1.4881,10.77,23.644,-0.52292,-14.88,9.8498,3.5062,-15.096,12.461,12.206,-21.698,2.0009,25.94,-11.328,-28.547,-12.172,-9.2614,-3.8893,-1.9332,-9.2262,3.9631,9.6525,-9.8206,-10.39,3.1122,4.5654,3.9377,4.0439,17.48,37.961,19.665,-6.3466,11.352,16.696,-11.409,-13.346,-5.313,-19.841,-22.759,-14.499,-12.05,2.6263,11.33,-1.2246,-0.30036,6.4751,-7.9509,-15.647,-6.2693,-0.86437,5.7986,10.063,5.0211,15.825,32.988,18.806,-3.9674,-3.1651,-4.5263,-18.685,-15.53,0.17971,-1.0383,-6.5079,3.7304,8.8474,0.94423,3.238,5.8521,-13.69,-26.004,-7.1302,5.0445,-5.4997,2.3286,22.423,8.6542,-9.924,4.3254,9.414,1.2952,20.107,27.525,-2.0736,-16.591,-14.793,-25.498,-30.025,-22.954,-7.7452,15.88,17.08,4.6988,16.402,24.955,13.847,9.7853,4.0369,-6.9906,-9.6323,-15.868,-15.675,0.15324,5.1839,5.8934,9.9101,-4.105,-12.904,-0.92208,-0.0047173,-2.2797,3.1885,-8.032,-15.437,1.9051,6.9077,-2.7789,7.0869,16.81,-1.4067,-14.597,-1.5502,2.2626,-5.3083,11.434,25.647,3.3454,-8.0187,14.758,18.245,-7.9056,-15.796,-5.0765,-11.621,-16.518,5.2752,7.422,-20.201,-16.31,6.3122,3.0254,0.75242,4.1481,2.8019,15.539,4.9697,-28.397,-4.9841,31.201,5.6453,-15.737,-7.3324,-5.4891,16.362,36.755,8.3367,-16.361,-5.1058,0.68684,-9.477,-11.962,6.2581,20.068,1.2164,-15.394,-6.6348,-3.0689,-2.5765,0.92926,-9.0418,-11.13,0.97944,-1.2061,-6.9531,-0.048937,4.6342,-3.714,-15.89,-3.247,27.021,26.086,4.0953,0.79152,7.5516,11.741,4.6636,-8.7165,1.6817,8.49,-10.848,-3.9499,9.4451,-15.376,-20.461,-2.1946,-10.095,-7.2925,12.061,8.4165,3.52,-0.59796,-14.914,-6.8996,8.7447,3.4427,-1.4703,-6.0803,-13.994,-7.0314,6.2186,13.411,9.2606,-3.4385,1.1713,13.151,13.52,22.267,16.077,-14.341,-7.6257,11.224,-10.669,-13.427,13.095,5.2939,-15.767,-14.656,-7.493,-1.8392,-3.0527,-8.0375,-9.5259,-16.22,-9.999,5.8002,-6.1733,-4.788,28.121,11.583,-24.547,8.776,41.998,15.119,0.31104,11.585,-0.61028,-16.895,-6.5655,6.2229,0.90139,-6.1296,-0.40908,6.5517,4.8003,0.95388,-1.2596,-3.5817,-3.314,2.0051,3.4509,-10.483,-26.117,-22.477,-6.2856,11.583,20.733,5.0296,-13.848,-13.437,-18.196,-19.691,5.432,15.071,1.6029,10.278,15.892,-2.1798,12.292,50.402,39.87,-1.1293,-6.9279,8.136,0.34642,-9.7028,3.9209,11.377,0.070025,-7.6087,-15.405,-24.999,-28.752,-43.831,-54.385,-32.45,-17.137,-22.896,-8.1003,13.078,14.618,22.055,36.348,44.681,60.825,66.804,37.268,9.6409,16.579,18.557,-11.136,-28.218,-19.054,-26.419,-36.968,-19.454,-10.569,-23.824,-32.043,-36.97,-29.039,-8.3182,-4.1761,9.6451,33.843,8.794,-16.756,11.926,21.43,11.79,34.346,29.668,0.23709,16.011,25.787,1.586,6.2843,14.138,-12.848,-22.158,-4.4297,-0.29039,-8.0779,-16.297,-26.46,-31.408,-21.993,-0.84852,9.0207,-0.59325,0.20976,12.08,4.8821,-3.6364,5.9758,5.8105,3.4814,22.785,24.862,1.8031,-2.5246,-11.957,-37.891,-17.052,18.789,-1.3986,-14.827,15.176,23.327,12.804,13.986,8.6135,5.9875,8.2253,0.24877,2.2939,0.59902,-22.001,-24.691,-14.599,-18.305,-11.691,-7.9065,-11.067,7.2764,3.5189,-16.947,15.113,33.805,-6.8985,-11.079,16.962,10.766,3.9573,4.8335,-0.59353,16.25,25.328,1.3518,-8.0657,-3.6279,-8.4613,-2.5751,2.8454,-11.07,-19.601,-9.876,-0.51394,-7.65,-12.148,6.1792,9.1656,-5.4426,16.681,26.63,-21.542,-27.023,18.159,6.2792,-20.968,-2.0107,-1.9034,-8.6796,25.111,30.384,-4.9635,-10.556,-1.8066,0.47142,18.5,17.683,-7.8196,-1.1975,14.234,-6.3335,-22.184,-13.637,-11.083,-10.921,-2.8654,1.6353,1.1787,-1.5063,-1.6293,7.9939,12.827,0.31656,-7.9689,4.3686,12.831,-2.718,-13.182,1.9902,10.078,1.1143,2.4389,4.6866,-3.4258,-2.9129,-2.6747,-6.8145,7.2984,11.36,-17.507,-20.579,18.188,28.115,-4.1715,-17.786,2.7794,17.068,6.1629,-12.21
-2.3696,-0.59934,0.5537,1.6228,5.2588,7.4835,6.3356,6.5469,4.3026,-2.7407,-4.2002,-2.6534,-6.2596,-4.0659,4.1534,3.431,-0.99042,-0.67164,-1.0745,-1.9093,-2.3802,-3.4724,-1.15,-0.29817,-2.5473,0.56012,0.97246,-5.0125,-1.1109,6.549,3.202,1.2393,4.369,0.45687,-3.3315,1.995,7.0358,5.4128,1.834,-0.65573,-3.8028,-5.2861,-1.5713,0.19884,-3.5342,-3.8765,-0.96328,1.0417,4.1738,1.3689,-5.7591,-2.2653,1.423,-4.762,-1.3945,7.2232,0.61138,-4.5741,2.2214,2.0475,-1.3259,4.3767,6.3995,0.69021,-0.94682,0.18604,-1.8853,-2.2412,3.2476,6.6956,1.2635,-3.2851,-0.78353,-2.1483,-7.0546,-6.5099,-6.1995,-5.0737,2.9783,4.807,0.71604,7.5465,12.023,-0.09345,-8.1374,-1.8318,5.0097,5.8018,0.55934,-6.4496,-6.8496,-3.2238,-2.5661,-3.0069,0.75557,7.8244,7.0715,-2.8439,-4.6769,2.1373,3.4018,3.4699,5.9532,3.8901,0.9796,-2.0255,-7.697,-7.8782,-5.2474,-6.5104,-4.0273,-0.094135,-0.77648,1.5365,5.9009,7.968,9.718,4.9051,-2.7863,-1.1803,1.6925,0.87576,2.6992,0.38561,-5.5581,-4.6971,-2.7009,-3.6758,-2.7571,-1.6081,-0.70699,-0.63586,-2.2867,-1.2588,-2.1957,-3.9206,6.0857,12.805,4.9242,6.8245,13.064,0.93823,-6.4604,-0.68158,-7.4655,-14.368,-4.1382,0.9315,-4.1553,-2.4162,1.1996,-2.2947,-2.916,8.5496,17.935,6.6356,-8.2826,-3.7168,2.5319,-2.4281,-1.7637,2.5479,0.10309,-1.329,-2.8332,-6.805,-3.7906,0.54176,-2.3792,-3.7735,1.9562,10.38,10.306,-1.7791,-3.3936,9.7024,8.2291,-3.686,-3.1367,-2.1945,-5.9019,-1.9788,0.28421,-4.5522,-6.706,-4.355,2.6182,6.4464,-0.52378,-2.607,2.4954,-1.5703,-4.7834,3.3251,9.5012,6.5612,-3.7915,-9.6425,-0.42804,4.598,-0.44872,3.8921,5.8242,-0.69781,6.1039,9.4015,-6.1633,-11.099,-4.7315,-5.1246,-2.0984,0.3395,-5.6012,-4.1721,2.5598,4.7329,6.8769,3.6255,-2.4133,1.6362,4.9426,0.15242,-1.1111,-0.0091831,-2.3585,-5.2123,-4.1335,3.5754,5.4623,-4.6797,-3.8706,7.4538,3.197,-4.885,0.054332,1.0759,-2.948,0.30112,2.2713,0.56493,2.5188,3.3969,0.74466,-2.0673,-3.4921,-0.25547,3.5635,1.7874,-1.3902,-4.3458,-5.247,0.25023,1.1808,-5.936,-4.6914,2.923,5.9066,7.6924,3.5777,-5.9469,-5.4968,-1.1818,-1.8328,0.85482,0.30484,-3.1261,7.231,15.501,5.7991,-1.1177,-1.0497,-4.1723,-0.93611,5.4547,-0.14201,-10.786,-12.462,-4.5732,2.1228,1.79,2.0701,0.49676,-6.6338,-2.5525,8.8661,4.0425,-8.0276,-8.5393,1.7078,13.371,9.0043,-4.7972,-0.035888,8.9241,1.4475,-2.2979,-0.018111,-2.6956,0.99544,4.8247,0.059858,0.16266,0.27228,-4.0123,-2.3756,-5.6835,-11.59,-1.9225,4.4879,-1.5613,1.7922,6.5527,0.18755,-4.0394,-3.982,-0.91094,3.6743,-2.8399,-6.9656,5.6959,8.3897,-0.83395,7.4532,16.536,1.7694,-10.406,-1.3014,6.9577,0.97224,-6.803,-7.2712,-4.5341,-0.12375,6.608,6.0602,-4.6798,-10.052,-5.8593,-3.88,-1.9996,3.8442,1.1525,-7.6393,-3.8139,4.1701,0.33705,0.75843,11.052,8.9205,1.3148,6.6554,5.9688,-4.5026,0.016452,6.4872,-1.1374,1.3087,7.7285,-8.3853,-18.95,-2.6284,6.3585,-4.1535,-11.88,-10.802,-3.3262,3.9744,-0.37534,-4.8004,4.9428,14.345,11.143,4.5434,3.7279,4.5648,-0.78021,-2.537,7.0168,4.6413,-12.057,-9.5491,3.0029,-4.5143,-11.398,-2.3197,1.7127,1.8591,5.8925,2.1267,-3.6997,0.28637,6.2687,7.7061,2.8857,-4.0293,-1.0808,3.285,-3.2035,-6.6043,-4.8732,-8.1334,-4.602,2.1189,-3.2054,0.70546,16.744,10.517,-5.4504,-0.16334,7.9532,5.6641,1.2153,-9.572,-11.085,8.3256,12.498,-6.3779,-11.42,-4.1358,-3.3999,-2.3942,-1.6156,-2.6286,1.922,3.1783,-1.0544,1.4333,6.2934,9.1339,9.8156,-2.8999,-16.316,-6.4955,6.7799,1.0317,-5.077,1.6863,8.6429,6.5135,-0.71018,-2.6388,1.8328,1.4509,-4.2169,-6.3702,-6.169,-4.1962,4.0209,10.761,4.4474,-7.3239,-7.8372,-0.39535,-1.2796,-5.2834,2.2883,9.2363,2.9949,0.19802,5.8993,2.1395,-7.2715,-5.6968,2.1263,6.3036,5.0199,-0.87506,-4.3142,-3.3592,-2.8107,0.81821,3.9664,-1.0949,-3.0561,-0.99819,-5.262,0.31015,14.302,5.2371,-11.409,-3.8466,7.1943,3.9184,-1.7067,-8.2399,-12.115,-4.6258,5.7526,8.7786,2.7697,-2.0652,7.2122,11.053,-5.8235,-10.604,5.2136,5.864,-6.9501,-5.6237,3.4882,2.0287,-4.8132,-0.21955,10.324,5.9716,-4.4316,-4.0814,-5.237,-7.5522,1.926,6.4742,-2.506,-4.7528,2.916,5.1126,-2.1497,-6.2409,1.2028,6.0816,2.9554,2.3122,-3.9746,-9.6483,4.7462,10.108,-4.6611,0.60276,9.943,-3.7464,-2.214,8.348,-9.6773,-19.314,-0.52035,7.2912,2.9371,2.963,1.5093,3.0998,6.9292,6.3358,7.1073,-0.063745,-16.143,-15.158,-2.7066,-3.5304,-7.9221,-0.055454,12.798,11.837,-5.1133,-6.5216,11.993,8.9912,-6.446,4.2303,11.877,-6.2947,-12.309,-4.0754,-6.2072,0.037363,14.741,5.082,-11.427,-3.8246,3.0898,-5.4866,-2.0151,10.622,6.8184,-0.4452,4.6262,5.2119,-3.9087,-9.1597,-8.7274,-4.8906,-1.5828,-6.8685,-12.035,-5.3762,4.4316,10.309,14.356,15.13,11.1,-0.8889,-12.383,-2.3958,13.592,5.9876,-3.6327,2.1816,-0.58095,-8.7711,-6.3037,-5.5796,-5.952,-4.7761,-13.057,-11.166,6.7747,5.4991,-4.4589,7.9538,17.248,8.6197,5.7884,5.0097,-5.6789,-10.366,-1.817,1.917,-8.4478,-10.723,6.9222,12.998,-0.11688,1.85,10.91,-0.079643,-7.9312,3.5826,10.796,4.0611,-6.3179,-12.015,-12.144,-12.825,-9.7391,0.20067,2.2354,-2.7116,-1.9614,0.50233,7.5588,18.54,12.889,1.0306,5.8556,6.3187,-6.5003,-5.1133,5.1161,2.2122,-1.6572,-0.197,-8.4638,-15.917,-3.2444,8.2659,-4.266,-13.499,3.3465,15.534,3.2696,-5.996,0.8025,5.1444,1.4912,-1.673,-3.371,-4.6776,-4.5845,-2.7448,1.8347,5.8076,4.2248,1.6841,1.5983,-1.7195,-3.5412,4.6962,10.862,6.212,3.472,3.9364,-1.6235,-5.41,-2.8901,-4.2961,-8.7366,-9.7678,-11.085,-10.932,-2.684,6.3228,6.7283,5.173,6.9833,4.0659,-1.98,1.3004,8.8749,7.8096,1.0379,-4.8387,-6.4633,-0.39781,6.2715,5.791,3.323,0.20448,-7.1865,-11.727,-6.5242,2.0202,5.6411,5.792,4.3754,-2.226,-6.5284,-1.5685,-4.2831,-13.653,-3.434,9.7989,-0.081999,-5.86,3.0905,1.3963,-2.2794,4.4184,8.2902,12.154,14.633,6.0751,3.8846,6.6696,-7.6263,-18.094,-9.433,-8.24,-12.582,-3.6092,2.8014,-1.7964,-1.6233,3.9234,7.058,10.186,10.531,0.04612,-10.325,-2.935,7.4533,1.0083,-3.9995,1.3698,-3.6544,-10.849,-0.84699,9.9523,7.5571,-0.26948,-4.8462,0.60146,5.1197,-4.22,-7.9755,2.9021,7.9139,3.7113,-3.4587,-9.726,-3.2823,3.479,-4.2479,-1.6054,13.607,10.485,-2.0395,-2.1257,0.10468,-2.982,-5.3317,-1.6832,4.1189,-1.0485,-8.5976,-2.6384,-0.3157,-6.6408,-0.62638,7.6745,3.4111,1.1583,3.3856,1.8687,2.2768,5.6244,3.2487,-6.6347,-10.025,0.51655,3.7185,-2.3608,7.0592,15.002,2.2531,-4.7043,-5.0163,-11.224,-4.6023,4.9158,0.017281,-1.3856,-5.3249,-14.925,-4.487,6.5596,1.8893,10.457,16.83,1.6438,-1.9586,1.1576,-9.9853,-8.7217,4.4072,3.1761,-2.2258,-3.0353,-4.8412,-4.5967,-1.2048,11.563,26.411,13.23,-12.079,-7.851,5.1702,-1.9768,-6.9172,-2.4986,-5.8275,-8.981,-7.1451,-7.4562,2.6305,14.075,-2.034,-16.11,1.5409,7.6177,-5.9289,4.6246,18.233,3.5355,-8.623,-4.9909,1.1941,8.166,6.3858,3.2508,11.011,5.4618,-9.6153,-5.6763,-2.4715,-6.972,7.4103,20.471,3.4706,-21.919,-26.988,-11.484,-1.015,-7.4806,-6.3233,4.6216,3.9738,2.3783,7.4097,6.8914,9.3753,17.282,13.09,0.36317,-3.0536,4.6277,7.6917,-3.1879,-12.427,-10.029,-6.9856,-6.0273,-4.179,-1.4488,3.5117,3.1406,-2.9734,-4.1254,-2.3609,2.3473,7.3612,0.076639,-3.2856,6.7654,4.1798,-5.6575,-5.3195,-3.1506,5.5802,9.2161,-5.3848,-2.0539,10.4,-3.4185,-3.613,10.799,-3.8103,-8.3482,8.5911,-0.39858,-8.4526,3.228,-2.1571,-9.6571,0.378,7.6864,7.0324,-2.0264,-8.2335,0.91575,-0.30932,-6.9639,7.7367,12.412,-2.4919,-2.3729,4.0074,1.9102,-0.70443,-5.4733,-5.1126,-2.2156,-7.6646,-1.3074,10.594,-1.5449,-12.25,-0.72538,4.0602,-3.5338,0.1829,16.8,20.369,2.0679,-5.7027,4.9754,3.4166,-6.7619,-9.6117,-9.6981,-3.0286,0.56513,-3.9798,6.6181,10.824,-12.406,-15.902,1.4142,-2.479,-4.9879,7.3212,5.078,-0.60165,7.7018,10.597,0.15584,-5.5519,5.495,13.736,0.61791,-9.7003,-3.7677,-2.0412,-2.8966,0.0011601,-2.7409,-1.9074,5.6855,3.13,-5.0214,-2.035,7.8765,6.7539,-5.0929,-7.1322,-3.7929,-8.4712,-5.1259,0.53035,-6.7139,-0.54134,12.756,1.876,-5.338,3.368,1.1933,3.0597,14.748,11.842,4.9723,2.6233,-2.782,-0.83181,0.11706,-9.9773,-11.2,-4.4969,-2.113,0.63658,-1.5901,-5.0525,-0.5887,-5.2026,-12.912,0.54751,13.153,3.572,-6.0417,-2.2808,6.7005,14.146,14.753,11.275,8.484,-1.6675,-17.439,-17.258,-2.5935,-0.89171,-7.4527,1.2053,9.6048,3.0887,1.7629,5.7323,1.6949,1.2689,2.5423,-7.5235,-12.606,-6.2574,-9.1315,-15.501,-4.2338,9.3013,4.6735,2.5125,17.826,25.806,16.969,8.3355,2.8132,1.0888,0.60241,-14.69,-31.812,-27.954,-16.612,-8.085,-2.0199,-1.649,12.049,31.917,18.83,-1.5713,8.1449,14.053,2.1266,-0.61422,0.7801,-4.6056,-10.961,-15.438,-11.835,-5.6938,-5.8161,0.15878,6.7995,-1.7803,-5.1119,8.4199,14.771,8.433,6.216,7.4896,0.18912,-9.2068,-7.8542,-6.6878,-12.106,-7.5151,1.8026,1.1658,1.5687,3.548,3.078,13.143,18.948,3.942,-4.2605,1.5688,-3.2951,-13.156,-11.29,-1.8483,4.5003,-1.0607,-8.9446,-1.3024,8.5267,1.0005,-8.5028,-0.87099,9.6831,2.4498,-7.69,0.89664,7.9631,-3.621,-8.5598,1.8386,6.6567,5.0531,4.5303,1.8239,0.33706,1.8479,0.83008,-0.44827,1.2984,2.6111,1.3844,-0.55869,-1.2294,-3.3603,-8.654,-10.506,-7.4449,-4.648,0.62048,6.8056,2.852,-7.5231,-9.1285,0.21079,10.091,11.167,5.2435,1.7591,1.5333,1.254,5.8463,13.853,13.281,3.3576,-5.456,-9.0884,-11.754,-15.958,-13.488,0.59304,7.029,-6.3264,-13.782,0.30699,13.608,13.526,8.9499,2.6807,-4.0779,-8.4341,-8.879,-0.96515,5.9178,-0.097716,-1.9333,7.226,4.6144,-5.5197,-3.5239,1.9944,5.4186,8.2815,1.8352,-2.5085,4.0833,0.48027,-7.3779,0.42032,4.1213,-2.768,-3.3624,-6.2656,-6.6001,7.3436,4.709,-14.968,-12.89,-2.9742,-3.4448,5.8567,13.384,7.549,8.745,7.1155,-2.7891,0.69182,0.52498,-11.701,-5.812,6.1673,4.3324,6.3781,6.2662,-3.7303,-4.3937,-1.1239,-0.1858,5.8561,-0.96662,-17.49,-14.623,-4.3754,-1.3427,7.0875,13.514,9.7811,6.4098,3.2118,-0.57485,-3.5327,-11.597,-14.807,-1.8417,10.902,7.1484,-3.0923,-2.0792,4.9253,1.6947,-0.24958,9.1189,7.7719,-4.6809,-5.8182,-3.0652,-6.2813,-4.6576,2.6594,7.8665,6.1876,0.15288,-0.84048,-2.8622,-10.155,-6.5992,1.1519,-3.1109,-3.5828,3.9518,3.4047,1.1926,5.3673,8.1606,5.1761,-1.8527,-4.2158,-1.2228,-2.6014,0.42106,7.8664,-0.18938,-7.3907,3.0037,2.4649,-9.1834,-5.3161,-0.4808,-5.3913,-0.078343,11.298,9.2664,-2.0928,-6.7695,-0.025603,7.1803,7.5758,5.5194,-0.78205,-9.8558,-9.2998,-3.0808,-3.5221,-4.1748,0.55974,1.5003,-1.7847,0.55972,5.2062,3.5229,1.5174,1.848,-1.6647,-1.2377,5.2698,5.0931,4.9873,8.4017,-0.94202,-8.8103,1.9662,4.4016,-10.243,-14.09,-2.9553,5.2633,1.4482,-6.971,-6.2791,-2.0723,-1.166,5.2261,9.2582,5.235,6.0469,2.3125,-8.2565,-3.5031,3.6252,-1.2755,1.8927,7.6244,3.6843,2.8028,-0.38894,-5.6467,1.0996,1.9489,-5.895,-1.6705,-1.6787,-10.305,-4.5435,1.0367,-3.2835,0.78826,3.6826,-0.47974,2.4055,2.8021,0.63379,9.6296,10.181,-4.6935,-6.8495,2.2386,1.3774,-2.9212,-0.28582,2.4168,0.1593,-2.6387,-2.3018,-0.69253,0.64765,1.5308,-0.80089,-5.616,-5.9111,0.88046,5.7405,-0.12517,-6.3355,1.0055,9.4762,4.6287,-1.6664,-0.36807,1.3797,2.611,4.5021,1.0949,-6.8323,-8.6751,-1.717,2.289,-0.47113,0.49266,2.3506,-3.0808,-5.5776,-2.0703,-1.7101,-0.57136,2.3718,3.5537,11.694,20.17,12.16,-2.9088,-14.054,-21.233,-15.161,-2.2909,-1.36,-2.1198,7.0004,11.948,9.4698,9.1287,6.6276,-0.67775,-2.3989,1.5099,-2.1247,-13.896,-20.764,-17.627,-7.9085,2.7111,7.1815,9.4604,15.9,17.115,11.815,11.379,7.7082,-7.8256,-18.377,-12.654,-0.32272,5.8229,1.6276,-3.4031,-2.7149,-3.1716,-3.9625,-1.2928,-1.7908,-4.4171,-5.1624,-5.9794,1.1528,13.598,9.2724,-5.3673,-3.5105,8.4607,8.7852,0.10502,-4.1682,-2.3261,0.64519,2.3343,0.76084,-0.73689,5.2742,6.5027,-7.8944,-10.072,8.1115,7.9882,-7.7432,-4.8424,0.73481,-7.2471,-7.5449,-1.4309,-0.82465,1.8943,2.6245,-2.1393,-1.2818,1.9818,2.6294,3.9208,1.7996,0.79132,4.8904,2.4669,-0.64916,4.6887,4.3704,0.2935,2.7044,-0.094658,-5.742,-3.4129,-3.678,-6.0022,-1.1387,1.3477,-2.5795,-4.9566,-0.87396,6.4547,1.1079,-9.7391,0.91773,11.198,-3.0973,-6.2997,7.7787,5.1188,-0.13247,7.6694,4.9259,-4.5694,-3.0612,-2.3722,-6.6547,-3.9827,-0.21328,-7.3517,-12.197,2.066,15.957,11.956,9.8196,9.8229,-3.221,-8.3971,-1.4333,-3.4,-1.3299,6.5135,-0.44497,-7.4974,-9.332,-16.467,-5.5482,14.968,7.1117,-5.2908,2.1186,3.5454,-1.2152,3.7445,6.4164,0.72244,-4.67,-4.0197,1.119,0.38847,-5.493,-5.044,2.4937,11.609,10.534,-2.0976,-1.6791,9.1688,4.8043,0.4518,4.8981,-4.8066,-13.724,-5.1837,-4.9088,-10.474,-1.7536,1.2503,-10.12,-10.321,2.8203,7.3219,0.83396,1.3922,12.889,16.416,3.9093,-7.0802,-1.3278,10.454,6.277,-7.7599,-6.3708,2.5759,-1.9021,-6.7214,0.58214,7.6357,7.5149,1.2594,-5.7993,-3.5464,0.017886,-6.6019,-9.3877,-1.259,0.15352,-7.6158,-7.4691,0.053478,2.2547,3.8718,9.4333,7.5465,1.7001,2.698,0.82046,-2.2877,2.6017,-2.2865,-11.629,2.7901,15.099,1.6031,-1.7363,7.4139,0.28525,-1.0084,11.476,3.0796,-13.701,-9.8734,-2.9944,-1.0434,2.4348,-6.1407,-15.622,-5.6663,0.7671,-5.3072,-1.8754,3.6905,2.1516,5.7442,8.8822,7.6906,7.1388,-1.5204,-3.5879,13.614,14.262,-3.5556,-2.6597,2.242,-5.1153,-3.7601,-0.827,-6.0002,-5.2464,-2.9475,-1.4812,1.2818,-5.7205,-5.715,8.2695,1.2277,-14.422,-5.8406,-0.24739,-5.1941,4.7706,11.65,6.2722,9.8236,9.9164,-1.5143,-1.4234,4.4286,-2.051,-6.5291,0.9436,2.4812,-8.5779,-10.957,2.2601,6.1759,-3.2643,0.090196,11.578,5.5197,-5.231,1.2459,5.7517,-7.9419,-14.166,-1.153,3.748,-2.9998,1.3258,6.9142,-1.8194,-6.2272,0.20182,0.34189,-1.987,2.6031,2.1847,-5.1956,-3.9464,3.6196,3.0494,0.58297,7.6714,12.819,5.0138,-3.6971,-3.5553,-1.1354,0.32505,3.4142,4.5242,1.3779,-1.3029,-3.8301,-8.615,-9.1931,-4.6524,-4.5561,-7.7548,-6.3039,-1.6695,2.9309,5.2824,3.2715,1.5223,2.6486,3.2229,1.7398,-1.5611,0.99826,12.836,14.863,3.035,1.0683,7.0193,2.0412,-6.3943,-6.4684,-1.1666,2.8359,1.638,-1.595,-9.476,-22.073,-18.891,-4.6401,-6.065,-7.8371,2.4581,3.8642,7.561,20.578,12.014,-4.6814,2.2534,11.42,8.128,7.2559,7.9068,5.531,3.2938,1.5421,-1.5466,-10.586,-16.811,-8.4552,-2.7029,-11.628,-17.772,-9.2155,7.3247,9.8127,-6.9815,-6.7605,11.793,9.9744,5.5976,16.011,5.679,-9.7172,2.8635,7.6894,-5.0945,-3.3353,2.7661,1.6694,3.5376,2.363,1.2701,2.4199,-9.1761,-16.661,-5.498,-5.0283,-13.912,-2.095,13.608,8.6468,-0.32286,3.1496,10.674,8.5949,-0.82069,-1.0564,6.8002,4.1552,-7.8759,-12.412,-5.5245,1.0122,-2.947,-6.1694,2.89,5.4162,-5.3993,-3.9452,6.5789,3.2535,-1.4431,3.243,3.8114,3.4135,6.2869,0.87769,-3.817,4.817,7.9812,-4.3037,-9.9733,-3.4809,-5.5977,-13.019,-5.9589,3.5975,1.417,2.1942,6.4235,4.3846,5.8395,6.1213,-2.0654,-0.55624,3.844,-5.5976,-7.2404,1.1207,-1.1446,-0.62976,5.9736,0.20203,-6.3609,-2.8166,2.8041,9.9229,8.813,-2.0327,-1.0722,3.3367,-7.4457,-14.207,-6.7306,-0.24189,2.3809,3.7363,3.8655,3.7605,-0.49602,-4.0537,0.16102,3.2682,3.3663,6.0764,3.51,-4.2999,-6.3595,-5.3273,-4.6162,-0.52961,3.7667,5.8982,5.5518,-0.061738,-3.1208,1.4956,1.4107,-4.1236,-1.9719,6.1482,10.609,3.7979,-11.863,-12.859,-0.080343,-3.2331,-6.1757,8.6901,1.7001,-18.119,-1.5423,17.13,4.7335,0.22456,6.4758,2.7475,3.5313,5.3803,0.99856,0.08789,-6.2197,-8.5721,4.8478,2.0474,-12.367,-5.6286,0.74244,-2.9673,0.56564,-2.3317,-5.1192,8.1712,11.799,3.6407,2.0312,-0.94451,0.79208,7.6163,-0.71385,-8.3609,-3.7732,-5.8816,-6.3152,0.72967,1.1465,2.7587,3.3018,-4.4435,0.22723,9.6933,2.7446,-1.4054,1.3188,-1.6576,3.6407,9.6768,-2.2665,-9.2921,-1.6717,-3.9711,-13.681,-7.7337,9.2038,9.4439,-9.176,-10.612,10.5,14.451,1.648,2.6286,7.4767,4.7394,5.1251,0.25326,-8.5327,-3.4418,-3.0872,-17.617,-14.286,3.7412,4.2801,-3.4604,-3.101,1.8952,12.064,16.054,4.6718,-2.4351,0.93212,1.5664,0.56872,-1.4824,-4.7049,-3.5215,-6.8065,-11.513,1.0399,13.75,5.4333,-3.6998,0.070497,5.207,4.4431,-3.3389,-10.3,-7.6467,-3.2248,-0.48823,5.2642,4.6628,-3.6992,-1.0029,12.612,14.273,1.08,-8.9277,-11.859,-11.485,-2.5353,6.9101,4.8203,3.558,7.3704,3.5066,-0.91889,0.57119,-1.5683,-2.4908,2.484,3.2754,-1.9133,-10.267,-15.964,-7.0353,8.9511,11.845,0.2673,-9.6023,-2.7916,10.306,8.616,2.3258,3.5231,-0.62355,-6.8425,-4.6961,-2.6257,-1.186,1.4533,1.1213,5.7647,11.431,4.1352,-4.0326,-1.5482,0.75405,-4.1356,-9.6399,-3.1342,9.5972,4.1632,-12.454,-13.491,-3.4321,1.4976,-1.7654,-4.7866,3.7752,11.051,6.3059,7.7826,10.28,0.5345,-0.75823,3.747,-1.6069,0.53181,3.7584,-6.2197,-4.8987,2.368,-6.5535,-9.4359,-2.5577,-5.5892,-5.2179,2.0112,0.95089,-0.2283,1.3971,-1.872,-0.19967,8.5248,11.525,8.6678,5.6938,1.357,-3.2006,-2.942,-0.17938,-1.1092,-2.8399,-3.1606,-5.6739,-5.4439,-1.3027,-2.281,-4.0771,-0.10081,2.0569,0.38491,0.5735,4.8051,8.2939,0.8536,-7.9726,0.50485,10.18,3.1635,-2.9638,1.3151,3.8365,0.25177,-3.9586,-1.9783,1.6628,-2.6437,-5.5435,-1.3367,-1.8144,-5.1492,-4.3485,-1.7407,3.7792,5.034,-2.7949,-3.3613,4.7715,6.2665,3.45,1.9077,1.8985,6.8773,9.5509,1.6542,-9.1954,-13.129,-7.0056,2.6417,4.4937,0.29349,-1.0828,-0.29671,-3.5674,-8.4318,-3.2414,6.0096,2.6865,0.32239,8.705,5.1666,-5.9196,-2.354,3.6038,2.4712,-0.023824,-5.7494,-3.3635,7.1465,0.91155,-10.395,-1.8508,6.5144,-0.46162,-4.8171,0.18837,5.7303,8.0118,5.1121,-2.8078,-4.2921,5.5412,4.9449,-11.102,-11.835,1.7048,2.6382,0.72443,5.3565,2.6299,-3.5364,-5.8018,-6.6518,-4.9533,-4.9717,-1.8918,9.2097,9.0897,0.69945,3.8069,6.8779,7.2815,10.075,-0.6463,-9.6207,1.3455,5.0512,-3.0432,-8.0748,-15.65,-12.473,3.2525,2.9357,-5.2722,-2.8428,2.8415,9.8987,7.9239,-3.0788,2.2643,8.3839,-1.849,1.1751,7.7319,-5.9912,-8.8934,2.279,-0.27143,-3.0973,1.7528,2.0192,5.5069,9.1003,-0.82183,-11.575,-8.9022,0.17688,1.9552,-5.3645,-7.3054,-0.031637,3.6441,3.1064,3.6021,0.68129,-4.0537,-1.1618,8.1253,9.4158,0.15792,-0.033251,11.733,13.569,3.248,-8.5662,-20.81,-20.754,-4.0157,3.3087,-3.8135,-3.2377,3.1635,5.4131,10.98,15.004,4.5099,-10.605,-15.275,-8.9521,3.3633,10.102,3.4067,-3.852,-2.1602,2.0038,8.3354,13.518,8.2785,2.3961,1.697,-4.898,-8.6025,-2.819,-7.3692,-17.412,-12.451,-5.7227,-5.4559,3.1859,12.331,8.0856,2.9843,8.1527,16.321,13.252,-5.2465,-17.178,-6.5922,3.2726,-3.5349,-8.0243,-1.9398,4.1247,7.8725,8.4991,4.4979,0.55933,-1.6305,-0.5511,2.5628,-4.1654,-16.949,-14.56,1.1625,8.3622,1.0156,-2.8412,9.4285,13.788,-5.2348,-12.004,3.3377,3.8133,-5.1153,0.84914,4.8653,1.1616,3.0445,4.6939,3.5392,-0.17427,-10.802,-12.896,0.59727,9.9494,7.4807,-1.196,-9.7841,-7.28,4.8126,13.336,11.199,-0.2149,-7.7799,-3.8166,1.0929,1.2282,-5.1447,-18.708,-20.813,-1.9923,17.359,23.158,17.1,2.2178,-13.385,-16.758,-3.4972,7.5659,1.1777,-3.1617,2.0857,-0.50234,-1.2941,8.4053,14.439,18.949,15.663,-5.1534,-17.191,-15.955,-18.432,-10.724,-2.1059,-11.046,-10.567,-0.37734,-0.7977,5.3361,13.201,10.998,20.016,23.636,3.1526,-5.5775,0.42836,-3.6022,-5.592,-4.2124,-9.0126,-6.3997,-0.30962,-4.0782,-7.1329,-5.0675,-4.1448,-0.34591,7.2068,9.1683,4.0368,3.4298,7.0045,0.24001,-7.2558,2.2274,9.7957,-2.0196,-12.577,-7.0762,-0.8254,-4.1463,-4.8396,1.8523,3.065,1.1578,5.9423,8.8978,8.3418,7.6318,-0.99021,-6.4537,0.36861,0.45943,-3.9734,-1.4789,-5.6597,-9.0568,0.64771,1.0683,-7.9343,-3.2477,6.4312,7.8168,4.2835,-4.1367,-9.7342,-2.6325,6.2929,6.014,3.8956,3.1049,-2.8862,-4.8687,5.0672,7.5782,1.1714,6.473,7.7917,-7.9327,-12.228,-2.7608,-1.6609,-3.2262,-0.44861,0.85776,-2.5436,-8.219,-1.713,10.685,3.886,-6.6425,-2.5748,0.50923,3.8301,6.9044,-0.81304,-0.03862,5.6477,-4.3561,-5.4964,4.2018,2.5992,8.2767,13.042,-5.0359,-12.122,-4.213,-7.7545,-3.7746,6.3786,0.02228,-5.1333,-2.3681,1.2903,11.049,8.4922,-7.0032,-5.6413,2.1229,0.46751,-0.084706,-4.4724,-7.4221,1.6645,3.223,0.76288,10.079,8.678,-3.3519,-1.9751,-2.0876,-10.027,-3.7208,7.2135,4.2092,-1.6478,-3.0318,-4.2535,-0.92989,5.9488,4.5668,-0.85635,3.5423,7.065,-1.5598,-4.0361,1.7184,-3.8321,-7.9975,0.6238,-0.9308,-9.63,-4.8532,0.68883,1.5293,7.2952,5.9135,-0.27467,3.7247,2.7595,-2.2563,8.7727,12.515,-5.7053,-13.039,-6.69,-7.2154,-3.574,5.4387,3.0992,-0.042744,7.356,9.0106,-2.7722,-8.7632,1.732,8.5684,1.6897,-0.56004,-0.32841,-9.0095,-8.7907,-0.26412,-2.893,-3.8353,1.677,0.81183,4.9335,7.2358,-8.1069,-9.9873,8.4364,10.662,2.4647,1.8655,0.45794,3.2695,5.7881,-4.646,-6.9806,1.8719,-0.30731,-2.3714,2.1225,-1.0192,-2.1172,1.3222,-0.51875,2.7632,2.5383,-12.011,-9.4877,9.4017,5.136,-9.5961,-6.1804,2.9797,8.3241,8.0922,-2.6729,-9.0784,-5.3172,-5.3372,-1.6255,11.559,14.009,3.3275,-1.8943,3.4546,10.166,6.3665,-4.2716,-3.9953,1.7248,-3.9495,-9.5285,-4.9015,-4.6886,-9.1416,-4.161,1.3146,-5.0878,-7.3179,5.193,11.39,2.5546,-2.4446,-0.68195,1.2292,11.191,18.492,5.0779,-7.0836,-0.86184,1.0022,-6.5627,-8.1596,-8.145,-5.253,5.6631,4.3381,-7.7564,-1.9784,8.6334,1.6168,-1.8105,5.4165,4.6774,1.2585,0.010563,-4.7364,-2.1421,4.6011,-0.68544,-7.1052,-3.2668,3.774,5.2865,-6.5011,-15.651,-4.2283,1.196,-6.2119,4.5646,17.324,9.1736,4.1354,5.166,1.2532,1.2361,-2.3471,-6.7868,2.8843,3.8637,-7.3948,-2.0799,4.6053,-2.3003,-1.002,2.1223,-6.512,-9.1217,-2.701,-2.6265,-5.9739,0.31531,9.797,4.6525,-2.3182,5.3158,3.829,-5.2034,7.0192,12.045,-8.501,-10.52,4.3648,0.070292,-6.428,0.98739,5.1515,3.3183,2.2988,1.2555,-1.0685,-1.8196,3.6452,5.3314,-4.1237,-7.4434,-3.0151,-3.7716,0.48106,6.6482,-2.882,-10.175,-0.85434,2.89,-4.2623,-1.9003,9.6792,9.8192,0.096353,0.74606,2.5544,-8.7063,-8.0431,9.386,11.374,0.63314,-4.5586,-8.5983,-5.7528,3.21,2.221,0.80601,3.1073,-2.8211,0.95919,13.143,-1.6753,-19.182,-0.60979,12.063,-5.3846,-5.2342,11.304,1.3704,-11.444,2.3057,10.151,0.10247,-3.4395,-4.2979,-10.008,-7.8095,1.3243,7.6876,6.4411,-1.6202,-0.18569,10.435,6.2899,-3.5904,0.17721,-0.64987,-9.4797,-3.749,7.061,5.2349,1.7684,1.209,-4.1538,-7.2411,-3.1718,-1.1057,1.1182,7.9076,3.281,-10.563,-3.8783,12.345,2.8534,-10.974,1.2859,11.587,0.38383,-6.1366,-0.89923,-3.4665,-10.223,-5.847,1.1595,0.61369,2.7343,7.1102,0.46185,-7.0607,-0.96218,8.9692,13.333,11.929,7.3518,7.124,2.0738,-15.288,-15.015,7.4202,8.8304,-8.9107,-13.03,-14.709,-15.13,6.2425,17.071,-6.4829,-16.583,1.2103,4.2936,-5.2379,-1.799,4.5903,10.231,18.781,14.535,2.693,1.362,1.8793,2.2842,9.4604,6.8164,-7.9112,-11.65,-5.6338,-7.102,-12.026,-6.9947,0.79899,-6.4169,-14.715,-3.1609,4.0529,-3.0659,6.3308,17.752,4.3429,-2.2126,6.1607,2.4156,0.72523,6.5566,-0.35513,-2.3576,7.0172,0.66474,-8.9614,-1.6606,4.1998,2.0022,-0.73381,-4.8388,-1.5101,6.4705,1.9512,-4.3007,-1.9381,-7.3166,-14.129,-3.8863,5.5603,0.12842,-1.0205,5.8191,3.3124,-4.3221,0.60016,13.229,12.191,-2.7702,-7.6709,1.5387,3.9119,-3.1704,-7.0503,-4.7862,2.9273,5.4455,-5.478,-7.066,6.6768,5.4328,-3.9049,3.5698,6.6449,-3.5657,-1.0607,7.2853,1.0001,-9.6359,-12.478,-5.7149,6.5332,10.094,4.9596,3.215,-1.0431,-11.387,-11.606,0.14745,4.2121,-3.9149,-6.1504,3.9755,11.02,8.9218,6.1824,2.8513,-0.38896,2.3757,0.43326,-11.241,-9.8392,5.7845,7.2042,-0.45012,3.7341,4.4025,-3.8197,0.052889,3.7125,-8.4467,-12.073,-3.6073,-3.8412,-5.3724,-3.1748,-4.6399,0.88567,10.037,6.4542,0.30975,1.942,8.1402,13.911,5.6817,-5.628,2.92,6.0575,-8.6159,-6.4417,3.9818,-3.0458,-6.8938,-4.6702,-7.6114,1.8361,12.834,2.3345,-6.0244,-0.59992,-1.3754,-5.4924,-3.4226,-0.72646,-0.02006,-2.1874,-2.6756,3.6311,3.384,-5.3787,1.2352,19.019,14.445,-7.1743,-8.4718,6.0761,2.0458,-11.677,-5.3843,7.4962,4.531,-2.841,-3.1794,0.26728,6.9318,9.0685,-2.3743,-12.391,-4.8812,3.6265,-4.0446,-8.9056,2.7879,6.2172,-7.7966,-10.982,1.4892,5.4663,-0.12911,-0.51783,3.9846,7.5515,7.8302,2.6725,-2.7888,0.33713,6.5365,2.3455,-6.8929,-4.9437,4.4038,6.7478,2.5267,-1.4171,-2.783,-0.78471,1.2484,-0.035221,-2.8799,-7.4074,-11.09,-4.4654,9.0862,9.2633,-9.5182,-23.384,-12.502,8.3659,16.577,15.766,12.323,-3.7372,-23.31,-17.33,8.8018,21.767,18.458,13.93,2.9024,-12.072,-10.475,2.1251,5.5328,4.7278,7.5312,5.4645,-4.6059,-13.497,-10.537,-2.1709,-9.267,-22.479,-14.059,0.69192,-2.0049,-3.1265,7.0825,9.7908,6.9535,9.0522,6.7208,0.62749,6.1441,15.657,9.3044,-1.9815,1.6688,7.217,3.1716,2.3668,1.0115,-9.0533,-12.761,-9.6109,-9.0662,-3.4,0.18608,-7.0551,-7.9432,-4.2937,-6.9249,-0.36887,9.731,4.0841,0.80686,9.7463,8.7281,-2.6582,-3.5541,5.5855,4.7015,-4.8729,0.19675,9.0559,-0.78867,-4.6787,4.2251,-3.2466,-7.0822,11.534,15.878,3.1157,-2.0798,-8.751,-14.822,-9.3946,-4.2319,-0.97789,1.8636,3.0258,10.522,6.853,-12.89,-7.938,12.094,4.112,-9.3752,-5.6802,-5.7856,-10.214,-9.1596,-2.6295,9.8159,12.982,5.1328,7.6323,13.871,10.157,5.5396,2.7128,1.2032,0.10948,-4.1447,1.7958,11.572,-2.7771,-21.238,-16.358,-8.8906,-7.9536,-4.8831,-6.7408,-7.4915,-0.99807,-1.3243,-3.3477,6.7087,15.942,11.958,6.3665,9.6136,8.7816,-2.5651,-3.4631,4.3669,-1.087,-3.6916,6.5326,4.3716,-4.1727,-4.0815,-7.6588,-5.4349,6.4459,1.684,-7.6569,-0.10567,1.9886,-5.2321,-2.6133,0.67649,-4.1929,-6.7577,-3.4848,-0.53568,-1.6209,1.2021,9.0141,4.5186,-4.6038,3.3272,11.158,6.8006,7.1709,4.9146,-6.2567,-5.7328,1.3703,-0.61771,-2.2033,-3.7214,-10.333,-8.9556,1.9186,10.037,8.7762,-0.89763,-2.2282,9.0025,5.7305,-10.916,-11.747,-3.9209,-2.8176,-0.076199,1.2835,0.095604,5.4222,4.8524,-2.3967,1.1423,1.3143,-6.9861,-0.24194,6.7414,-2.5048,-2.561,3.7338,0.020606,4.6976,10.048,-3.5391,-8.2512,3.9439,3.7961,-2.4321,2.7048,7.9724,5.6636,-1.0746,-7.2909,-7.2171,-7.7176,-13.009,-10.791,-1.423,0.70677,-2.0677,3.1004,12.466,11.935,4.3137,1.0674,-0.9154,-1.6431,4.7716,4.8378,-5.5336,-3.5641,9.0251,8.549,-1.2692,-6.7546,-10.249,-10.67,-3.5516,2.7439,0.7631,-1.3437,3.5797,9.5547,10.71,3.9387,-10.163,-14.983,-3.2373,4.1019,0.17422,-2.8463,-5.957,-2.9547,14.148,20.744,4.5614,-7.8193,-6.2962,-3.3996,-2.5215,-5.43,-8.5068,0.068494,10.13,4.4747,-1.7775,3.5382,0.74236,-8.732,-2.8697,3.2461,-1.7399,6.6901,16.22,1.3859,-5.9185,4.8216,-1.7846,-12.634,-4.8303,-3.8888,-8.4399,3.7807,8.8204,-5.7411,-7.6749,6.621,10.089,2.0261,-5.3104,-10.053,-4.7968,7.9666,9.0295,3.715,4.6389,-0.13718,-2.8236,9.0711,8.919,-5.5751,-9.3232,-11.425,-10.784,3.7778,8.3754,5.2923,9.2848,-2.6351,-13.892,1.7236,6.0698,-5.8864,-3.7518,-1.1041,-0.076861,3.2296,-6.4972,-2.6047,14.3,-3.0527,-18.515,5.9274,16.432,4.2238,3.6178,-0.85128,-9.1961,-2.045,7.2743,8.2383,-0.38117,-9.3814,1.2596,10.152,-1.1868,-1.4366,4.2541,-10.128,-16.856,-4.8991,1.0046,3.1089,3.5043,-1.7892,1.3423,4.5568,-2.8091,1.8826,10.874,-3.7538,-18.508,-9.9296,5.174,17.784,19.728,3.3176,-5.0179,2.9002,1.8508,-1.7574,-1.5571,-11.902,-10.642,9.4035,9.5144,-4.5409,-5.8411,-6.8439,-9.3071,-5.3374,1.4649,14.864,16.537,-4.0075,-12.448,-9.5741,-10.622,7.9442,20.994,-3.1926,-16.92,-5.7441,0.20539,10.572,19.678,15.617,14.799,0.76414,-20.573,-7.5263,4.662,-11.245,-7.4866,2.3253,-15.127,-15.985,6.7879,11.424,7.7674,11.165,3.4138,-10.632,-7.5144,5.4016,3.5268,-6.5427,-6.2756,-5.2292,-2.9182,12.614,17.543,4.6026,2.708,2.835,-8.6628,-8.1036,0.77614,0.35884,1.4542,-0.45676,-10.584,-6.0152,6.0196,0.57027,-3.0302,9.9119,11.778,-3.2877,-8.0122,-0.5321,0.28796,-3.3082,-1.1104,-0.099987,-5.5976,-6.591,-0.59831,0.13991,-0.05963,7.6568,6.9692,-1.4755,5.086,9.3229,-2.4082,1.5599,11.887,-1.5653,-9.9486,-1.9519,-3.655,-6.7237,-7.3139,-10.162,3.6233,13.577,-1.9864,-4.8141,6.0032,0.78682,-2.5302,-0.91502,-3.0694,7.7887,9.9988,-7.6375,-2.6819,11.421,-1.6081,-11.652,-4.3874,0.25009,4.3624,2.2553,-8.019,-3.6872,8.149,5.7859,0.031012,1.7382,3.7759,3.2064,3.0071,0.74353,-8.7655,-14.613,-3.6941,7.5942,3.4034,-4.2937,-4.6021,4.0722,14.806,10.045,-5.59,-10.498,-5.8915,-0.94112,2.9666,0.78898,-5.485,-7.0249,-3.1992,1.8683,3.9145,3.447,3.342,1.0946,2.8535,13.684,14.512,-1.3571,-11.852,-9.7039,-3.4494,1.2868,-3.1654,-8.9123,-0.12062,9.5475,5.1901,1.8902,3.5066,-5.0212,-13.472,-5.3505,1.9438,-2.5272,-0.029737,5.8431,0.46906,2.343,12.344,3.6225,-9.5382,-4.8162,0.36463,0.2189,1.8971,-1.2597,0.29676,9.3295,3.3871,-6.9541,0.85419,8.0328,2.3332,-2.2026,-3.6573,-3.4242,1.1773,3.0968,-2.0971,-9.1892,-9.5595,-0.47758,5.5577,1.5641,-4.5564,-10.449,-9.3052,5.3767,13.328,6.9224,6.7783,6.6578,-6.0792,-9.4787,1.3829,4.2043,2.3798,8.3591,11.94,5.8433,-2.4594,-6.7491,-4.4975,2.0227,1.8962,-9.2953,-17.941,-14.361,-5.5324,4.3585,12.545,10.289,3.366,1.4992,-3.2084,-9.7417,-7.3251,-2.3657,1.0581,5.5958,2.2922,-1.9499,11.378,24.694,12.527,-8.2676,-11.472,-2.6647,0.67236,-4.126,-9.9574,-8.8414,1.1586,6.2875,0.19643,-0.74355,1.3621,-5.78,-1.9498,13.127,7.8177,-3.7253,0.10552,-2.6761,-8.6855,-1.0803,0.62498,-3.6211,0.091906,-3.6615,-12.517,-9.739,-1.6389,9.6157,16.351,5.4826,0.7285,12.828,12.331,2.1379,4.1027,8.179,4.4605,-3.682,-11.715,-12.173,-10.469,-11.299,-4.8028,-0.0082208,-7.5895,-8.6404,2.4051,7.6937,4.3312,1.4281,5.1088,9.7594,1.6032,-10.078,-8.8627,-4.5943,0.018578,11.356,13.289,5.1726,6.0696,6.8702,1.1461,2.5875,1.2396,-8.533,-6.2824,2.0513,-1.1874,-6.6663,-9.4121,-9.8315,-0.201,6.9321,-0.047885,-2.9728,3.4297,2.877,-3.5982,-4.7364,-2.6159,-4.6781,-5.7759,3.1956,9.5677,2.7044,1.1062,7.7919,5.4383,2.4659,5.9113,5.0309,5.8489,6.5456,-5.6213,-12.043,-2.9856,-0.38342,-4.074,-3.5085,-4.1476,-1.4665,5.1257,1.9257,-7.2357,-11.556,-9.5318,1.4356,9.5598,-0.58651,-9.4244,2.5622,13.28,8.5543,5.9364,3.6266,-6.6596,-2.2947,12.463,3.439,-9.5861,0.16444,1.7633,-7.4465,2.5291,9.9017,-2.2111,-4.4324,2.4389,-1.6516,-5.1408,-3.1485,-7.8706,-10.618,0.089288,8.1737,2.8477,0.5034,2.529,-2.9174,-1.5141,7.6929,3.7973,-0.15742,3.3076,-2.6453,-2.5748,4.2231,-4.2401,-3.373,7.0885,-3.299,-2.2555,12.336,-3.5684,-11.863,8.1173,4.8232,-4.466,4.5922,-2.1144,-7.9448,2.1871,-4.7893,-7.7435,11.861,13.441,-2.2618,-8.5671,-10.41,-5.6086,5.2913,6.1378,-0.73028,-5.2897,-5.0531,-0.040735,5.2856,7.6429,4.1939,-0.40456,3.1391,3.5638,-0.483,7.1153,7.5357,-7.1988,-6.7809,-1.9031,-9.0713,-3.5416,4.6711,-5.134,-9.7901,-3.3178,2.2605,7.6983,5.333,0.5498,4.6019,4.1865,0.40379,0.85328,-4.9754,-8.0081,-1.2641,0.47274,0.98437,3.2687,2.487,8.8534,11.9,-0.63954,-6.977,-4.1973,-5.0273,-3.8688,-5.3361,-8.6735,-1.2149,4.2998,1.6227,2.7494,3.5261,2.9714,2.6124,-2.127,0.97582,7.4888,-1.7926,-7.7239,1.8458,5.6062,0.9968,-4.1404,-4.7091,3.5013,2.5401,-7.2238,-1.7753,3.0647,-5.3495,-3.2313,5.0681,5.3027,5.7304,2.5035,-4.2797,-4.0629,-2.9499,-2.6769,-1.2547,-1.5552,6.2726,14.277,3.8272,-5.3708,-0.58614,-1.2184,-7.8084,-11.231,-10.048,1.9836,14.668,11.473,1.8666,-1.0028,-1.9574,-9.3205,-14.856,-4.9888,6.2869,5.3394,7.2129,11.094,8.1188,8.8939,6.2093,-2.0449,2.4582,0.25476,-18.497,-19.664,-12.039,-16.421,-8.5029,7.2756,8.0975,6.9549,10.636,16.906,20.866,2.0475,-18.874,-6.9013,6.6685,-0.24446,1.1602,5.5552,-6.8921,-13.924,-3.5905,1.8526,-2.1188,2.8426,11.567,6.0164,-0.4822,2.7846,-1.4552,-9.1626,-7.655,-6.2007,-1.8428,4.9362,0.62446,-0.54446,4.8226,-0.96331,-4.5111,-2.7315,-5.1257,8.4604,18.964,-2.4702,-8.8848,9.3407,1.7496,-10.607,3.7806,12.244,4.5744,-2.677,-7.902,-5.2483,1.5923,-0.096386,-5.4689,-6.5578,-1.9638,0.90224,-4.001,-2.4531,3.1257,-2.3801,-0.27025,8.9294,0.26702,-4.8161,4.8815,3.2429,-0.16623,3.5285,-0.32094,-0.71137,1.1431,-3.3163,6.3852,14.521,1.6197,3.7159,12.028,-9.521,-22.264,-7.6448,-6.53,-13.219,-5.9585,-2.0909,-1.5917,9.2119,16.372,9.289,2.2577,3.6457,1.4641,-6.8105,-5.6876,3.3478,5.9737,2.1599,-5.3344,-8.2186,4.3396,12.271,-1.4623,-12.194,-5.9348,2.7011,7.6374,5.5704,-4.3117,-6.7694,1.3901,2.8391,-5.9389,-9.585,-2.0677,7.2681,13.342,12.728,-1.9305,-14.471,-3.8155,7.3223,-0.65538,-3.0603,3.7785,-3.9543,-12.692,-0.43906,12.343,6.3922,-2.8685,-4.4071,-4.7149,-1.0125,4.3218,-2.6058,-6.0739,8.3669,8.888,-7.0935,-0.64751,13.854,7.7887,2.3777,1.2358,-8.6333,-8.5844,-0.05686,-3.8233,-7.5188,-3.7371,-5.506,-6.8267,-0.72666,3.2331,2.9314,4.3376,7.9466,8.7645,4.2338,-1.1852,-2.8814,1.0895,7.0708,6.4516,2.6505,-1.2146,-13.026,-16.517,2.1876,10.308,-3.5544,-8.0093,-2.4384,-1.2063,0.87204,1.4237,3.2021,9.7674,2.5035,-10.164,-2.6579,6.2698,2.6548,5.771,9.9362,-1.3533,-15.978,-14.814,3.5385,14.285,2.0656,-4.8653,4.6184,3.3997,-5.088,-2.765,1.4807,3.7454,1.5733,-9.7819,-8.7649,6.5991,4.3427,-8.9782,-7.2005,-0.046367,0.82918,0.65789,5.5996,17.456,18.654,1.0017,-7.581,-1.263,-3.095,-8.3651,-6.8747,-5.9486,-2.9345,4.0104,7.3728,5.1651,-1.1493,-2.7974,-0.83741,-11.108,-15.364,3.399,7.1749,-9.2587,-4.3641,9.6067,7.1049,7.0408,11.745,8.8538,7.3533,9.8795,8.7387,-1.565,-17.371,-19.262,-8.8828,-6.1872,-4.1239,0.46179,-3.8715,-4.9193,0.81888,0.74933,3.2851,9.0606,8.4983,7.6721,2.3733,-6.2494,-0.19978,6.8944,0.48286,0.73059,6.5604,0.2522,-9.3583,-10.668,-3.6577,3.7924,-1.8498,-12.324,-8.271,3.9532,8.7333,6.3876,6.188,9.7317,7.526,-0.11264,-3.1402,-3.1904,-3.8718,-3.7201,-3.6037,-2.2513,-2.3334,-3.234,4.1431,6.1536,-7.1264,-7.5791,5.5268,3.4443,-1.2625,5.2446,3.5,-5.0889,-5.1725,-0.31624,3.9307,4.312,0.64934,0.080819,1.8024,0.38225,-2.5625,-2.9776,1.3503,4.2127,-0.22651,-2.2775,4.1829,8.7545,2.7071,-9.1362,-12.024,-1.5639,6.2844,1.0135,-6.9094,-2.8655,5.8304,-2.6656,-15.792,-7.5208,3.1787,3.0204,8.0688,8.9868,6.8731,16.361,10.333,-7.9947,-2.8351,0.65158,-8.6785,-0.046179,5.2139,-5.351,-3.8396,-2.2504,-7.8674,-5.097,-4.7301,-1.262,8.6658,-0.57105,-9.3753,3.69,8.967,4.1918,1.9409,-4.2696,-1.806,5.6473,1.2447,0.43727,0.48126,-6.9578,0.37015,9.2875,-0.79551,-3.0904,6.6384,6.6543,0.0023127,-4.1418,-0.6252,2.0399,-8.1291,-8.7252,2.4398,-7.1988,-17.28,0.10368,12.063,4.7685,1.4375,5.0629,9.7023,8.7925,-3.829,-11.735,-2.2249,7.82,3.5379,-5.0595,-4.2664,-1.1284,-4.4782,-3.9038,2.6926,4.2468,4.2338,7.9662,8.7849,2.7769,-6.6103,-10.622,-5.8077,-0.60711,0.46333,-0.90448,-1.7593,-0.055514,-3.7743,-8.882,1.1447,10.699,3.4538,0.094163,5.7168,7.1737,5.4195,-3.1739,-9.8208,2.0864,8.5646,-4.0159,-7.0812,-1.9144,-7.5598,-10,-0.88411,6.1408,6.914,7.6557,9.3873,4.6763,-5.0073,-6.3104,-0.65382,1.9496,0.80894,-4.2418,-6.5996,-0.51649,1.6332,-1.21,1.9635,2.5887,-3.5493,-4.6558,-1.6172,0.29138,2.9556,3.5109,-0.057896,-1.9429,1.9245,5.8751,3.6514,1.2872,3.8666,5.2612,0.81114,-7.5389,-8.2564,2.6648,3.0348,-7.6324,-2.9267,3.7426,-4.6491,-6.0263,-0.88067,-1.4786,2.5835,3.3602,-1.8454,3.3948,3.6174,-5.6803,1.219,10.982,3.7225,-3.5956,-2.7687,1.9389,6.3978,2.8034,-1.2648,-0.085176,-3.0017,-8.1868,-10.092,-5.2413,5.4274,4.5614,-0.73445,8.6689,7.2265,-7.4252,0.93472,10.074,-5.7325,-9.9581,1.6326,-2.768,-11.63,-4.4799,5.5995,3.8297,-2.2725,-0.57964,4.1063,7.4992,11.478,5.7648,-3.6006,1.1469,2.8041,-6.3224,-2.459,4.8346,-3.2288,-9.0825,-3.6001,2.0728,1.5812,-4.6639,-6.542,-0.91878,4.5186,9.6572,6.0169,-7.4928,-6.2476,2.3474,-4.5354,-5.0677,4.9232,-0.93148,-5.7758,5.2315,6.6059,2.1334,11.35,16.004,2.9214,-9.9241,-10.172,-3.1832,0.66473,-1.6921,-1.905,1.7649,-0.71679,-7.7295,-8.507,-5.2418,-1.2287,6.3091,7.2106,-3.3377,-6.1574,4.6016,12.517,10.954,1.5312,-8.4811,-3.9737,8.4025,5.6269,-8.6713,-11.665,0.34796,6.6824,-4.5433,-12.411,-0.71367,11.214,8.4927,-0.10496,-5.7046,-1.292,7.391,2.1506,-4.6406,5.8276,7.437,-8.4016,-5.6553,5.4489,-8.1427,-14.715,4.7186,9.3852,-0.94799,1.1112,1.2486,-3.5738,-2.26,-6.3691,-4.0942,11.855,9.6027,-1.8106,2.1618,0.0040578,-2.84,10.142,9.5839,-3.8954,-5.5793,-6.0134,-6.4097,-4.4812,-7.8181,0.85651,10.7,-3.4394,-7.2331,6.7113,3.4042,1.8177,9.6398,-0.4369,-6.1764,2.8272,-1.8211,-7.7239,-1.7868,-0.029629,-0.2144,-1.0345,-4.1662,0.16946,3.7917,4.1793,10.47,6.9758,-4.9601,-2.6564,2.8339,0.87584,0.92236,-2.151,-6.8397,-3.7944,-1.6131,-2.9112,-1.6724,0.59572,2.4499,-0.62982,-3.9262,4.447,8.0871,-2.4504,-2.572,4.5521,0.50081,0.77127,5.8627,-1.8904,-7.2305,-0.95657,-0.15833,-2.3501,-0.82575,-2.52,-1.6622,1.9324,-1.344,0.85466,8.7493,2.6521,-0.7235,9.0757,-0.16472,-15.579,-0.60225,11.966,-0.17402,-0.40691,7.7923,-2.2769,-10.256,-4.67,-3.7879,-5.729,-1.9437,0.24091,-1.936,-0.61923,5.082,4.6936,0.35638,4.4727,6.3036,-3.8324,-7.9463,-1.2142,5.671,11.682,9.0506,-0.28498,2.1287,5.111,-5.9592,-10.317,-3.1694,-4.1883,-10.635,-8.875,0.11924,6.3362,4.0044,0.30944,-1.0683,-4.6731,-2.9398,7.1091,11.857,8.5053,0.75914,-9.8325,-9.8587,1.3578,3.9953,-0.21959,1.7992,2.6788,0.57248,5.2593,8.8763,2.3956,-4.0219,-4.8298,-3.7724,0.0070771,1.4558,-4.3102,-7.5006,-7.4485,-11.857,-8.0484,7.9525,12.194,3.537,4.7625,9.6021,0.70962,-7.0171,1.3644,7.9047,2.0432,-0.2568,1.5295,-3.586,-6.3998,-3.5127,-3.5724,-1.2344,2.9043,2.1207,3.5396,2.4473,-5.0513,-1.9376,3.4983,-4.755,-7.2043,0.97419,3.1815,3.0369,2.8644,1.0131,2.9659,1.9325,-1.9146,-0.59864,-1.7066,-1.3831,3.9688,-0.29244,-3.8992,1.8866,0.086384,0.4855,6.5691,-3.9413,-12.332,-1.9205,3.243,1.9128,-1.4949,-9.7872,0.57539,19.407,10.091,-6.3526,-4.4398,-0.17999,-0.23634,0.28104,4.9469,9.1015,-3.4194,-15.344,-3.8522,4.2703,-0.26819,3.7521,5.2309,-5.0924,-15.479,-18.199,0.068541,21.796,11.291,-3.9797,4.4845,6.7611,0.50393,7.9334,11.641,-2.1871,-15.278,-13.971,-5.4759,-4.0468,-7.4551,-4.6198,3.7972,12.774,12.267,1.5832,1.6253,7.2829,-1.443,-6.8411,0.46487,4.2713,2.9387,-7.376,-16.689,-2.1972,7.2895,-6.2696,-5.683,3.2356,0.48579,6.7455,8.263,-5.7667,-0.88339,12.985,10.589,3.4499,-10.55,-16.855,5.231,14.267,-3.8296,-9.5799,-8.8237,-9.2195,5.8887,12.368,1.4647,1.9517,3.5962,-8.6675,-13.512,-1.8542,11.705,10.381,-2.7077,-3.1524,6.2285,5.1101,4.1832,7.6262,-3.9574,-21.733,-18.868,0.8079,9.5902,-0.061552,-6.3438,-0.86172,5.9796,12.3,10.09,-0.50621,2.8469,7.7203,-5.1065,-5.0591,7.9101,0.63392,-6.8317,-2.6342,-11.973,-17.892,-4.2794,6.3063,11.869,9.8981,-6.7951,-7.7434,7.9727,4.6626,-0.90614,9.516,7.6938,-2.9416,-2.1306,-4.5279,-10.399,-6.7102,-4.0465,-2.9224,3.121,3.1409,2.4765,10.87,10.914,0.55973,-1.5701,1.2347,1.9633,3.8273,0.2598,-7.4917,-6.4313,-0.98202,-4.0604,-12.656,-10.665,3.8972,5.2952,-9.5713,-6.9223,7.9655,4.4994,0.38658,12.603,18.703,11.619,2.6922,-0.91514,2.4947,-1.2441,-11.081,-7.693,-3.7064,-6.7636,0.059364,-1.1691,-15.703,-7.4908,8.787,2.4015,-1.5994,3.877,0.43532,2.0332,13.179,14.186,3.8483,-6.0436,-7.2442,-3.9399,-5.49,-3.0807,3.796,-0.081015,-4.1337,0.8273,0.87356,1.8646,9.002,3.9122,-8.7225,-9.8258,-3.9112,1.4557,7.3191,8.1912,-1.3808,-8.26,3.1226,13.498,3.2033,-4.1709,-0.7542,-6.152,-8.5715,-3.8398,-8.4409,-5.0032,6.2179,0.075266,0.68742,14.918,6.4458,-5.0099,5.3649,7.259,-0.98457,-1.8681,-3.4721,0.005041,5.7016,-3.5364,-9.63,-6.1091,-11.165,-10.121,2.4632,7.6321,13.229,15.415,-1.7912,-11.146,-0.88172,2.1047,2.422,9.2419,4.6887,-5.4414,-5.024,-0.90408,1.8493,0.13131,-8.0084,-9.2577,-2.8106,-0.64844,3.0935,8.4019,2.8907,-3.8497,-0.73672,1.3011,-1.2191,-0.25806,2.3912,0.7544,-2.3753,2.259,10.874,4.8843,-9.3049,-5.6291,6.6386,5.3695,1.1456,0.95299,-3.4899,-4.2928,-1.6047,-6.9675,-7.4432,1.066,-0.50063,-3.114,3.8865,0.2005,-6.9232,4.0407,10.568,1.3209,1.1711,6.0299,-0.31414,-5.178,-2.9718,-1.5054,1.0993,4.138,3.6955,0.17925,-3.6372,1.0474,10.432,7.572,-1.8289,-4.9253,-5.3088,-2.3974,-1.5103,-10.641,-12.368,-4.374,-4.3183,0.86296,12.323,6.4086,0.66047,7.6299,0.99896,-8.0543,0.04875,2.3416,-1.4155,4.0291,4.7487,3.1985,8.9596,4.3148,-6.7033,-2.8688,5.0088,3.0961,-0.95642,-2.2744,-4.8579,-9.4673,-8.4276,-2.103,-3.552,-5.7052,3.8847,4.8482,-10.623,-14.951,-1.9697,11.985,19.289,14.529,5.3424,4.7376,1.1724,-6.6946,0.59462,9.2544,-0.56221,-7.7776,-3.4237,-4.8172,-5.548,1.0635,0.64184,-2.8959,-2.258,-7.0277,-7.1729,5.6473,8.3827,-0.46357,-0.45729,2.3748,1.9049,4.0393,0.44253,-8.0001,-8.2062,-3.0578,1.8061,3.2939,0.76592,4.8964,9.5719,4.9765,9.3637,14.964,-2.5581,-15.523,-8.1558,-7.3518,-6.3687,1.909,-4.1578,-8.7923,3.132,5.5195,0.053883,4.4298,5.3687,-2.1704,-5.0285,2.2411,12.9,9.2333,-6.7996,-13.118,-11.596,-6.0495,9.9414,12.941,-5.6401,-9.0728,5.7728,7.8063,1.7294,4.5277,4.8492,-6.2884,-11.255,2.2884,13.39,3.9745,-8.9117,-8.8048,-2.7128,0.62379,2.0698,7.054,9.221,-3.2217,-14.963,-10.152,-3.4395,0.41041,5.5816,1.3645,-3.2735,3.3759,5.41,5.4733,11.718,4.4808,-8.7685,-4.4449,1.6715,-0.55353,1.9685,4.4118,1.9689,1.338,-0.60907,-6.263,-10.225,-6.5583,1.8879,-1.5821,-10.251,2.1869,15.76,2.97,-6.933,1.7115,3.7138,0.51024,1.9257,-1.7248,-1.799,5.4804,-0.52172,-8.8685,2.1812,9.0461,-0.91428,-0.95369,6.1445,-2.5066,-11.676,-2.748,9.6815,9.8144,0.16557,-6.1626,-2.733,-1.3041,-4.3395,-1.2761,-1.2368,-7.2604,-1.9093,4.0986,-4.546,-6.1547,5.956,12.102,10.349,5.0578,-0.43175,0.31958,-1.9367,-6.4574,2.6104,9.735,-0.32572,-10.076,-14.966,-13.142,5.9159,14.67,-2.8838,-6.0281,10.267,7.0666,-6.0409,-0.7791,8.7123,5.0414,-4.2865,-7.9508,-5.3274,-5.5229,-7.3397,0.71654,9.0832,3.8013,-0.097574,6.4326,7.1195,1.0914,-1.3426,-5.2816,-7.7811,-1.058,2.2952,0.14355,4.8936,5.8498,-3.4643,-4.79,1.6194,1.4096,-1.5507,0.58747,5.2628,2.1405,-8.4914,-8.4569,-5.0081,-13.876,-6.7658,15.251,8.2731,-3.4392,11.812,13.308,-0.023255,4.8933,5.8418,-3.1036,-2.9531,-6.9893,-6.1982,7.8854,1.3452,-12.66,-1.7975,3.2018,-9.1719,-9.4648,-1.5993,-0.40909,-2.5998,-2.2775,4.1216,8.536,9.4366,13.01,5.6443,-6.9385,-1.0587,7.3903,5.3742,1.9054,-9.7358,-14.082,1.0698,1.105,-8.4187,0.37133,0.05979,-9.2646,1.7136,10.23,4.1128,1.2687,-1.2676,2.4811,11.345,2.1446,-9.6581,-6.2548,-6.315,-7.4574,-0.4858,2.6237,2.7711,3.4086,2.4726,4.4491,3.6643,-0.20206,1.81,1.418,-1.9417,-1.0831,-5.1256,-6.4761,5.2355,8.7717,-0.38677,-0.99424,6.9376,5.947,-9.9219,-18.408,-1.2413,10.923,-3.0974,-11.355,-0.47025,8.4432,7.6133,0.54246,-5.2656,-3.7255,-0.75526,1.138,2.6924,2.0017,1.4408,-0.65145,-1.4333,3.6738,3.2266,1.8457,7.5807,2.4075,1.2677,14.957,-2.625,-28.561,-5.3451,10.626,-11.09,-8.9449,4.167,-3.7295,-0.24257,3.6713,-6.8235,2.9749,14.28,-1.354,-6.8301,4.8109,3.0431,-2.3629,3.1722,5.7728,1.0187,-0.61557,0.4632,-1.017,1.6023,6.9505,2.3068,-4.7727,-5.1896,-6.8695,-4.6475,3.1804,2.5372,-0.90099,-1.6773,-5.9101,-2.2886,6.8926,4.5332,-0.76561,-3.9376,-5.9292,4.8063,10.944,-3.3041,-9.7238,-2.2951,-0.038705,1.4465,1.1338,-2.0304,6.0737,11.465,0.04811,-5.164,0.93669,0.21907,-1.7001,5.6658,10.541,2.4685,-7.5045,-7.6669,-3.8514,0.91323,5.973,-0.6355,-10.814,-6.5121,-3.0066,-7.8436,-3.4031,1.4202,-2.4343,2.4751,8.7842,1.0597,-1.765,8.3302,12.586,9.1072,7.7296,4.8109,-3.1623,-7.4687,-2.9317,0.41689,-6.1009,-12.338,-5.2459,5.8697,4.0402,-1.9545,2.0755,0.37873,-13.183,-11.298,4.4047,3.8121,-3.5836,4.1561,10.512,2.4427,-2.8694,3.0552,8.3096,7.8506,6.9019,0.7689,-13.888,-17.976,-2.4894,9.5704,5.016,-3.9321,-6.3841,-1.3811,2.6574,1.6482,5.2936,8.2904,-0.39401,-3.5698,4.6055,3.6493,-3.6611,-6.7461,-10.826,-8.2505,1.925,2.6239,0.44683,5.4627,5.3385,-0.43458,-3.5008,-0.69342,11.176,12.968,-6.9872,-14.562,-0.5713,2.39,-3.1596,0.66015,4.4979,2.9982,-2.573,-8.3642,-1.6718,7.5496,3.0582,-1.2131,2.4896,5.3127,5.2556,-1.95,-9.725,-5.3746,-1.139,0.2308,7.3547,1.0472,-13.618,-4.7575,7.5296,-1.0499,-4.9841,3.3102,7.3659,7.3909,0.95339,-9.2266,-5.7956,5.8051,8.8056,6.8054,4.8203,1.2194,-0.35554,-0.53899,-6.1157,-12.463,-9.4285,-3.9324,-3.8505,0.93801,5.7748,-3.9882,-7.1177,10.375,16.622,4.7572,2.1387,4.3787,-1.8383,-5.0529,-2.1918,0.78058,3.9683,0.91535,-7.4835,-7.452,-2.4558,-3.443,-4.6584,-3.1003,-1.6837,5.2277,12.042,6.5161,0.24814,2.1874,0.15379,-2.5283,2.108,0.37312,-7.3929,-5.0163,1.7054,1.1282,-2.4733,-1.065,6.2431,7.9957,0.15194,-3.0444,-2.4288,-4.6462,1.3314,5.5243,-6.8795,-10.84,0.48745,1.0854,-1.0685,7.3478,8.1344,0.81542,-0.047032,2.0487,4.3419,4.4701,-4.0062,-9.3371,-2.0212,2.1337,-5.3252,-10.406,-3.1886,7.2062,4.8077,-6.6738,-5.1124,10.268,16.411,8.6359,2.035,0.61983,-2.0897,-7.1238,-8.6588,-3.5204,0.57675,-2.8442,-6.8036,-4.8571,0.83441,4.1035,-0.92133,-4.1255,6.4862,13.672,5.2273,-2.2938,-4.7479,-6.1385,-1.3231,0.76705,-0.018986,8.7792,8.8895,-5.9081,-6.737,2.2505,3.5565,5.4801,0.38204,-13.221,-9.9613,2.2328,1.5246,-2.0377,-1.9187,-1.4053,0.68331,0.66986,3.1701,8.3647,2.2694,-3.0066,7.3071,12.435,4.0052,-4.4059,-10.566,-9.864,-2.6285,-3.6234,-7.2478,-0.94522,3.4282,-0.79414,-1.1047,5.949,9.52,6.2598,5.2964,3.8737,-7.7305,-13.064,0.51231,8.8847,1.3966,-4.7265,-7.0722,-4.7026,8.9654,14.087,-1.994,-12.069,-2.8711,4.5511,1.243,-2.5131,-2.8745,-3.4358,-3.3099,2.6508,8.4689,1.5003,-8.9472,-6.1168,2.0298,5.2569,5.3069,0.17581,-3.161,2.8456,5.3654,4.7355,11.245,8.4685,-7.1133,-11.677,-5.1149,-1.2923,-2.0241,-6.2304,-5.3619,0.84833,-1.0446,-5.0047,-4.0344,-5.1098,0.0093783,9.5593,6.8195,2.8946,6.7158,6.708,4.7355,2.8388,2.362,8.305,2.057,-15.524,-12.947,-1.9541,-4.1133,-5.2191,-5.1873,-3.2252,9.8669,10.76,-1.5926,0.15058,3.2614,1.225,8.4965,5.9134,-8.6785,-10.047,-7.3054,-8.5307,-4.3217,-2.5979,-0.69896,10.516,17.233,12.798,2.8652,-6.4372,-3.9981,3.1864,2.5288,2.724,1.3065,-9.8807,-14.693,-7.6437,-3.7182,-5.2219,-3.7904,4.7307,12.144,7.8308,3.2016,9.1492,11.409,2.6276,-6.2353,-7.8261,-2.6278,0.28889,-7.091,-13.575,-5.4325,6.0671,2.3594,-4.6672,3.6973,7.2918,-4.8756,-0.6916,15.736,8.3576,-5.352,-0.4905,2.9656,-2.7524,-6.3783,-6.1596,0.30107,5.507,0.50505,-2.3018,0.32297,-0.77804,-0.74205,1.7773,0.91429,-3.0298,-7.9925,-4.6648,5.7066,3.5339,-2.5376,4.9923,5.6753,-5.3197,-3.6079,3.6138,2.0686,3.5579,7.0289,1.8787,-4.2723,-3.6026,1.8066,5.371,-1.4591,-11.61,-7.6897,4.7837,5.8195,-4.4468,-11.144,-7.0696,4.1143,10.269,6.0832,4.668,6.6656,-3.5674,-12.055,-0.3984,7.8008,0.69488,-0.14695,3.1876,0.41913,1.5886,2.409,-2.3091,-0.033872,1.1654,-7.9381,-8.1015,0.36776,-0.36567,-2.3624,-2.4447,-7.8843,-1.1585,16.296,11.715,-3.0063,0.97877,1.2386,-8.6768,1.0696,12.782,0.96094,-6.6525,-1.2564,-2.858,-4.1893,-0.5221,0.40906,2.8305,2.7771,1.5256,7.739,4.3283,-6.9432,-4.0272,-5.738,-14.44,-3.4329,2.0297,-8.9591,1.5941,15.72,4.2341,-2.0987,6.1058,10.575,9.7072,-0.73441,-8.1446,1.1988,2.8236,-5.456,-4.3149,-5.8838,-7.5355,0.2467,-3.3761,-7.26,8.8348,14.207,1.7918,1.6107,7.5508,1.5118,-8.8908,-11.781,-7.0522,-5.6384,-6.8345,0.23847,6.8961,7.1656,8.0404,4.2353,-0.25297,2.6202,1.4785,2.2326,10.583,4.0541,-8.1146,-3.4116,-1.8022,-10.986,-13.806,-8.5015,5.2469,14.67,3.8896,-1.3413,9.4833,6.6874,-6.967,-12.575,-10.557,1.7662,9.8489,-0.28537,-3.5398,2.5992,-3.4248,-2.2734,13.946,12.7,-5.5218,-12.605,-3.7242,7.4884,4.658,-7.1709,-4.5098,5.0677,0.52759,-3.7671,4.6478,8.8585,2.3112,-4.6735,-6.5978,-2.7623,1.3475,0.49294,-0.13067,-1.3264,-7.4175,-5.0628,9.8406,14.262,1.4388,-9.3499,-10.2,-5.3598,2.5171,4.9847,-3.1136,-8.0935,2.3073,12.648,4.2982,-7.056,-0.46412,10.74,10.481,6.7453,6.14,3.1719,-5.9376,-12.678,-5.6806,2.552,-5.1695,-15.651,-16.057,-10.249,2.9884,12.937,7.2812,2.6759,6.3718,6.9842,7.9382,6.4063,-4.9838,-11.846,-8.1156,-2.0626,5.1075,8.2959,5.854,3.6392,1.0233,1.5416,1.5128,-8.5744,-9.783,3.512,3.5744,-3.6946,-0.66522,-0.46417,-2.131,-0.59784,-5.315,-3.4275,8.8318,8.586,-1.925,-8.8182,-10.5,-3.0494,4.9734,3.4543,1.334,2.4551,6.0161,9.2041,0.88809,-7.8366,-1.0365,7.1827,8.9932,7.3505,-1.6155,-6.8405,-3.5104,-3.238,-3.1959,-7.0449,-16.41,-7.78,7.69,2.7472,1.2415,11.34,4.9413,-5.4579,0.37389,5.7979,2.9204,-1.4805,-4.7813,-1.7041,4.0491,2.9958,0.19638,0.19664,-4.8139,-11.462,-3.3008,12.575,11.713,-0.16318,-5.7021,-9.5731,-6.8541,8.7673,16.041,9.9568,4.2636,-5.8634,-15.128,-10.484,-4.3227,-2.659,1.0572,0.52542,-3.9465,-3.9236,2.0657,11.995,12.895,0.77524,-3.7143,2.1851,2.1411,-3.8762,-8.8346,-6.047,3.2006,3.1645,-2.2709,-0.65756,-0.88064,3.1273,15.709,8.7081,-8.3657,-1.3557,4.8943,-9.4729,-10.296,4.8132,4.5334,-5.3475,-4.1087,1.4144,-1.9551,-7.2393,-2.4172,4.8133,3.1798,-0.93924,-1.8077,-1.3428,1.9913,5.088,4.3886,3.9514,0.517,-4.9461,3.2057,16.277,8.1962,-9.5107,-12.072,-7.6815,-6.6466,-2.077,5.3245,8.5372,5.1676,-2.1932,-6.3808,-6.9283,-4.3117,5.1451,6.8906,-5.2369,-4.8115,5.4105,-0.090861,-3.3509,7.5382,8.0416,-0.75733,-5.4865,-6.1873,2.5807,6.1924,-6.8721,-7.4474,4.2039,1.4879,0.4179,7.4716,2.9737,-3.2939,-3.4682,-1.4184,8.2717,6.996,-8.6459,-3.3132,10.463,2.7684,-3.0266,-1.081,-7.8299,-6.7157,1.7779,-1.2392,-4.8474,-5.5147,-8.9425,-1.875,7.4409,0.83186,-3.8877,4.4675,7.194,1.529,3.7479,15.354,19.468,6.9509,-5.9177,-3.9153,-0.66089,-10.843,-21.163,-14.276,2.4226,10.491,7.1312,1.2144,-2.892,-2.186,3.8821,4.3462,-6.0387,-12.768,-8.3162,-5.3757,-5.9883,4.3323,19.509,16.729,3.3058,3.2071,5.6412,-5.656,-8.4273,4.2431,0.98109,-11.878,-2.78,5.9594,-6.2875,-4.3265,15.555,16.247,4.8016,-0.93916,-13.402,-19.882,-4.3206,2.5199,-9.5803,-7.6251,5.6013,3.8163,1.2234,10.935,8.8954,-5.1601,-3.3396,4.8919,-0.8301,-4.393,-0.72295,-3.9803,-2.0415,11.081,15.439,10.736,5.6991,-2.5201,-5.9484,-3.8735,-10.191,-17.536,-14.553,-8.4869,-0.37818,10.299,13.009,7.1122,3.8378,7.0865,6.9388,-3.2433,-8.9772,-3.4736,-3.4087,-5.6619,2.7841,4.6213,-4.389,-2.0921,2.9295,-2.968,1.4079,13.849,4.7169,-12.016,-8.28,0.46997,2.2691,8.5854,10.576,2.2479,-0.61415,-1.0919,-4.9713,-4.9932,-9.0022,-7.6458,12.326,11.78,-12.227,-8.1878,2.0483,-9.7323,-0.52361,15.758,2.2672,-3.662,-1.3475,-11.169,2.5745,16.054,-7.4175,-6.659,18.616,4.0343,-10.07,10.575,11.328,-8.2649,-7.7587,2.0551,0.5178,-10.258,-12.61,0.60206,5.4952,2.7878,10.089,4.6688,-8.9258,1.7587,6.1345,-12.143,-9.424,3.5683,-8.5324,-16.078,2.3289,17.784,12.999,1.1904,-1.2357,2.4236,2.2179,4.5302,9.6278,9.2139,7.89,3.34,-7.1194,-11.753,-15.144,-19.901,-12.353,-3.9019,-0.38648,11.278,9.4987,-8.0929,-1.9089,13.311,7.4738,3.8256,6.2538,0.43399,-1.2518,-2.2023,-7.0268,-0.92858,6.3348,6.3898,8.0422,1.2989,-9.5088,-6.8046,-4.1281,-6.504,-2.0855,0.78759,-0.055637,0.97165,-2.582,-5.4414,1.7621,12.909,13.572,-3.428,-11.87,1.532,-0.89192,-11.855,5.7091,12.676,-7.2682,-3.1464,10.745,0.16209,-4.4689,6.5028,8.4619,-3.604,-15.059,-2.588,15.143,0.74794,-12.973,-2.6256,-4.355,-7.5664,8.9543,13.744,1.8581,-8.3646,-12.926,-1.2065,14.331,13.489,6.7285,-4.5352,-15.093,-10.59,-6.533,1.9913,21.408,8.0641,-22.512,-12.626,9.3374,12.266,12.644,4.4354,-4.5121,-2.1775,-7.1536,-3.6888,13.403,5.2294,-11.554,-10.086,-11.363,-4.1659,15.818,9.8167,-10.199,-10.871,-2.8726,3.9836,7.8501,5.6304,3.5737,-0.75242,-3.8238,1.7511,0.75536,-2.6149,6.3954,4.2017,-10.822,-5.7415,10.354,11.284,2.8147,-3.4297,-3.6977,-0.67597,-2.305,-7.962,-11.015,-6.8949,1.6992,5.5543,5.6666,4.3936,-1.0569,0.16194,5.2445,-4.1307,-9.2406,3.9413,5.8297,-3.3884,0.05912,4.0983,3.1195,8.1967,7.9642,-0.43199,-3.5871,-3.2735,-0.78491,1.7526,-6.8071,-14.39,-7.2921,-2.5497,-1.0058,10.515,10.388,-7.5266,-8.8393,2.0417,-1.8591,-1.4517,11.517,10.621,5.3643,12.026,8.9644,-3.7741,-5.7929,-5.3823,-7.7095,-6.2803,-8.6652,-9.5799,0.75463,5.0986,-1.6889,-3.6351,-2.5258,-1.558,2.8783,1.4136,0.068555,13.1,16.479,-2.2334,-6.2053,9.2496,6.9364,-7.929,-6.1313,2.238,-2.7621,-11.648,-7.0973,6.347,10.434,3.8043,-1.6646,-4.3549,-5.4049,-5.5459,-7.2466,-1.2152,10.683,7.1868,-3.5177,-0.95038,1.6105,-2.2272,0.41765,1.4129,-4.5748,-4.2706,-3.2952,-10.218,-4.2438,19.792,24.658,2.7668,-4.3055,4.5792,1.6491,5.8191,16.638,-1.601,-19.513,-8.0216,-8.9873,-21.274,-8.4657,4.5353,-2.6724,-7.2803,-2.3246,3.3698,3.8229,4.4634,13.555,11.99,-3.0515,-2.5851,2.5311,-3.4739,3.6052,15.888,5.7879,-11.152,-11.014,4.7346,12.96,2.9291,2.4098,10.604,-3.0847,-16.742,-10.577,-8.1956,-6.6866,-2.8331,-12.022,-14.078,0.54676,6.3877,6.1753,15.308,21.692,7.1013,-15.299,-10.436,7.402,3.493,2.9231,8.9148,-8.6988,-12.196,9.1492,2.8102,-8.0324,7.4683,10.461,2.3376,4.5729,4.0768,1.6501,-6.7912,-17.93,-6.4098,0.1178,-15.756,-8.5753,8.0051,-2.9245,-7.4854,5.9935,12.787,15.131,11.208,1.8803,-0.076891,-4.8332,-13.455,-11.838,-4.6778,5.2914,10.842,-1.2636,-7.9659,8.2945,18.668,9.774,1.4926,0.21967,-2.4073,-6.1947,-7.6713,-10.211,-11.353,-6.0554,-2.5741,-0.81481,4.8797,4.2333,5.4977,16.567,7.4687,-12.653,-4.1585,7.7208,-1.4189,-5.8982,-4.4217,-6.0396,-4.0211,-3.7636,-1.2724,4.6985,0.099227,-0.8111,7.6931,5.7647,6.0067,12.418,3.1481,-6.0619,-1.7505,0.20833,1.5401,1.9395,-2.4689,0.058679,1.0757,-6.8352,-8.2485,-5.7391,-2.5884,4.5887,1.4358,-5.6104,-2.5996,-4.1813,-6.1633,-0.48393,-2.8903,-0.22161,13.196,5.6284,-8.4635,1.3212,11.327,8.1267,4.3346,-1.2909,-0.93764,8.6721,9.3636,4.1494,3.6385,-0.47216,-5.6316,-8.0078,-15.457,-15.437,1.8735,10.404,-1.9762,-9.6402,-2.1778,1.5421,-4.5857,-6.5381,-1.8574,-1.0421,-1.5828,3.8034,6.5267,1.3661,-1.8999,0.64383,6.3385,12.419,12.55,9.7521,10.022,6.7563,1.9574,-0.68321,-11.633,-18.371,-5.3069,2.452,-3.4325,-2.7242,-3.2474,-9.2878,-7.9957,-5.9091,-0.44031,8.0356,-3.9845,-13.997,5.1966,11.427,-3.7644,1.2347,10.544,4.606,10.01,18.394,6.3913,-5.0752,-2.0785,-2.8078,-13.191,-14.891,-1.665,3.4955,-3.2136,4.5887,16.532,5.9185,-3.164,7.9146,10.84,-2.7594,-12.859,-14.303,-9.4487,-5.5936,-12.018,-14.78,-5.5895,-0.6033,5.2423,18.142,14.609,2.2926,5.507,6.3932,2.5942,8.362,2.6162,-4.9265,7.2829,0.80754,-16.702,0.7389,9.6311,-10.963,-6.3513,7.0696,-3.0989,-5.9326,-3.0759,-5.0112,5.5902,7.7184,-5.9391,-4.7474,3.9993,6.9966,5.6344,-7.6688,-10.95,2.44,-4.856,-16.701,-0.99629,11.526,8.2585,6.4364,0.12737,-2.6773,8.3135,13.381,9.095,6.2883,-1.0445,-11.069,-11.305,-3.1272,2.544,2.6329,2.1943,0.18721,-4.833,-7.8738,-10.39,-8.9246,1.3285,4.3097,-0.43213,3.0598,2.4471,-1.5209,8.5871,9.8001,-5.0286,-6.2817,-1.2493,-1.2758,4.7098,4.3404,-1.376,3.6792,1.9918,-4.3439,4.5587,5.591,-6.1827,-2.4073,5.8909,2.4607,-0.44663,-2.644,-4.2752,1.9258,4.2829,-2.726,-5.7839,-4.1188,-6.1647,-9.948,-7.7932,3.3324,14.249,10.085,-5.1498,-8.4678,2.5501,4.3405,-3.6805,-1.1686,6.6366,6.8986,5.3517,3.7953,2.5282,4.7037,1.4161,-5.1704,-2.2282,-0.10538,-6.6671,-8.5972,-4.1827,-1.3362,-0.95753,-0.17096,4.821,5.3395,-3.5194,-2.8907,3.4874,-4.4493,-6.1876,7.7569,7.9505,-2.0219,-5.8519,-12.305,-8.1592,12.136,14.903,2.3508,3.2194,7.2742,3.1496,0.52385,-0.57383,-3.161,-9.405,-14.667,-2.7101,10.785,-0.56049,-8.6998,6.9206,10.753,-5.3559,-9.1315,2.3735,9.3063,4.6205,-3.7755,-3.6762,0.7157,-1.5648,-3.04,0.42638,-1.0428,-2.707,4.4948,6.9828,-6.6204,-18.054,-8.8924,6.8966,10.716,9.4769,11.771,12.62,8.6763,-0.59208,-11.03,-13.641,-11.14,-9.2459,-3.2391,4.7225,6.8704,5.5465,5.2768,5.6369,2.4063,-4.6596,-5.2352,0.28174,-0.22469,-2.2809,-2.3557,-9.1486,-11.648,0.029951,7.013,2.0277,-0.6826,2.7941,7.9235,9.8889,5.7744,1.6549,1.8905,2.9723,0.1135,-9.3163,-13.455,-0.40651,9.9009,0.15948,-8.4867,-2.0614,4.1728,4.5613,5.5511,3.7753,-3.8059,-9.715,-7.0976,-1.477,-4.4316,-9.3791,-0.55075,7.5514,-0.32416,2.5986,19.565,11.27,-8.731,-3.2391,2.7406,-3.9459,1.2955,3.4873,-4.0515,3.6774,6.4424,-7.057,-2.8455,6.0716,-3.9906,-8.6084,-6.272,-6.0519,4.9364,8.1854,-3.9374,0.37615,9.3053,-1.3185,-8.6351,-3.9326,1.1586,5.1601,-1.0291,-6.9198,6.7591,12.456,-3.5101,-6.5291,4.2261,4.5305,2.2327,2.3821,-3.9399,-7.3605,0.12994,6.9201,4.2131,-2.8392,-5.9916,-3.7065,1.436,3.8197,-5.0532,-15.719,-7.8566,5.5896,3.3573,3.2656,12.363,6.2824,-4.1133,2.8631,4.511,-1.8813,9.8029,15.156,-9.1739,-22.511,-7.1373,5.6887,7.6429,4.9064,-3.5181,-8.8602,-11.18,-12.388,0.49834,12.414,-0.70575,-12.784,-1.773,6.972,3.2443,5.6334,15.284,19.213,14.266,6.0182,-0.44744,-4.9215,-7.8664,-7.802,-5.1089,-3.7777,-9.0061,-17.191,-16.661,-8.909,-6.1969,-5.9597,3.5289,17.447,18.924,9.3894,7.1866,9.8616,2.4938,-5.0755,-1.6078,3.1949,2.9443,-3.0629,-8.3444,-0.32452,6.0283,-2.1348,-0.48631,8.6464,2.5914,-0.11265,3.6234,-8.1642,-16.462,-13.626,-20.884,-18.814,1.409,8.1539,8.4422,17.845,15.585,8.5204,16.628,17.23,-2.0859,-14.871,-12.47,-10.597,-5.912,9.6932,15.506,2.5082,-4.7852,-4.1238,-8.2601,-6.8481,-4.9719,-11.689,-4.9711,9.0801,5.7076,3.4493,8.4965,2.0461,0.068112,8.5547,3.7897,-6.7719,-7.7129,-6.9649,-5.4673,-3.0799,-4.8503,-5.071,-1.1482,5.1263,15.33,19.924,9.772,-3.5193,-5.7815,-1.1186,0.62311,3.2695,7.738,1.7652,-6.5612,-2.3816,-3.1974,-15.736,-18.366,-13.716,-14.013,-11.078,-2.5279,9.6715,23.379,24.215,12.51,4.7496,4.4685,10.474,15.147,4.7184,-9.0809,-10.594,-12.358,-18.402,-14.034,-2.4797,0.51077,-4.5877,-3.1139,8.5155,14.44,8.7881,7.9592,15.077,10.116,-9.2155,-19.24,-15.202,-15.263,-17.044,-10.367,-8.722,-12.902,-2.024,18.814,29.893,31.178,27.587,23.321,23.497,18.199,-1.6292,-21.42,-27.332,-27.054,-28.13,-25.655,-19.558,-13.512,-4.3651,4.2514,6.7517,10.108,13.635,10.737,7.9887,8.7306,12.336,16.117,6.4776,-4.7407,1.7491,1.0602,-7.2451,4.6768,3.5203,-20.715,-14.118,3.9979,-6.8107,-6.0369,13.113,11.426,2.0912,2.7154,3.8841,3.9259,-3.9012,-15.713,-16.062,-12.983,-9.7453,-3.3728,-5.8591,-5.12,10.448,15.528,8.5074,9.0551,10.1,9.2381,13.756,15.036,8.5896,0.92496,-1.7215,-1.4508,-8.8808,-14.877,-6.482,-4.3898,-16.728,-19.196,-9.3527,-3.5616,-4.9386,-5.5931,1.9238,7.6063,5.0584,10.985,19.134,12.452,7.5885,5.9843,-5.7485,-6.4076,6.6739,6.9392,0.67938,-1.5618,-6.0118,-4.7649,0.6626,-1.3046,-4.4159,-7.4103,-13.556,-17.068,-16.451,-3.0269,19.28,17.697,1.2837,6.697,15.265,9.7328,12.208,14.052,2.0339,-2.9997,-3.7626,-18.025,-33.371,-32,-12.743,4.4706,-0.53362,-6.1652,9.3258,23.869,24.644,19.949,10.766,5.188,3.0175,-5.9543,-8.0369,-2.6431,-9.5218,-13.768,-2.4916,4.7369,4.8257,3.2884,-1.5513,-2.0313,-3.4075,-11.047,-9.4367,-4.7437,-9.6367,-6.749,7.6798,14.35,7.3046,-1.1775,4.4505,11.474,1.5659,-0.80972,10.139,4.0616,-4.2577,2.3256,-0.27413,-4.8797,3.7474,5.3306,-3.5382,-11.323,-12.026,-1.9249,0.28773,-5.3583,4.9447,7.4247,-12.154,-14.561,1.9041,10.462,7.412,-3.9879,-0.68289,16.714,5.2363,-13.915,-0.18351,10.6,4.9135,4.5211,-4.2829,-11.038,2.4151,6.0919,-4.199,-6.6576,-5.262,0.66773,7.3028,1.2427,-3.9063,0.66475,3.5321,3.62,3.9143,6.2426,4.891,-6.7817,-10.893,-6.7347,-14.121,-15.864,-5.9431,-2.7245,9.847,22.852,7.6986,-0.1577,12.572,8.2019,-0.48681,5.0719,6.5461,3.238,-5.4884,-18.839,-17.888,-10.249,-4.6758,8.2701,13.636,6.3165,2.2894,0.92572,4.7611,4.8817,-12.842,-18.272,-5.1814,-3.5769,2.7704,14.619,3.6131,-2.6853,6.1214,-0.93351,-6.1584,3.687,7.0152,7.2821,3.9484,-6.283,-6.3214,-2.8203,-0.94432,6.6191,-0.11106,-12.016,-0.44319,8.9477,2.6433,0.098616,-5.6554,-8.587,4.2726,9.8022,1.6488,-6.6524,-10.178,0.62124,9.6611,1.5479,4.4811,10.063,-9.385,-14.668,5.9585,2.3702,-16.928,-9.9694,8.2194,10.006,4.0948,4.9678,4.6068,-2.2008,1.1708,11.085,6.1849,-0.60162,2.5716,-3.7578,-15.664,-12.365,-2.2803,0.80426,1.4826,5.2504,5.5617,-2.5571,-4.8528,4.484,4.6701,-5.7793,-4.9715,4.348,3.7241,-5.8016,-8.6671,-0.98979,3.2117,0.44556,1.4426,3.8362,3.1369,3.3942,4.1664,7.1481,7.7634,-2.2349,-5.8967,2.4167,0.87169,-3.2649,1.8425,0.047417,-4.295,-2.3549,-4.898,-4.7402,-0.95424,-6.845,-8.5525,-3.3543,-6.6674,-5.0403,3.1648,1.3131,4.2958,15.834,13.406,4.9491,6.7908,9.1424,5.2673,1.5732,1.2185,-1.6011,-9.9539,-13.237,-5.8913,2.4908,2.534,-5.45,-6.8833,1.5626,-1.3139,-9.6415,-4.1102,-4.1348,-10.06,3.0682,13.524,6.7543,7.1217,6.4164,-3.1297,2.225,11.526,4.4302,-2.3681,-2.6046,-6.1156,-6.7445,3.5031,16.526,14.949,-0.6518,-11.587,-16.936,-19.985,-13.253,-7.5053,-7.2214,2.1635,9.2918,5.3281,8.4954,13.754,10.275,10.771,13.983,13.452,12.227,-0.25693,-21.326,-27.111,-18.231,-12.533,-13.901,-11.761,3.0377,12.599,1.0977,-2.0081,17.827,24.537,9.3337,2.1534,4.3796,-0.80529,-5.1402,2.3873,6.4335,-5.9875,-17.592,-12.005,1.3535,8.9665,4.2023,-7.9795,-8.9931,-2.3593,-6.8581,-6.9697,8.277,11.551,2.8599,4.2372,2.8895,-4.0419,2.7254,6.7978,-4.2724,-3.2245,8.9431,4.0174,-10.784,-13.741,-4.8749,5.8704,8.7266,3.6069,2.0183,4.5528,0.017748,-6.1334,3.458,16.72,6.7748,-9.3593,-7.4195,-10.133,-20.481,-11.384,-1.0786,-2.9094,7.5409,13.661,-0.009471,-0.42416,9.5159,8.9513,8.4122,-1.7068,-15.844,0.87372,19.731,6.7923,-4.1648,-3.6493,-8.5254,-6.0769,0.26096,-1.1733,0.7126,1.8722,-4.7757,-8.2219,-4.4829,4.1905,8.1428,-0.30179,-5.3344,-3.5678,-4.3464,2.6806,8.55,0.093058,2.1628,11.147,0.58338,-7.1153,0.93,2.2127,2.2478,6.0186,-1.8905,-7.7404,1.43,1.7692,-11.701,-9.1601,9.5336,9.5766,-6.8081,-6.3629,4.1705,3.9899
-9.1992,-5.6721,7.2295,6.3882,-4.4481,4.1041,15.537,13.991,9.3111,-2.4955,-12.065,-6.9867,-1.8805,3.0238,8.6244,0.60439,-4.9838,3.3963,6.0441,3.7715,1.155,-7.004,-7.7159,-4.7383,-8.7797,-2.8386,4.1096,-3.5749,1.8777,15.668,3.9986,-10.273,-4.3186,-1.4391,-5.3265,-2.684,-0.076293,-0.67994,1.5898,5.0696,4.8274,1.8233,1.3381,2.1309,1.1022,4.7366,13.839,20.148,16.973,-4.3332,-28.695,-22.364,-2.63,-4.5624,-7.2887,-2.0822,-12.232,-13.247,8.4694,9.7606,-2.0861,9.3165,13.822,-5.3913,-9.0033,5.6329,10.246,7.3997,8.3389,9.3166,6.0172,1.6117,-0.98376,-4.6848,-5.5631,-3.1782,-12.709,-23.763,-13.356,-0.68707,2.0413,11.094,11.44,-3.4133,-4.0913,5.0841,9.3997,17.401,15.026,-0.84355,-4.2135,-6.7984,-22.637,-23.091,-3.9776,7.1439,4.9031,0.44359,0.5533,5.6819,15.177,25.792,22.844,6.0789,-6.842,-20.568,-34.149,-23.197,-1.9457,0.51669,-0.8826,4.5846,3.6698,-0.018165,3.695,13.346,19,9.5101,-5.4229,-9.0588,-7.504,-8.0599,-4.5642,2.7671,5.7408,3.6719,5.6268,8.8113,0.89161,-5.1042,2.945,4.0523,-4.6557,-6.8577,-10.657,-11.292,4.2545,8.1441,-7.6987,-7.6705,4.4564,2.7325,0.66256,4.3204,-4.8536,-12.516,3.1601,16.51,9.0967,6.9382,11.42,-0.55947,-10.558,0.015237,7.7203,3.6196,-0.68323,-8.283,-16.555,-14.851,-5.7584,5.5757,14.401,12.346,-0.92607,-14.395,-13.844,-0.29794,6.2745,0.42247,-0.74109,6.1601,5.4797,-0.37917,9.3825,22.931,10.517,-6.1228,-0.58088,-3.6773,-24.189,-27.215,-12.461,-1.0869,-0.031553,-5.4226,0.64809,11.837,9.2536,14.689,26.999,17.98,10.798,12.775,-0.52584,-9.1862,-14.45,-31.769,-23.179,-3.2343,-11.623,-6.3367,7.9747,-9.381,-6.5933,20.958,11.654,-1.183,11.322,6.3169,-5.095,1.359,3.1968,1.5656,6.3446,6.2305,1.5427,-2.637,-3.5248,0.081456,0.1287,-0.77635,3.3769,3.9739,-3.2264,-12.911,-11.099,5.5154,6.9953,-8.0237,-5.1334,0.77673,-7.8963,-1.3404,10.862,0.4325,-7.5858,-0.11956,3.0023,1.2714,0.59538,0.48438,0.78559,-0.87697,0.5056,3.4998,1.5916,6.6707,13.648,3.8232,-1.8648,8.7002,7.4138,-4.5441,-4.7512,0.15067,-0.93746,-8.2247,-16.923,-14.398,-3.7188,-1.424,-3.3111,-0.16333,-0.016279,-2.3888,4.9283,13.688,7.8609,-2.0129,-3.1135,-1.9785,2.5492,7.5857,-3.6484,-13.513,1.4069,11.736,1.702,1.4779,11.858,9.4025,-1.3762,-4.5004,4.259,9.9674,-4.1936,-16.327,-1.9117,12.005,1.8585,-8.9974,-6.2303,-7.2318,-13.792,-8.202,2.0682,-2.0013,-8.4208,-5.2428,-3.4678,-0.13142,8.8315,9.2171,3.9597,3.6568,5.296,9.5427,9.72,3.2078,7.6987,12.452,-1.2663,-10.145,-4.3428,2.1753,6.1802,-2.553,-7.6959,11.991,10.929,-10.805,8.0627,21.806,-16.746,-33.287,-14.679,-16.579,-22.619,-20.207,-25.524,-22.627,-10.823,5.0867,27.646,29.5,21.601,34.233,35.396,26.699,36.655,25.172,-0.11884,13.531,19.503,-13.68,-30.354,-30.8,-42.493,-42.083,-31.51,-29.704,-20.428,-4.9098,-4.0416,-5.0733,9.4013,20.327,12.29,6.2353,14.395,20.997,21.752,20.022,13.61,13.169,19.906,15.809,2.1283,-6.2192,-6.971,-9.1356,-18.41,-19.713,-10.707,-16.202,-21.017,-2.1324,3.9072,-9.6494,-3.9383,6.9713,1.9556,-0.29622,1.558,2.9847,3.6131,-6.5737,-7.9867,10.409,16.939,14.782,19.991,9.9159,-5.1631,0.78918,6.0342,2.3123,0.04912,-14.01,-27.131,-17.223,-9.9201,-12.76,2.2363,19.008,10.157,-0.11499,6.7521,13.854,14.719,8.5799,-7.0008,-10.503,4.9567,7.4692,-9.3962,-20.245,-19.133,-12.092,-5.034,-3.235,4.6519,18.895,17.559,4.3298,-2.5275,-4.5541,-0.84788,6.1317,0.65988,-6.8035,1.6174,5.6919,-5.7982,-5.8577,9.1462,14.19,9.9967,8.013,5.7953,5.3422,-0.78011,-18.363,-20.748,-11.788,-21.006,-13.985,17.336,5.8532,-23.601,-1.3046,21.156,1.898,-5.7404,9.0569,17.162,19.098,16.162,10.481,1.4921,-17.644,-23.895,-9.0142,-2.9653,-2.0299,5.7282,-0.26216,-9.7309,1.9108,12.65,5.7034,2.5807,6.9553,-0.71042,-11.708,-6.1656,1.9159,-0.52713,-4.4033,-6.8275,3.1245,19.376,1.7583,-22.911,-3.7628,10.371,-2.9471,6.1645,13.816,-2.1188,-0.29701,-1.1064,-21.074,-12.847,10.295,12.328,7.6813,0.87025,-4.2887,-4.3731,-10.451,0.74117,24.878,17.341,2.9414,1.6332,-17.56,-24.207,-1.6,0.50088,-6.7695,3.1453,5.3141,3.6713,5.932,-1.1203,0.049885,12.495,13.122,1.8825,-13.135,-16.222,-5.8372,-10.968,-13.033,9.634,6.8605,-14.75,0.08603,10.097,-10.757,-1.1451,27.217,17.868,1.7109,11.111,14.606,3.2734,0.77805,5.883,5.5806,-2.3207,-18.484,-29.231,-18.835,-8.5378,-13.798,-8.5827,5.6578,-2.3033,-18.01,-10.008,11.484,22.606,22.004,23.473,25.8,13.418,-5.0464,-12.704,-16.13,-14.251,-1.5728,5.239,2.8653,3.335,-0.91382,-10.823,-6.2267,11.536,14.632,-0.43222,-3.2585,8.0006,1.2199,-18.737,-22.868,-11.158,5.2997,9.5621,-8.5291,-16.93,-2.0059,2.9523,1.7165,17.853,26.661,7.3776,-11.88,-2.7253,13.229,2.1901,-7.3677,13.161,21.216,5.7183,1.7919,-4.4987,-19.702,-22.333,-26.748,-22.722,6.3124,12.025,-5.5323,2.4122,11.499,6.2806,15.633,18.076,0.87362,-4.5394,-1.7622,-7.37,-14.961,-14.164,-0.43926,4.0034,-5.189,7.8054,21.863,3.1675,-1.4258,16.479,9.4427,-1.8826,4.3578,-3.2762,-22.256,-29.099,-20.896,-4.5092,-1.3047,-4.0461,14.181,25.684,15.201,17,18.854,3.4775,1.6254,2.2032,-18.11,-26.357,-14.677,-7.5261,-1.0568,0.16729,-11.155,-10.008,5.7923,10.977,7.0976,4.8232,4.1985,7.3874,7.9851,1.2357,1.9576,12.739,11.683,-6.7577,-20.46,-15.455,-2.696,2.7012,1.3354,5.5089,14.944,9.714,-9.0232,-12.288,-3.0654,-2.3219,5.6299,18.714,2.9449,-20.974,-17.379,-9.1855,-8.2596,-0.58466,-0.92028,-10.106,-5.0634,8.6857,18.136,21.094,17.999,19.761,15.446,-8.1272,-14.148,1.5024,-7.0242,-19.873,-6.7825,-4.5248,-12.098,2.7541,14.867,9.5314,8.3185,6.1149,-2.9314,-8.0566,-7.93,-2.0982,-1.6331,-15.87,-18.991,-4.1093,2.3728,3.2035,4.6656,-3.7135,-3.1608,15.799,22.064,10.942,6.2846,6.1033,-2.798,-10.354,0.92786,15.436,6.0941,-4.1932,5.8481,-0.26764,-19.911,-5.9664,12.574,-6.2938,-21.07,-6.5174,2.7917,-7.2529,-19.282,-12.547,10.955,16.805,-0.93004,-11.622,-9.6199,0.62599,17.508,22.052,15.772,11.363,-2.0672,-10.418,6.0968,16.36,3.4622,-6.8658,-4.1091,-1.4186,-14.996,-27.545,-4.2844,19.667,7.0902,3.6761,11.287,-7.0222,-8.072,13.857,2.2909,-10.993,3.1558,-5.3321,-27.127,-19.508,-2.5188,2.7036,-0.44903,-6.1561,-7.2251,-10.578,-7.2283,18.747,33.994,22.105,17.415,20.292,12.872,4.5488,-1.179,-2.0475,7.8845,16.89,12.376,-6.9016,-26.354,-29.698,-26.814,-17.998,0.96255,0.46889,-13.191,-13.211,-26.561,-40.444,-18.11,-3.0296,-3.3423,13.188,13.393,13.274,45.386,42.243,17.771,44.81,60.157,37.606,40.434,31.497,-10.862,-24.646,-28.956,-59.266,-79.34,-74.011,-57.191,-44.561,-37.202,-4.7231,30.599,22.154,12.66,30.82,36.29,32.395,34.245,26.347,16.911,6.9939,-6.9295,1.0811,18.434,12.422,1.2436,-2.0423,-6.7305,-5.9795,-7.0165,-17.463,-14.195,-2.4314,-16.793,-39.148,-28.551,-10.712,-18.554,-13.608,16.317,20.024,8.0833,20.717,24.283,9.415,22.983,43.036,17.554,-24.947,-33.511,-17.322,-11.264,-14.268,-6.3712,8.2916,19.012,17.017,-1.8991,-3.6896,21.107,17.842,-10.779,-15.554,-12.791,-12.918,2.7268,5.4253,-9.8522,-7.802,-1.8471,-7.7332,-8.9208,-4.4452,4.2123,8.1885,-5.9076,-10.219,9.7667,19.91,10.771,2.5444,4.5847,11.067,7.12,-2.0085,-3.645,-4.3967,2.7201,13.741,2.4517,-10.008,-5.0396,-8.3825,-10.319,-4.9292,-13.386,-7.5591,11.066,-1.3196,-9.9833,5.4894,-1.2905,-11.514,6.3801,22.576,21.331,0.26638,-22.383,-7.7394,8.8018,-6.8654,-2.7231,19.326,9.3438,-6.6594,0.79434,12.135,13.437,3.5057,-4.9766,-7.1301,-17.472,-19.993,-6.1157,-8.6793,-17.173,-0.49543,14.171,6.7161,3.5494,13.93,15.19,0.54755,-4.2915,7.1122,8.9075,1.0067,-3.8941,-7.8755,-2.0132,2.9981,-7.0493,-0.036144,11.895,-11.901,-21.947,0.35458,-6.3,-15.852,10.005,14.439,-2.2993,8.193,14.112,-3.2478,-2.4693,13.45,11.269,-1.2355,-4.8025,-6.9953,-10.352,1.0982,12.482,-0.56482,-7.6964,8.9172,7.7502,-15.346,-18.674,-2.0505,3.9441,-6.3164,-10.14,2.1146,5.677,-4.3324,-2.5933,6.2404,9.3256,12.707,7.4628,-2.3296,3.2211,5.2851,-6.059,-2.2092,11.016,7.9308,-1.2372,-2.1606,-0.41559,-6.9137,-19.575,-16.074,3.0476,8.9352,5.7171,8.9697,2.1813,-13.391,-15.437,-9.6776,-2.8019,8.9739,8.6199,-3.514,1.4862,13.254,4.883,-1.9716,10.178,15.094,1.5557,-12.383,-10.774,7.9931,16.803,-0.48045,-8.3022,1.9614,-5.9337,-17.247,-5.6129,3.1742,8.1524,17.564,-2.2469,-28.576,-13.175,-3.3537,-22.873,-12.022,14.117,6.287,2.4944,20.977,24.01,16.017,13.141,9.992,10.192,3.2635,-12.315,-10.382,-5.1922,-14.118,-9.3802,-3.128,-17.136,-12.285,7.5536,-2.7934,-15.32,0.25575,12.109,8.5024,5.692,5.8551,3.9047,-6.0568,-12.596,0.74751,14.929,12.867,6.4786,-1.4858,-8.4355,-3.9356,4.7126,10.956,16.418,16.38,9.9035,-6.8242,-27.259,-22.783,-5.8338,-14.201,-25.659,-13.491,-1.9514,-0.53169,1.1734,5.1464,20.265,34.111,22.934,9.9617,14.636,8.52,-14.244,-24.012,-12.954,1.593,1.2799,-11.775,-10.963,6.537,7.8032,-7.7049,-5.5685,7.5629,2.4699,-0.35261,18.283,17.538,-15.125,-27.228,-10.697,-6.3572,-6.4589,9.7651,15.812,2.146,-5.136,-2.7533,2.7626,13.913,16.689,7.9451,6.8399,3.8894,-13.535,-17.568,-1.6014,2.9722,-3.1461,-1.469,-3.0597,-12.018,-11.722,-5.0537,-0.72664,8.6145,12.469,-3.0366,-8.5885,10.123,14.743,4.6346,11.533,11.963,-7.0351,-7.8574,0.64166,-7.5814,-9.7492,-4.2276,-5.4884,-0.35789,-1.0809,-13.825,-3.9193,14.929,8.7648,1.3531,5.0701,4.9101,4.2151,-1.3501,-7.2028,2.6921,5.1959,-5.2103,1.465,7.4665,-5.5129,-10.492,-7.2848,-4.9817,5.1513,7.008,-0.93042,1.6536,1.7922,-2.1444,3.6522,0.39233,-6.6722,1.3451,-0.074456,-4.9599,9.6932,9.5981,-6.0183,-1.4083,-1.8544,-13.934,-2.1146,12.382,12.986,18.806,6.0878,-21.717,-16.402,-1.5652,-8.3001,-4.925,3.4087,-4.5979,-1.3726,12.605,11.434,7.5483,7.4965,0.26842,-6.7072,-9.7782,-10.504,-2.7158,4.4589,1.13,-1.3878,2.5445,3.6807,-0.073228,1.7534,10.632,7.1571,-11.81,-17.319,-0.90319,12.886,10.653,0.61361,-4.5717,-5.7783,-11.468,-7.4238,11.59,11.698,-7.7173,-8.3089,1.6792,-0.9918,0.31388,9.2669,10.092,6.4604,0.24973,-9.4658,-9.5111,-1.2919,-0.40477,-5.764,-5.9745,3.6378,13.514,8.432,-3.1178,-1.0047,5.7145,-0.85004,-9.738,-5.8696,1.0546,0.29453,-0.075351,3.304,-0.054566,-7.604,-6.137,2.1708,8.5641,10.107,3.3404,-5.5163,-1.9807,7.8011,3.9833,-8.839,-7.9452,3.4918,2.1746,-4.0691,4.8798,7.3795,-10.382,-12.951,4.3637,5.3938,-3.4773,-0.084071,1.9333,-0.78096,2.9824,2.959,-3.7901,-3.5664,1.6386,4.5032,6.4808,5.1437,0.6877,0.37306,0.67279,-4.7624,-2.8579,10.009,5.0366,-18.092,-17.826,1.5736,4.0143,2.5949,9.4637,1.6406,-11.392,-8.4687,-1.095,8.0539,17.588,8.5267,-8.2356,-8.2839,-1.4617,-1.2823,-1.1788,3.6021,5.2973,-2.1387,-5.7594,2.7799,7.9049,6.0775,5.6464,1.4626,-2.2929,-0.33487,-4.7126,-11.676,-11.174,-8.9694,-3.3136,4.7523,7.0899,4.7402,-7.8972,-14.558,13.661,32.407,2.7573,-16.806,-3.3826,-0.040109,-0.22579,8.4804,5.4806,-1.1049,-1.8641,-4.2759,-0.97654,4.2754,3.3567,1.5248,-8.5623,-18.187,-6.3741,5.0479,-0.21347,-0.82267,5.7117,8.9173,6.1907,-3.9262,-3.6614,11.466,11.935,-1.8094,-8.2049,-12.372,-11.863,0.48006,6.1704,2.4534,5.001,4.4013,-6.9253,-9.1532,2.9647,9.4886,3.7544,-5.7903,-11.437,-0.50695,20.513,19.311,-0.61564,-9.7937,-13.619,-13.457,3.9097,14.674,5.8687,-2.216,-11.28,-14.682,0.02089,1.2272,-9.0593,8.5086,22.995,2.6458,-11.637,-5.0891,-1.7776,-1.8113,-0.26213,3.9973,10.704,8.4985,1.2609,-0.056814,0.19939,2.6229,0.5679,-13.942,-15.143,2.2368,4.6071,-3.1755,0.30882,0.7245,-5.6107,-4.9525,0.018129,6.1703,9.7271,2.6032,-3.4662,4.1567,13.877,11.156,-4.0259,-13.797,-1.6228,12.005,1.219,-15.198,-15.193,-9.2565,-4.8105,-1.3713,-1.7148,4.0328,12.413,3.2677,-1.4756,18.565,19.163,-9.2651,-12.518,5.8338,6.2554,-1.5948,-8.0098,-14.752,-6.4866,5.6142,1.6627,-5.8467,-8.828,-2.5586,13.742,12.88,1.6096,10.273,10.227,-9.5192,-6.0374,8.166,-0.61173,-12.1,-12.848,-7.6813,1.5865,-0.86862,-7.5857,1.9946,7.2194,-2.596,-3.4161,7.2185,10.686,-2.4898,-13.384,2.8575,17.022,5.4539,7.5122,18.477,1.4708,-7.5918,5.7144,-1.684,-13.504,-2.9347,0.034886,-9.6837,-12.232,-12.751,-12.604,-7.1574,-1.896,3.0147,11.038,17.7,10.943,-7.2668,-12.034,0.45443,10.487,14.933,11.349,-0.23871,-5.5123,-11.789,-16.164,5.0239,19.135,2.165,2.5164,16.512,0.80813,-13.828,-4.3688,1.3868,3.5766,5.7906,-1.45,-5.015,-5.0804,-14.716,-22.485,-19.045,-6.8807,6.1,2.6873,-8.4451,-1.7592,14.551,21.074,16.396,6.8551,4.4878,7.0704,-0.92892,-6.738,6.9815,17.627,6.3112,-4.5154,0.57024,0.066103,-14.023,-13.714,6.7087,13.992,-4.4918,-20.38,-9.5155,8.3039,-0.65064,-19.692,-16.075,-7.6506,-10.826,-8.8152,-3.2917,1.9274,14.489,18.837,12.894,13.688,7.8486,-3.5227,5.3708,15.297,5.7262,2.0641,7.5819,0.1941,-10.18,-2.9384,12.338,13.073,3.5429,3.1545,2.9242,-8.9548,-18.038,-21.855,-22.699,-12.152,-10.042,-25.929,-27.861,-18.781,-15.314,6.8988,30.653,15.477,0.59774,17.752,29.427,29.683,32.725,20.578,6.5121,16.594,27.635,23.628,11.665,-13.844,-35.168,-30.475,-24.353,-28.228,-26.217,-29.086,-35.106,-23.392,-11.577,-8.4739,6.1108,14.57,5.1138,8.7906,22.203,24.925,29.139,28.758,13.695,5.3475,3.6322,2.3371,16.08,21.802,-1.0588,-13.988,-5.0957,-3.1351,-8.2877,-15.788,-23.781,-16.784,-6.9336,-7.1135,1.4866,5.9619,-13.763,-23.138,-7.9127,-1.627,-4.7951,5.344,14.294,-1.4212,-17.482,3.7868,35.513,32.717,17.786,15.971,8.6086,-1.2302,-2.0799,-3.5794,1.0425,8.3487,-1.1819,-11.392,-11.967,-17.109,-15.003,-4.237,-4.4985,-5.9386,-6.3778,-17.046,-12.881,12.211,18.264,2.7677,3.2699,16.921,6.8846,-15.148,-7.0968,8.1559,-1.394,0.05806,11.448,-4.9545,-11.399,10.297,11.658,5.5058,14.851,7.5007,-3.0254,3.4214,-5.2166,-15.253,-2.2641,-3.4129,-16.06,-1.2057,13.486,-2.1025,-16.566,-10.09,1.5591,5.6194,-4.1334,-12.348,7.2924,22.681,-3.3253,-12.929,20.67,20.311,-9.2312,0.16109,6.9443,-18.047,-18.779,-5.3328,-3.4188,13.079,15.835,-8.6339,1.3824,28.75,12.382,-9.7367,4.5525,17.391,-1.1218,-25.456,-27.164,-16.714,-6.8505,7.6863,8.3928,-9.9355,-9.8908,3.902,2.0053,-0.15613,4.3522,11.404,26.657,17.462,-15.674,-12.54,6.4854,-5.2788,-6.4497,8.4782,-1.4123,-4.8188,11.814,2.0377,-18.348,-10.743,1.4634,0.62891,1.3811,7.7806,13.523,9.2863,-0.9728,0.90153,3.3841,-10.875,-17.125,-2.3983,8.0584,2.2855,-12.927,-20.362,-4.0865,9.159,-3.0988,-4.5941,16.154,19.199,1.4578,-5.0746,8.8048,22.777,14.091,-1.1267,0.73756,-3.7433,-22.346,-24.649,-15.074,-9.7891,-3.1419,-0.77986,0.6211,10.694,14.792,13.847,16.722,10.03,-0.66969,-3.3307,-4.7059,-3.9759,-8.8156,-19.494,-11.898,-2.1221,-7.0807,1.9145,11.347,4.8686,16.514,23.342,-1.0142,-5.4263,5.0092,-10.456,-16.428,-1.0765,1.8132,-0.78278,-0.78858,-5.1694,-8.6132,-11.152,-3.1056,15.762,17.61,11.352,15.708,7.8451,-10.314,-15.602,-10.784,1.7135,6.6474,-9.751,-13.326,4.3854,5.7511,-4.0296,-0.78037,7.8763,11.64,5.1286,-4.1382,-0.10025,1.7343,-10.518,-12.969,-4.9739,-6.9102,-10.599,-6.1033,0.39638,10.506,20.851,17.941,7.5833,4.82,8.2055,12.678,11.541,-0.81353,-6.0352,-2.3895,-17.311,-27.676,-11.149,-15.71,-28.266,3.715,19.247,-11.022,-8.5936,17.613,17.524,17.505,16.905,6.8989,9.8483,-0.2515,-18.941,-3.98,2.0672,-15.465,-4.0302,8.4736,-4.1004,-6.5144,-9.7824,-11.141,16.612,29.231,9.5494,0.57376,2.2101,7.0315,12.485,-3.9486,-22.859,-24.913,-27.426,-16.762,3.5684,3.8282,5.5491,10.154,-4.2378,-1.0706,19.702,16.569,12.193,15.425,4.3404,3.4973,8.0408,-11.553,-26.559,-23.794,-20.192,-8.0251,5.0019,12.233,20.115,6.6385,-9.5394,9.6814,18.673,1.4643,8.5734,16.802,-0.95183,-8.1449,-13.427,-26.143,-13.658,-2.625,-17.341,-13.88,7.6127,10.838,6.1972,8.035,10.121,7.9202,-0.7151,-7.5917,-7.0824,-0.1316,14.678,14.779,-6.9108,-6.6748,13.524,8.5699,-4.4814,0.89293,5.1701,2.6551,-1.2739,-4.978,1.4298,1.3685,-16.475,-18.29,-2.6883,-1.436,-1.2259,10.089,2.6313,-21.844,-21.275,5.838,20.277,16.415,10.9,-8.1036,-32.125,-22.682,6.4803,21.914,30.952,29.778,11.623,0.11749,-4.8755,-14.342,-12.026,1.465,11.091,11.785,-2.4374,-16.289,-10.554,1.8012,9.3339,5.1986,-10.472,-6.6215,10.066,-0.42459,-15.837,-16.611,-27.919,-30.979,-11.94,-5.3912,-5.3065,4.8361,7.7107,15.058,34.388,35.171,20.854,18.875,25.868,26.12,17.794,15.097,16.971,-2.7188,-32.564,-34.817,-21.601,-21.832,-28.301,-25.487,-15.944,-18.919,-33.574,-21.804,14.709,22.704,-0.28741,-10.36,0.20637,13.013,16.669,8.9653,5.9623,18.146,27.111,26.27,29.485,28.828,20.524,27.054,36.712,20.286,-4.75,-24.958,-48.99,-56.855,-46.783,-45.116,-43.014,-36.818,-35.64,-16.512,10.58,15.508,21.654,29.23,16.631,18.987,39.784,34.056,14.498,13.054,21.044,18.045,0.63325,-1.1728,14.093,1.6169,-17.26,-5.4839,-7.1745,-27.557,-22.645,-8.8566,-4.4441,-4.2923,-17.46,-23.603,-10.457,-6.3392,-8.6956,-2.8919,4.6754,10.04,2.0955,-4.9988,12.626,20.479,10.395,18.713,21.595,6.4324,5.5171,3.0566,-3.0559,11.892,14.325,-5.1841,-8.9811,-8.0276,-14.554,-9.2869,0.37667,0.15637,-4.7997,-7.8991,-11.917,-19.406,-11.326,7.1136,0.89319,-4.0333,13.017,2.0137,-20.699,-4.9618,11.458,8.8232,8.7302,2.7572,5.7142,19.65,7.7891,-5.1136,7.7352,13.404,10.337,10.514,2.2077,-11.03,-25.468,-27.285,-6.2808,3.0052,1.7134,11.185,-3.543,-23.737,-1.6138,14.673,7.0342,13.074,7.1259,-10.318,-3.4785,-5.7048,-23.7,-15.23,1.7013,1.9842,2.8538,7.9602,7.8478,4.7697,12.185,26.789,19.33,1.2534,6.7463,11.043,-6.7278,-20.148,-21.723,-14.37,2.2717,6.5356,-7.9067,-18.578,-9.959,7.298,4.6955,-5.6783,8.5772,15.637,-1.3165,-1.9482,-4.3993,-26.728,-15.667,15.987,13.263,3.3415,9.6745,13.223,19.445,22.202,5.6713,-5.7346,1.7741,4.4405,-12.392,-35.105,-36.254,-13.934,2.6525,6.4758,10.402,7.8045,-3.7218,-3.2137,14.307,21.109,8.1317,6.3233,15.822,1.0689,-22.436,-21.194,-12.219,-6.4853,-0.80218,-10.61,-17.788,0.92698,15.872,19.874,30.471,24.694,-0.14664,-13.909,-15.501,-4.5372,13.542,8.09,-7.4982,-5.0503,-5.6662,-12.955,-10.264,-9.1513,-5.8853,4.9004,1.8813,-5.2882,-1.1102,-3.3504,-4.2669,11.331,20.785,15.404,11.045,10.614,7.2323,-5.7041,-18.268,-9.2176,10.7,9.2705,-14.447,-26.13,-10.515,-0.85432,-8.129,0.90495,14.042,6.5521,6.7283,9.4317,-8.4266,-8.5135,14.381,16.035,0.62947,-11.681,-13.436,2.6115,11.201,-0.39173,-6.3942,-2.7273,5.2776,9.5132,-6.191,-16.179,-7.2154,-8.5448,-2.854,18.962,15.848,3.1116,7.3379,3.3364,-6.3256,-9.1326,-10.311,3.1333,16.259,3.5341,-12.187,-15.704,-11.1,0.92002,3.6219,-0.99151,0.458,-0.92405,3.9302,16.546,15.826,10.789,-1.9105,-25.339,-14.584,14.823,11.193,4.9676,10.428,-1.9227,-15.172,-16.574,-11.609,1.7477,1.7779,-5.6711,1.5303,-1.1442,-7.0443,7.7908,15.812,13.61,11.957,3.1629,6.9006,4.6753,-28.955,-33.599,-2.2138,7.4695,9.5325,11.703,-0.030705,-2.6871,-9.7862,-14.307,20.873,31.359,-6.4812,-8.9061,8.266,1.9283,6.1415,1.7488,-19.905,-9.7999,1.1557,-16.997,-19.623,-9.5825,-5.9107,10.144,23.04,16.277,11.861,10.327,-0.72827,-6.6349,4.182,13.577,5.9651,-5.5169,-11.908,-16.12,-8.675,2.2366,-3.0611,-9.1579,-4.9551,-4.111,-3.5471,4.8523,18.923,26.894,11.216,-8.2392,-6.29,-7.1145,-12.965,-1.8002,1.7972,-10.026,-7.223,2.0926,1.3494,1.9614,10.29,22.254,20.11,-6.3173,-26.466,-20.032,-7.014,-0.91393,2.79,7.618,7.5791,0.53139,3.6409,14.832,12.526,8.1413,8.4342,-4.1918,-14.802,-11.992,-15.979,-18.207,-4.9584,2.132,-5.576,-7.0663,9.1457,21.267,8.8003,-4.4244,-1.3738,-0.57875,-1.8015,-2.4349,-6.7667,5.1148,19.419,7.532,-0.59554,3.9268,2.5721,15.2,23.527,0.1378,-13.589,-16.351,-31.699,-23.398,-1.3589,-3.8351,-4.6757,-1.5754,-8.9239,-1.1803,8.661,2.8337,9.3498,21.376,18.993,10.123,-6.0293,-13.925,-3.7592,-0.78328,4.2928,17.999,7.752,-6.9903,-1.0654,-2.0188,-1.7917,12.186,9.936,-1.8188,-8.6205,-25.452,-32.429,-14.455,-1.218,-0.57924,3.0717,11.723,14.564,3.9157,0.016184,9.8414,5.6725,-0.195,7.2956,-6.5943,-23.389,-2.1418,14.246,4.1497,6.4288,17.268,17.633,7.7616,-12.805,-15.014,8.994,10.976,-10.834,-19.535,-18.243,-12.055,-0.96885,0.6043,2.3437,12.965,13.305,1.4223,-11.008,-17.585,-8.8326,6.5483,10.878,6.534,-0.50579,-5.1379,-2.7655,-0.28295,1.3269,3.6314,2.8105,9.1404,18.67,9.0354,-3.707,2.3886,8.1463,2.6441,-4.9595,-8.3281,1.9036,11.8,-1.9817,-17.075,-11.542,-5.6773,-7.7746,-7.4733,-5.9583,-4.5754,-9.393,-24.586,-25.489,-4.6779,1.1618,-7.885,9.303,37.493,34.601,22.016,29.605,37.022,30.072,19.307,9.0347,-0.51327,-14.943,-34.386,-37.974,-24.246,-17.526,-23.168,-32.481,-32.784,-12.473,6.403,4.1985,6.8531,21.634,18.337,0.19058,-2.9391,6.8547,10.319,14.59,28.032,26.413,7.7271,6.9049,13.839,0.16483,-11.28,-11.325,-13.673,-1.2568,10.742,-11.947,-26.988,-4.3926,2.6503,-18.708,-20.639,-2.8502,1.0304,-6.3504,-8.0235,-6.2369,1.0077,18.866,25.472,9.072,-0.057,7.6575,5.6924,-2.7994,3.6965,12.861,7.1491,-1.4917,-4.553,-8.8183,-4.199,8.2167,-1.2079,-12.822,9.214,17.602,-9.224,-10.932,3.1089,-9.8394,-13.311,1.8487,-0.35175,-8.1644,-10.179,-10.56,1.3546,8.2291,0.8264,5.2794,12.632,6.6079,3.0743,1.2433,-3.0935,0.26274,5.4136,3.4825,-2.8327,-1.7341,10.609,7.4876,-9.5224,-3.6444,6.4065,-1.5859,2.4591,7.2518,-9.1026,-9.0542,8.1481,-0.68173,-21.667,-14.033,9.7771,9.1304,-4.1732,5.2482,7.3276,-14.912,-12.764,2.7532,-3.4703,0.54238,11.376,5.9895,10.316,7.6572,-14.334,-5.0839,18.361,10.067,-2.4995,-3.6388,-2.0419,2.0719,-6.0457,-12.14,-1.7038,-1.6148,1.3515,18.96,11.447,-7.1296,-3.7813,1.1096,3.1144,2.7947,-6.1845,-4.2911,-6.2014,-19.151,0.74436,18.213,-17.667,-34.6,0.20249,12.05,-5.2921,3.3471,24.396,14.353,-1.6722,13.76,17.536,-11.57,-11.275,11.638,1.0017,-8.5297,9.9539,14.191,-1.7161,-9.1188,5.0271,20.086,0.21407,-23.53,-13.685,-11.045,-15.12,4.6189,6.5328,-11.077,-10.915,-17.473,-22.643,-2.0457,2.6077,-1.9705,19.239,26.617,7.0559,-1.1821,9.0278,23.555,18.121,-1.0737,9.9639,24.444,1.3596,-10.816,0.21919,-7.4011,-10.385,7.2634,4.8691,-17.613,-27.61,-20.908,-10.079,-4.8322,-2.2574,3.122,2.1098,-10.089,-19.079,-15.144,-15.46,-25.847,-10.602,23.823,23.869,16.304,38.373,35.747,19.318,53.504,70.991,22.712,-0.5576,10.949,-18.826,-59.474,-58.639,-47.524,-42.482,-27.284,-17.388,-25.514,-27.443,-7.9435,14.825,24.53,25.174,19.398,8.0475,4.8616,12.953,16.94,19.579,29.134,27.852,12.825,2.8605,-6.4948,-9.3282,10.405,14.756,-10.19,-12.184,-6.3878,-32.888,-38.104,-7.6341,-3.9488,-17.819,-16.155,-14.471,-6.179,12.118,16.861,15.229,13.082,4.1585,4.9248,9.7333,4.4841,5.488,5.704,-4.7518,-2.055,6.187,0.98728,1.3494,9.4612,10.533,5.6688,-6.5975,-9.9092,9.4759,11.593,-15.035,-20.299,-3.9786,-2.998,-8.1238,-10.765,-18.45,-10.456,8.8343,5.293,0.74937,14.334,2.5697,-19.829,4.9733,31.841,9.9231,-7.1751,4.3902,6.1579,-0.74741,-2.8844,-2.1379,6.8319,7.4261,-6.2563,-2.6241,8.4358,-2.0007,-8.2704,2.276,0.44728,-12.163,-12.637,-4.5054,-3.0727,-6.9251,-1.8613,6.9074,3.1912,-0.6248,3.8164,1.135,2.2861,14.838,8.812,-8.0851,-2.1682,7.1686,2.2737,2.7501,1.7465,-11.348,-13.277,0.48068,8.9008,3.1275,-10.918,-13.453,3.6171,16.936,13.026,-2.5145,-18.564,-7.9577,19.317,13.587,-6.4565,0.40312,-1.6792,-20.381,-6.8633,16.995,9.2143,-5.0182,-12.011,-16.255,2.2716,22.39,7.1274,-5.9832,8.2402,3.7082,-15.606,-2.6981,12.756,-3.3209,-11.186,0.50347,0.65053,-5.1147,-3.5536,4.2856,16.923,13.898,-1.0314,2.0007,3.3549,-11.97,-14.936,-10.679,-6.8663,8.2054,6.286,-9.1005,4.1489,16.473,-0.34888,-10.057,-1.3874,11.965,12.486,-14.069,-23.932,3.2081,10.063,-5.1978,0.24644,15.369,20.748,8.4728,-11.896,-3.6727,12.706,-2.7743,-17.781,-14.763,-11.851,-6.572,-11.641,-19.127,2.548,21.136,16.098,16.224,8.2824,-5.7508,3.9002,9.027,0.69303,6.6111,8.0642,2.3599,9.9926,6.7586,-16.75,-34.476,-30.508,-4.0522,12.679,1.4596,-0.10823,11.661,6.5123,-3.7225,-3.5972,5.0635,15.242,4.4852,-18.384,-25.321,-24.385,-13.272,14.441,28.667,26.967,29.468,25.785,13.547,1.7418,-6.6959,-3.403,-6.5068,-29.908,-34.813,-13.523,-8.0315,-15.415,-7.5142,2.559,-1.4095,0.74306,14.931,11.465,1.9162,19.459,25.597,2.0051,4.0301,18.875,4.7052,-1.95,1.7816,-17.277,-28.737,-19.015,-14.349,-11.897,-9.6714,-4.9418,9.2426,10.35,5.183,16.294,16.853,9.6151,18.489,15.283,3.6257,5.9988,-6.6068,-19.342,-4.3632,-8.2835,-25.523,-6.7234,8.0574,-5.7534,-5.2029,-1.9873,-14.708,-5.5753,19.402,16.777,-3.2225,-11.375,-10.126,-7.6524,-0.38597,11.256,14.195,6.1947,5.9291,11.112,2.8632,0.40622,20.103,25.464,4.2435,-6.0021,-1.4569,-4.6455,-7.324,0.40515,2.5926,-11.989,-25.136,-17.695,-11.965,-24.808,-26.06,-16.829,-24.575,-21.545,3.4219,13.335,17.556,29.397,26.149,26.042,42.078,43.424,38.657,40.758,26.518,7.7982,-1.6067,-23.843,-46.824,-47.64,-43.497,-42.391,-36.693,-32.871,-28.211,-11.653,5.0011,6.1314,7.0178,22.036,30.65,24.245,18.781,12.156,10.484,23.768,20.62,-0.20886,2.6041,12.633,3.9851,1.5061,4.8201,-3.325,-10.463,-9.8408,-6.0658,-8.6314,-19.534,-14.72,-4.79,-17.518,-18.877,-3.2593,-10.55,-10.245,13.133,7.8087,-8.7664,3.9006,15.374,12.407,8.9279,-0.37393,-3.3414,11.51,23.618,14.769,-5.2421,-1.7842,24.369,20.215,-10.457,-14.916,-3.5538,-3.6222,-4.5257,-6.7956,-12.028,-11.076,-9.0861,-5.6326,-2.774,-12.759,-16.849,-0.1128,8.0751,-3.0746,-9.2268,-3.9865,4.5037,13.854,15.604,6.5746,6.0679,19.1,18.558,4.7816,6.6855,13.368,3.7928,-6.7875,-10.289,-9.7735,-5.7958,-13.401,-21.374,-7.2252,-2.4168,-14.266,0.67546,21.662,7.536,-10.158,-5.8399,2.684,5.2128,1.3623,-2.2959,-2.8874,-5.9564,4.8789,25.595,12.888,-18.091,-15.578,3.7038,6.8324,3.9129,2.6666,0.71707,2.2774,9.4362,16.077,5.804,-16.548,-18.903,-4.8158,-0.86427,-1.262,-2.6648,-8.9579,-1.8697,11.956,7.5781,-2.1143,-5.5674,-9.8115,-4.5596,5.147,-1.7542,-8.5808,4.6934,17.747,12.162,0.61073,-0.088267,4.0042,-0.0414,-5.3647,-7.3832,-9.6949,1.2306,16.877,6.0175,-6.6957,7.8534,8.572,-14.842,-17.393,-6.5483,-4.5056,6.486,10.754,-9.9529,-12.876,9.9002,15.416,9.2098,4.4635,-15.269,-22.319,4.8943,21.135,12.071,0.096526,-17.941,-18.023,14.93,23.566,-0.22962,-5.4151,-4.9272,-12.703,-3.5169,3.9628,-0.24803,6.4617,2.9877,-15.065,-11.242,3.4796,8.8692,15.729,18.711,12.138,-2.0919,-18.509,-10.101,5.5469,-15.033,-29.898,-6.3924,5.4544,3.1668,12.825,11.013,6.2905,16.834,10.984,-4.6014,-2.3682,-5.9782,-15.17,-4.5453,5.093,2.6905,6.9544,6.5503,-4.5458,-1.4485,9.1012,-0.35366,-15.44,-10.543,-3.4748,-15.106,-17.912,6.8502,19.261,2.3144,-4.0662,4.2168,3.5329,12.443,31.854,27.373,6.6885,-9.8949,-22.379,-17.738,-7.7119,-15.511,-15.395,-2.4359,-1.692,1.352,4.1856,-5.8018,2.4157,14.78,3.6272,8.5686,20.879,5.5519,1.0945,3.5564,-16.568,-15.138,2.5683,-7.91,-16.531,-9.8264,-3.2967,12.822,18.286,12.936,21.089,4.7294,-22.354,0.19544,12.514,-18.942,-14.894,8.6637,-4.2017,-7.8546,6.7332,-2.035,-8.0569,6.5895,5.5922,-6.2183,3.0128,14.752,4.996,-5.1246,-7.659,-15.016,-7.1477,14.807,13.004,1.5906,5.1351,3.6153,2.5973,7.9628,-5.6414,-17.18,-6.5351,-6.1428,-8.6819,4.8707,1.8894,-12.154,0.32235,18.95,16.323,5.5987,-1.9405,-3.5763,0.19533,-1.3306,-6.6926,-6.9233,-9.3797,-9.5649,6.2201,13.098,-1.6052,1.6761,16.584,1.1145,-14.268,-1.501,5.2663,2.1395,1.4208,-4.9609,-2.9546,3.1097,-4.8207,-4.8407,-1.7425,-9.033,4.7687,19.229,1.8948,-2.8287,8.3958,-0.21892,-9.4183,-11.12,-6.466,12.98,10.112,-8.8058,2.4034,4.6252,-14.573,-3.315,9.1684,-3.7996,-3.6019,0.95577,-1.7903,5.9,7.3565,4.686,9.7456,-1.2775,-10.407,6.6219,12.553,-4.2783,-19.098,-22.041,-5.4318,11.262,1.5978,-10.22,-4.729,6.3042,19.537,22.185,4.0851,-10.359,-4.1076,7.2492,3.9148,-10.588,-14.84,-6.026,2.7918,5.4672,-1.7215,-5.931,3.7896,6.6733,3.7021,11.082,8.4059,-3.4933,-6.1423,-15.231,-17.268,3.4288,4.0514,-11.484,-2.0685,9.4154,11.76,19.724,5.4053,-21.45,-11.253,12.835,8.8177,-1.7561,0.29971,-6.7647,-18.419,4.2654,37.291,19.038,-15.95,-11.161,-2.9448,-11.472,-9.6019,-6.8611,-4.7133,4.2777,-2.6995,-7.2334,13.294,17.905,0.91778,-4.6709,-7.1468,-7.718,4.6014,10.601,4.5268,-2.3395,-8.8667,-6.4672,7.46,16.863,7.7965,-13.763,-16.6,4.7882,14.63,11.709,11.971,-1.5577,-19.457,-15.747,-5.1815,0.076592,2.1178,-3.694,-6.4413,-0.79644,2.0479,3.7583,6.1015,9.1772,11.174,-3.3045,-21.253,-17.006,-3.2425,12.671,24.963,10.232,-7.1707,-2.8709,-5.6021,-8.7881,4.7148,9.2399,6.9929,3.4964,-14.157,-14.865,10.77,23.256,16.54,-3.2513,-20.883,-6.9858,4.893,-10.255,-7.4057,7.2572,1.7628,-3.4547,-9.1477,-20.394,-16.63,-9.6642,-4.4606,5.8412,2.8713,5.7272,26.715,23.62,12.545,25.691,24.017,5.8274,1.9309,-8.2067,-28.16,-30.8,-12.137,13.132,13.294,-11.254,-12.037,6.6178,5.2881,-3.0039,-2.8327,-4.8706,-9.0225,-14.796,-19.437,-16.711,-15.953,-18.315,-8.9616,13.009,29.965,30.248,31.54,43.164,37.02,18.714,20.656,18.343,-8.7236,-28.32,-34.015,-37.953,-30.109,-18.126,-19.021,-22.444,-13.59,1.8199,10.095,14.986,20.655,11.608,-2.7924,0.31867,2.704,-5.8249,-7.2113,-3.7127,4.3194,16.215,13.991,13.316,26.045,20.133,0.33641,-6.3887,-8.1434,-3.942,4.8944,-1.3722,-13.819,-20.866,-21.911,-8.8232,-3.2386,-16.399,-13.57,3.2007,9.8439,12.339,4.8816,-3.0409,12.055,15.57,-6.2072,-7.0322,5.6522,2.4081,5.7866,17.254,7.5613,-16.639,-21.399,6.275,28.029,8.8955,-10.209,4.0551,10.704,-3.0534,-5.1845,-6.7797,-23.311,-26.802,-11.727,-1.7332,4.9541,11.839,6.3365,1.1292,12.28,18.659,8.8025,1.5002,-1.448,-7.7913,-9.3769,-9.7692,-17.404,-12.437,10.721,13.922,-6.3559,-3.4104,15.333,8.0231,0.96188,19.508,24.985,7.6424,-6.803,-15.236,-15.47,-13.712,-17.066,-5.9202,1.8903,-14.119,-6.5198,15.974,3.6036,2.4273,20.322,-1.1204,-12.169,17.013,11.381,-8.8487,2.4793,-9.6205,-31.424,-4.598,17.911,1.7572,-2.2985,11.15,15.608,16.607,13.512,-0.90827,-13.381,-14.64,-12.255,-9.6109,-5.0085,-1.1165,4.8173,9.623,-1.4004,-10.327,7.0082,17.318,2.6423,-0.67982,2.87,-10.093,-13.211,-1.5012,-5.2283,-16.345,-10.544,5.2848,9.0044,0.48192,6.5768,23.628,18.23,3.8464,6.4404,8.1495,3.2606,0.16987,-12.054,-20.088,-4.7957,7.608,-1.775,-13.587,-15.046,-10.224,-3.6087,0.057498,-2.4892,-3.2248,7.9465,17.008,9.1611,2.4352,6.347,6.573,2.9096,-2.3062,-5.965,1.617,-1.679,-24.581,-22.468,6.1686,19.239,18.734,16.282,11.54,10.286,-2.3593,-16.73,0.73606,13.853,-8.6118,-20.573,-11.334,-8.2221,-5.9349,-5.9755,-9.1831,-3.3411,-2.2983,-3.603,8.313,10.707,4.494,10.052,4.0825,-10.245,-0.67065,12.215,8.7191,4.663,1.3171,3.8297,17.355,14.78,-6.2535,-8.7167,5.67,0.10793,-16.782,-6.9813,10.244,-2.9199,-15.159,-1.5381,-2.5166,-21.729,-19.332,-5.2201,-7.1894,-15.192,-13.475,-2.3602,11.919,21.618,19.715,11.904,13.895,16.412,6.9235,11.944,26.978,9.8606,-9.7187,9.127,21.672,4.2635,-7.604,-12.251,-23.344,-26.504,-17.889,-15.352,-22.979,-24.041,-19.547,-20.567,-8.3074,10.014,-1.5414,-10.326,12.2,18.687,10.363,23.472,33.932,31.694,32.822,33.037,36.812,28.354,-0.25037,-0.9054,5.3659,-38.049,-69.621,-48.961,-36.285,-34.555,-15.983,-3.7877,-5.5928,-8.2242,-3.9293,10.819,18.287,15.487,19.455,23.993,25.737,22.816,3.4532,-9.3282,0.9375,10.791,14.993,12.369,-2.2151,-9.3098,-11.156,-14.441,-1.5649,3.6102,-15.421,-18.821,-5.7413,1.7439,6.8457,-5.5806,-19.81,-2.2263,5.1559,-11.565,0.44201,19.652,5.9544,-4.3546,1.7555,-0.15143,0.011906,9.9553,10.345,-2.4271,-8.2032,4.7259,18.048,11.359,-1.5615,1.8488,12.925,8.1424,-9.1132,-16.595,-14.382,-13.32,-10.175,-7.706,-8.7116,-1.8977,8.5796,8.5874,3.6681,4.1397,7.0898,1.5875,-9.7943,-8.4748,0.67925,3.4332,11.548,15.679,-4.0717,-14.808,4.1412,16.106,6.439,-1.7251,0.7632,0.4003,-9.4881,-9.416,2.4057,0.78309,-2.992,1.0635,-11.415,-17.841,2.3906,4.8521,-3.5531,14.093,16.677,-8.238,-9.4719,4.5621,4.5751,7.7622,10.888,-4.0171,-12.741,0.73838,7.1242,-1.35,1.8575,6.5549,-7.0301,-11.539,-1.6096,-3.6713,-3.796,4.4487,0.97607,-0.63821,1.1356,-4.8523,9.0945,28.161,12.162,-6.5853,-15.705,-34.513,-20.823,15.652,4.2255,-17.87,1.3808,16.607,14.92,17.323,6.0864,-3.3362,7.9521,1.5077,-16.608,-5.7378,6.6795,1.3864,9.2315,16.244,-3.6329,-20.256,-14.178,-2.436,4.5666,2.3202,-4.4088,-6.0138,-9.6123,-12.366,-3.2824,6.2817,10.675,7.6153,-11.942,-18.216,6.5167,16.443,4.549,8.1293,11.256,-2.3424,-1.4989,17.062,22.079,8.1771,0.66499,7.915,4.9658,-9.5653,-13.51,-17.475,-21.945,-7.2388,0.2675,-14.771,-18.455,-6.3284,5.5232,8.8843,-7.7814,-17.355,2.01,9.162,-3.0435,1.571,13.745,15.906,13.247,7.2325,6.9004,13.506,16.059,13.97,4.8249,0.41513,10.725,5.5877,-9.4058,-2.0177,-5.6099,-25.029,-12.888,1.1283,-13.411,-13.471,-2.3909,-15.372,-33.727,-33.448,-16.839,-0.38293,-1.4092,-7.8434,-1.689,11.888,22.022,22.343,26.155,44.542,52.602,44.85,43.039,39.202,25.48,5.7364,-23.37,-42.412,-46.812,-60.792,-66.992,-48.149,-29.514,-20.858,-18.35,-12.903,4.0916,9.5632,11.9,35.09,34.694,10.833,16.326,20.259,13.887,35.851,35.802,1.5881,0.66835,9.8183,-1.3545,-0.4053,-3.0349,-17.672,-17.277,-16.345,-16.249,-6.8842,-9.1652,-10.289,-2.3601,-14.195,-19.971,6.5046,20.314,2.7552,-14.087,-15.785,-9.6889,-1.8639,5.6915,7.6325,7.8884,15.483,11.116,-4.1189,6.1593,21.282,12.968,11.434,13.389,6.6746,13.563,8.4945,-14.724,-9.447,0.64055,-8.9192,-6.8898,-9.7904,-22.727,-16.206,-14.998,-19.543,-4.737,-2.0857,-8.7534,-0.57979,-2.9264,-2.8748,14.371,15.55,14.45,18.351,1.3634,0.75323,21.917,13.665,3.6072,14.518,5.8539,-8.8694,-4.77,-3.8389,-6.4274,-3.2938,-0.66746,-1.3825,-10.187,-13.513,-3.1172,-6.2031,-13.459,-2.6037,-9.184,-28.281,-8.9531,17.419,9.8241,6.652,17.684,13.382,9.8376,12.897,-1.9138,-8.9274,11.989,14.635,-7.7991,-10.108,-0.23508,-4.7526,-6.6642,2.4264,5.5992,-0.35706,-2.4806,2.637,-2.2215,-15.795,-9.9621,7.2157,7.9785,1.4204,-1.5483,-4.2589,-5.307,-7.7945,-3.9611,9.008,9.1199,3.2394,5.62,0.26051,-2.8314,-0.35127,-13.436,-9.4889,17.632,13.662,-0.5122,5.1184,-4.995,-12.811,3.8652,2.9524,-7.6295,2.0898,12.073,12.902,2.468,-14.826,-10.907,1.9676,3.0937,6.5849,0.91489,-12.389,-7.124,-6.4175,-11.992,5.4031,12.574,-0.81589,2.6272,3.8317,-5.7978,2.5874,4.879,-7.1632,3.3185,16.32,4.7457,-2.573,0.81611,-2.1129,-2.662,-2.299,-9.8423,-6.3407,6.7454,0.98176,-6.1298,11.451,19.698,1.0771,-9.1657,-4.2265,-3.109,-6.4425,-11.09,-10.227,-2.7561,-2.5654,-3.5328,4.7743,10.341,8.7216,2.5654,0.31786,15.233,22.986,4.8159,-7.4703,-6.2711,-7.8379,-9.1968,-19.176,-25.205,-2.2135,11.338,0.97383,8.6306,15.333,2.1718,8.8382,18.575,-0.90889,-8.8066,4.3845,-3.5384,-18.294,-5.0127,5.8422,-10.552,-12.465,7.4369,5.5129,-2.3824,5.1126,-2.5619,-5.2948,14.82,6.7017,-12.322,2.7185,9.4159,-2.2235,-1.0926,-2.5196,-1.5956,8.4887,2.9413,-0.85827,1.0431,-12.487,-7.5834,9.3857,-3.8816,-7.0176,11.442,7.1237,2.9221,6.0618,-14.422,-22.162,-0.80679,6.8173,4.5226,9.8023,8.5273,-0.22426,-7.6399,-4.5704,9.2185,9.1028,-5.6569,-6.1464,4.5855,2.5935,-13.129,-21.514,-7.0784,12.092,11.454,0.49894,-3.1394,1.7337,10.25,13.023,6.0823,1.0342,4.6705,4.992,-3.3849,-5.6495,-4.573,-15.543,-16.865,0.65592,-0.39074,-12.14,1.2037,14.285,7.1147,1.0616,-2.0781,0.48946,9.7905,-0.48255,-14.094,1.2285,9.8304,-4.2222,0.37958,11.138,-5.686,-13.204,9.9892,18.247,3.4471,0.45296,2.3819,-3.1344,-1.4992,-1.3122,-7.8813,-7.416,-12.443,-16.155,4.1872,12.912,-1.3718,4.8786,14.457,-0.14753,-5.4598,3.7784,0.6029,-16.046,-26.458,-7.4259,17.079,8.6478,-0.34773,7.4165,7.0157,19.019,29.754,-0.33083,-14.812,6.7517,-1.3587,-21.868,-10.656,4.008,1.8598,-12.414,-19.568,-1.4481,8.904,2.092,8.1591,5.4735,-5.9169,9.1977,15.204,-5.1311,-9.0476,-5.2136,-9.7625,-5.1877,0.0013567,-0.47093,-0.93699,-2.9747,3.9999,5.8667,-9.7128,-2.4455,21.594,16.116,3.3428,4.9025,5.7504,15.268,17.799,-9.9178,-22.702,-1.2869,4.8389,-12.278,-17.561,-7.5025,-1.8502,-8.625,-14.203,-4.7961,1.6817,-9.6305,-9.2942,11.08,9.045,-9.7571,0.34425,17.088,9.8806,7.8576,14.333,10.341,8.5224,7.0812,3.1249,10.208,9.8707,-1.2815,0.61051,-0.5221,-8.7677,-4.3558,-5.8833,-13.006,-7.1665,-10.658,-21.594,-19.159,-16.914,-11.018,0.34262,-3.8508,-5.7015,3.0465,-0.56199,0.0049467,13.891,19.206,18.419,14.33,12.546,26.169,30.703,21.01,21.552,11.778,-8.4221,-3.2398,5.1185,-8.9818,-28.327,-47.057,-52.702,-35.871,-21.043,-13.329,-5.8608,-8.4303,-7.4153,10.822,24.278,17.845,9.0266,20,34.846,27.995,23.147,28.108,9.5093,-14.004,-15.843,-17.379,-12.582,1.6013,-1.6608,-1.6944,9.7536,-3.8813,-18.179,-0.67,10.234,-4.2206,-16.634,-14.851,-11.729,-19.221,-20.227,-4.5719,1.4157,1.1427,12.739,12.99,5.3822,15.454,21.266,13.898,11.559,4.8866,-0.18992,10.338,8.3038,-8.6937,-5.5504,7.5233,3.1474,-9.5627,-20.217,-24.516,-11.425,5.4065,5.2768,3.3844,5.6428,-7.5453,-16.549,1.3624,11.34,0.15647,-0.044428,5.6982,-2.5554,-11.895,-13.379,-7.4788,6.6453,15.535,12.229,8.7542,9.5207,7.9224,5.0773,10.149,14.031,-2.2222,-18.233,-9.4541,-2.1106,-8.3247,-2.477,7.0223,-5.0677,-25.023,-21.4,8.8911,24.406,3.396,-7.9321,8.0498,6.7191,-7.951,1.1022,10.971,-2.2857,-6.915,2.7871,-10.463,-29.464,-10.492,13.979,11.636,14.753,19.191,5.7365,5.8741,11.843,-1.2899,-2.731,7.5691,7.488,3.6264,-17.844,-33.288,-6.096,0.10538,-23.02,-2.3415,13.462,-11.019,-3.7514,8.735,-10.52,3.042,33.276,25.556,6.0269,-9.2693,-8.0415,13.76,5.5496,-16.033,-2.0248,0.86722,-18.63,-13.149,-6.7272,-14.54,0.23812,24.34,18.917,-6.7489,-10.001,14.703,18.483,0.75347,3.1419,5.1063,-4.9933,1.1335,1.8225,-10.314,-7.9748,-13.049,-24.902,-12.572,-2.6077,-3.1887,9.798,15.351,7.6051,6.5273,8.1061,15.456,17.705,-0.68148,-5.3008,4.0406,-8.8942,-15.83,-2.0686,-3.9994,-14.498,-14.385,-4.6664,16.762,20.218,-2.185,-5.1379,0.80922,-9.2567,3.513,27.942,13.457,-8.0642,-1.7247,1.0667,-11.085,-16.423,-9.1971,2.1578,2.2995,-11.462,-13.359,4.6809,14.545,7.2495,0.50055,-1.75,0.65234,11.259,14.447,2.3205,-5.8813,-1.9946,4.7579,6.0103,-1.8084,-9.1303,-12.999,-18.301,-7.0674,13.481,3.0669,-15.954,-0.86758,19.251,16.199,6.2547,3.2607,10.268,10.522,-6.2082,-13.251,-9.8251,-11.58,-4.4357,-4.6392,-20.965,-7.8349,16.691,5.3533,-5.4985,1.264,0.033747,7.6753,21.524,14.846,1.7428,-9.7645,-17.3,-5.0102,8.7084,11.175,14.689,5.157,-8.9219,1.5568,8.6631,-5.8548,-8.1291,0.9022,-5.0326,-15.313,-13.122,-6.2519,-2.4123,1.012,-2.0407,-11.912,-9.5139,0.66253,5.0166,17.742,22.229,0.14133,-4.5172,7.0458,-3.3319,-0.0091972,17.366,4.0687,1.8337,20.684,4.7391,-9.5373,8.5946,6.3864,-8.7731,-4.5411,-2.0585,-7.0979,-14.094,-18.469,-10.649,-18.907,-44.76,-38.717,-8.9189,15.553,39.733,40.405,13.38,1.7383,8.6194,18.503,30.65,27.861,10.95,-1.8565,-10.89,-10.637,-6.6492,-18.088,-25.783,-15.011,-7.9384,-4.4218,5.9223,8.225,-2.4464,-9.1427,-1.267,8.3588,4.4751,-0.52796,-0.80103,-13.011,-22.678,-6.326,12.037,8.0658,-0.30288,4.241,9.2733,7.4122,13.767,20.211,7.8109,1.6122,7.9752,-4.9855,-14.031,1.7768,2.1595,-4.7891,5.1514,-2.9131,-16.127,-0.27641,5.5297,-4.82,1.1971,-0.48157,-14.803,-13.943,-12.35,-11.654,1.2134,0.62041,-12.031,-9.4069,-3.1603,3.3147,21.071,27.902,15.836,7.0495,5.0755,7.9544,18.243,24.253,19.582,7.7735,-6.7304,-9.2079,-1.6575,-6.113,-16.064,-22.687,-41.062,-50.326,-25.386,-2.7081,-0.04694,7.6479,10.425,3.864,11.105,15.339,9.4446,21.332,30.671,17.451,12.202,10.324,-6.6599,-13.022,-5.698,-6.0048,-6.4048,1.941,11.278,5.7146,-18.696,-26.283,-5.5491,1.4073,-4.8413,3.8301,7.2923,-3.8366,-9.335,-9.2979,-2.3905,9.6305,8.3828,2.5134,2.6095,-4.371,-8.9662,-3.8002,-2.8345,5.2376,17.537,3.7211,-11.142,7.4391,23.937,12.773,-0.63633,-3.3752,0.68128,6.2387,0.5269,-11.052,-10.304,-4.1189,-7.745,-14.197,-9.3636,0.45997,-2.0762,-7.2226,2.859,7.9604,-1.2694,3.49,13.016,2.8961,-3.0874,-0.81698,-9.7813,-6.4467,9.3868,4.8329,2.7028,17.87,13.589,-3.7723,-6.7901,-2.8938,7.5475,14.333,-1.9082,-17.386,-20.356,-23.208,-4.8893,19.966,4.6072,-15.083,0.60464,13.364,13.495,18.058,3.9315,-18.606,-10.878,4.1153,-1.1017,-6.3998,-8.6317,-13.6,-1.6176,17.134,13.023,3.4448,5.5814,0.78241,-6.0363,-1.2655,0.37306,-0.41924,2.6933,-2.3816,-2.666,9.4899,6.9881,-2.1476,1.6979,-1.4663,-7.173,-1.523,-7.3478,-14.297,0.60587,8.3218,1.0734,0.54372,-2.1263,-4.0766,5.4453,6.0801,-1.6737,-2.4599,-1.8646,6.9129,14.515,-5.6297,-19.19,0.44745,7.1605,-6.4228,-5.77,1.3304,10.275,21.935,9.1724,-9.5229,1.0562,5.4582,-10.731,-5.5752,7.4725,-6.607,-20.724,-11.599,2.0638,4.9085,-2.0375,-2.1559,12.392,15.121,1.3568,0.55584,3.5694,-6.0207,-3.9079,1.1858,-16.614,-18.476,11.036,18.269,2.1803,-0.59575,-1.8848,-1.7125,11.79,10.651,2.2981,14.342,9.7076,-20.64,-27.908,-14.219,-0.12952,11.709,-1.099,-14.189,12.499,24.932,-2.5525,-5.6663,11.107,-0.42519,-16.833,-11.631,-1.9782,-5.8892,-16.899,-5.2787,17.509,7.8321,-4.7991,15.869,24.844,5.9634,-3.7115,-0.4839,5.2017,6.7426,-1.94,-5.3807,-5.5996,-14.468,-10.782,1.2915,0.38648,3.189,4.4546,-8.9832,-10.502,-8.0002,-13.37,5.0921,19.529,-1.5898,-2.5482,12.723,-7.341,-13.121,19.639,23.25,1.7535,2.1802,7.1178,1.781,-6.491,-18.364,-11.725,13.064,9.235,-13.474,-5.9958,8.3903,-3.8361,-8.9656,4.1607,1.8092,-6.8707,-2.1431,-3.7942,-5.1829,11.016,11.435,-8.1301,-5.088,8.6606,5.6022,3.5322,-0.099518,-12.891,-7.4132,8.5265,6.8178,1.8506,1.4024,-2.2386,0.22661,3.7898,2.1539,2.9591,-4.1465,-10.107,6.3615,12.336,-6.6008,-9.4044,1.0908,-0.32746,-2.1072,-2.0422,-2.3199,2.1891,-0.044725,0.14596,9.6861,-1.7998,-16.131,2.9901,13.644,-4.2065,-10.952,-11.666,-13.723,6.9511,21.784,4.5901,-0.97213,17.006,17.299,-1.1336,-8.8459,-2.2997,2.1406,-7.9172,-17.613,-1.6447,17.087,3.7331,-13.036,-5.1176,3.4596,7.0423,12.338,3.3373,-10.957,-19.374,-27.467,-11.114,14.617,3.2999,-1.912,18.047,5.9651,1.5807,32.623,12.753,-26.512,-3.7734,7.7894,-17.496,-9.3454,6.1796,1.1307,5.6009,0.64061,-9.3004,11.097,21.087,-3.7315,-13.697,1.4349,6.8525,-1.1199,-1.8737,2.9797,-4.0807,-12.233,-7.2136,-4.6425,-5.6141,-3.0337,-6.0575,-4.1434,3.2305,-3.0264,-2.8609,9.6592,5.2412,-0.54755,6.1913,4.3466,4.0967,9.3646,4.6413,6.7769,13.099,6.9543,10.731,18.197,3.72,-9.477,-8.766,-9.225,-11.203,-16.607,-16.505,-2.3383,-1.9458,-16.769,-17.507,-14.798,-19.288,-15.816,-5.563,6.4533,11.317,0.42752,0.70362,21.87,35.468,41.466,43.44,32.602,31.3,34.398,7.8027,-18.853,-19.216,-27.575,-41.638,-39.795,-42.627,-44.113,-24.676,-12.281,-11.906,2.0297,11.243,2.6625,4.5111,18.055,23.044,20.306,14.747,14.351,22.434,19.657,11.331,22.339,23.957,-8.7781,-26.36,-8.0142,-1.7189,-10.426,-2.657,-0.75304,-18.74,-19.812,-4.1442,0.10849,4.1726,3.3912,-26.953,-47.529,-19.857,12.967,17.74,11.036,-0.1774,-4.2852,11.419,20.632,13.646,18.616,30.079,24.581,10.814,-2.1439,-13.365,-13.4,-8.8089,-10.142,-6.985,-2.6051,-9.8071,-12.18,-1.5027,0.086865,-9.1756,-10.847,-2.7427,6.6949,6.6895,-2.5735,-2.4922,4.813,0.20042,-5.6397,2.6505,13.523,12.872,-1.0126,-10.598,0.25161,9.7705,2.2358,-2.2147,0.86594,4.3578,8.2614,1.2679,-6.4268,1.3047,0.34732,-3.9992,12.489,8.006,-24.073,-20.669,0.98231,-7.5791,-9.5573,11.314,15.707,6.5868,0.01868,-12.2,-15.47,1.4722,14.48,13.849,10.701,5.2149,-0.85949,-5.9331,-16.385,-19.65,-7.184,-0.81929,3.531,22.693,22.669,-6.8667,-15.919,1.3399,13.427,18.432,9.8587,-11.846,-16.451,-8.4389,-9.4436,-3.1997,9.6828,3.7947,-7.248,-2.0844,0.8885,-8.2586,-7.1973,4.1795,5.4928,5.6171,8.705,-2.3886,-6.5115,10.853,10.633,-4.575,-1.9751,-5.2338,-19.119,-8.7703,7.3327,1.9315,-2.3775,7.7351,15.889,11.073,5.6802,10.92,6.724,-7.1264,-3.3825,-3.9909,-25.35,-25.439,-6.1802,-2.1803,2.0758,12.58,9.5106,1.6511,0.43631,4.9569,12.429,9.0223,-3.7446,-7.9095,-3.9816,-2.1651,-7.1415,-10.351,2.0593,11.805,-1.9406,-14.715,-3.8632,16.798,23.26,8.5408,-1.381,6.8042,2.3683,-16.929,-17.813,-4.5916,1.5014,1.5973,-1.7993,-5.4837,-0.84939,7.6105,5.1479,-3.4203,2.2013,8.9113,-4.5132,-11.058,-2.9126,-10.408,-14.215,4.0692,12.697,14.003,18.491,6.6418,-3.4115,2.7117,2.285,2.2995,4.4036,-7.1538,-11.278,-7.3914,-15.678,-14.003,0.48228,4.8967,6.465,2.5537,-8.147,-1.4121,11.483,11.909,16.069,20.805,13.481,1.4947,-14.334,-27.109,-25.509,-18.969,-11.31,-0.51016,2.0832,-1.8197,4.4266,21.384,29.987,21.948,14.599,8.1843,-12.161,-23.537,-15.06,-14.574,-9.7027,11.37,9.7833,-6.2786,-1.1531,0.48993,-9.9543,-3.0443,8.7748,6.8845,4.3129,2.3087,-3.2146,-3.3701,3.6349,9.9251,6.7795,-2.2758,-1.5501,3.8235,-3.4316,-11.892,-6.6327,-2.1031,-8.9756,-14.393,-8.3281,4.617,14.31,13.747,6.8591,4.3904,9.2016,10.83,0.61068,-8.0611,-1.3711,2.9279,-6.4187,-10.354,-7.7741,-7.2616,0.88941,6.2402,0.13698,5.2946,13.463,3.7121,-6.1617,-9.5818,-6.5393,9.1899,5.6859,-16.966,-12.593,0.3679,-1.947,3.6341,3.0552,-2.9467,10.847,7.4285,-9.4654,7.6859,16.239,-0.075057,7.7627,8.0348,-18.372,-18.97,-3.0341,3.3749,12.438,13.522,9.1629,9.1968,-2.6012,-9.6384,-3.2674,-9.0776,-10.749,-3.6674,-13.798,-16.576,-5.0116,-9.5686,-8.7378,9.0541,11.396,1.8243,-0.9546,4.352,16.007,19.838,15.627,17.074,15.109,5.6558,-4.6212,-13.47,-6.6116,6.7953,-1.4286,-15.137,-12.66,-5.0612,-1.1539,-3.767,-5.6361,-3.3825,-13.693,-18.457,-0.52404,-0.64331,-13.189,2.7799,13.273,-1.4133,-5.8041,-1.5837,5.718,23.527,28.098,16.332,9.4123,8.1581,14.478,22.783,17.239,0.31445,-19.944,-25.591,-13.024,-16.487,-25.466,-14.039,-19.058,-29.522,-5.7199,3.3657,-9.9877,5.8306,18.003,5.4628,6.9606,12.638,15.693,23.508,8.6539,-5.6731,10.775,15.31,5.0748,6.3919,-3.001,-12.513,-0.79019,1.903,-3.0965,3.562,-0.56449,-16.09,-19.95,-16.965,-15.715,-12.394,-3.5879,6.2866,7.7495,4.745,0.95857,-5.6149,2.0534,21.295,20.661,9.2806,10.17,7.0496,-8.1115,-19.699,-18.169,-2.3866,10.92,7.3992,2.8473,3.5731,-3.0859,-8.0275,1.5067,11.867,9.2554,1.102,-1.68,-1.9707,-7.8611,-16.53,-12.502,6.877,12.069,-5.4012,-7.1606,4.6921,-5.2877,-12.671,0.57991,0.62653,-5.1688,0.46057,-1.1886,5.1642,23.213,14.092,-2.6338,4.5925,7.5139,1.6563,2.6915,-0.44375,-2.5188,-1.4784,-11.042,-12.689,2.5096,8.6335,-0.20037,-11.802,-12.37,4.4654,12.386,-0.60197,-5.0562,1.5572,-1.553,-5.4503,-1.0348,-0.17468,-4.1225,-5.754,-8.7551,-10.61,1.3999,16.856,16.19,9.5308,4.2608,-3.9783,3.6829,22.344,17.138,2.7335,3.3671,-1.1843,-13.173,-17.894,-18.508,-11.718,-5.6451,-13.687,-13.274,2.573,7.6239,2.8465,3.4167,10.257,16.165,5.8873,-10.459,-4.6633,8.9423,4.3445,-6.2923,-4.4815,7.1901,8.9755,-4.3708,-4.6857,9.9438,7.3723,-4.5513,0.96306,13.563,12.01,-6.3766,-21.854,-17.488,-11.017,-12.036,-2.9404,6.1463,-0.87782,-4.1622,6.7544,16.301,14.943,6.9431,4.4198,6.4168,-0.25308,-6.9685,-3.0888,-3.8102,-12.443,-12.811,-6.1606,-2.061,3.9257,10.415,2.1536,-13.744,-7.2529,18.155,28.554,18.696,5.3629,-7.5249,-17.44,-15.304,-1.2987,8.3484,-0.25021,-15.503,-18.722,-7.9174,11.238,21.209,7.8676,-5.505,-1.8328,-0.47234,-2.3148,4.7121,5.3618,-5.7602,-9.8081,-4.2586,-1.2995,-0.073184,6.6236,10.599,5.5044,6.1586,9.4159,-4.6152,-17.159,-7.5562,1.9554,0.38064,0.98827,4.8496,5.5738,-1.7386,-9.0112,-1.9049,6.6685,5.4817,6.1576,3.8266,-6.3276,-14.157,-19.539,-12.348,7.6207,11.342,6.9455,11.369,2.0379,-7.9855,4.6789,10.997,6.4303,7.8507,0.15039,-11.866,-12.249,-7.2758,1.771,-0.09752,-15.351,-6.1506,14.096,7.2931,0.43403,3.5346,-4.3038,-1.7324,12.951,12.219,5.3077,-2.7891,-14.636,-5.1119,15.674,7.4054,-14.266,-14.288,-10.262,-19.205,-11.143,14.877,16.453,4.8117,10.134,5.0155,-9.818,0.37824,13.94,14.487,16.319,1.6961,-21.144,-20.249,-15.601,-12.944,4.8208,8.4204,-8.8216,-10.042,6.1285,20.378,21.497,8.9098,3.6734,6.9229,0.015777,-10.432,-16.116,-13.188,0.53509,2.8069,-5.9577,-6.0156,-9.0984,-1.8504,24.536,14.23,-18.153,-5.9592,6.9952,-11.958,-5.7241,13.605,4.6652,-3.0763,0.21325,-0.64768,3.8697,7.2986,4.2532,7.9682,10.718,4.5855,-3.6781,-10.419,-7.7889,-0.95207,-0.8755,1.3908,-3.0766,-17.912,-5.4043,20.374,8.361,-10.624,-1.9936,-1.9984,-15.004,-12.247,-3.2805,3.0185,9.9755,4.2609,-12.318,-18.122,-5.2699,16.343,28.217,25.622,20.962,13.378,1.4362,-0.08279,7.7792,9.2007,-1.6698,-17.065,-15.3,-1.4712,-12.435,-30.596,-17.128,-8.6552,-22.568,-8.2708,17.328,2.0295,-16.564,-1.7389,10.83,3.711,-5.0468,-1.8801,18.791,31.957,16.235,8.3253,24.88,26.774,16.405,19.594,12.353,-11.761,-21.162,-18.681,-17.648,-16.458,-25.63,-32.585,-17.908,-10.671,-17.163,-5.8379,5.6789,-1.7886,-4.3912,-2.5758,-0.47674,11.447,8.5776,-6.4767,9.21,38.352,44.755,41.576,35.039,23.45,19.086,12.451,-7.7296,-30.527,-44.894,-42.58,-32.191,-29.316,-21.203,-8.9498,-14.541,-16.417,6.2485,21.332,14.038,10.293,17.157,11.786,-11.98,-22.513,-6.2045,9.4719,20.661,35.872,33.215,15.019,1.7044,-13.292,-12.931,14.806,18.281,-12.164,-19.822,-6.6105,-10.107,-15.593,-4.4089,4.5822,1.7381,1.5178,-0.96831,-24.092,-41.688,-23.128,-2.4697,0.58726,17.224,30.57,11.582,-0.5475,8.7919,7.2769,7.0425,20.966,21.43,10.785,7.0202,3.9092,4.7421,3.6583,-17.073,-30.086,-15.709,-7.7604,-9.7016,-1.6476,-2.9837,-12.005,-0.28636,12.306,2.4906,-4.7807,1.8617,-2.0288,-14.702,-1.6976,22.348,6.4125,-18.825,-2.7522,10.831,4.8173,14.924,9.0669,-10.704,8.3014,17.533,-2.8775,8.0973,10.599,-13.643,2.9222,11.469,-20.041,-12.754,0.82014,-16.801,-2.5722,4.3964,-26.471,-16.884,4.0017,-5.6657,14.875,34.716,6.7383,-7.4271,-1.1247,-11.388,-17.841,-5.8162,17.343,24.076,1.7186,3.1575,19.398,-2.6052,-6.8085,16.309,-3.3216,-11.525,19.822,2.9294,-29.774,-11.022,1.2866,-9.8825,-3.4736,3.555,-10.016,-27.193,-18.329,9.4613,6.0729,-9.6007,10.031,21.249,9.4367,15.9,19.983,19.421,29.866,9.0928,-16.516,-3.2103,-12.108,-37.217,-22.527,-12.695,-10.103,11.863,-4.2665,-25.08,15.612,29.935,-5.5369,-0.71183,18.001,7.2379,3.7116,-2.9802,-16.349,-0.31458,14.175,2.2948,-2.5891,-3.42,-10.488,-4.5777,2.752,-2.5286,-0.6393,9.2426,8.2589,3.3985,7.9359,8.0888,-0.3496,3.0899,2.1379,-25.318,-34.205,-9.4176,-6.4178,-17.227,-0.063888,16.182,14.315,19.08,23.726,16.066,8.2929,12.56,21.769,3.5217,-31.083,-24.184,1.2535,-9.3759,-21.689,-13.943,-17.618,-18.695,3.5441,24.792,19.574,-10.515,-20.116,13.838,31.62,13.993,10.364,11.637,-3.4165,-6.5145,2.0511,4.5878,0.1127,-17.287,-28.06,-13.18,2.8029,10.082,12.512,2.1222,-4.7131,-2.7268,-4.0331,8.2672,17.811,-6.2102,-19.729,-4.5394,-3.0898,-1.7831,13.244,5.4261,-11.955,-8.2963,-1.5121,3.1327,12.206,14.584,9.0287,-3.1761,-12.203,0.49345,12.182,4.8754,7.4102,11.655,-5.0706,-9.4269,1.3653,-8.0596,-18.456,-12.336,-10.261,-5.386,2.072,-6.0369,-6.5303,6.797,6.3163,8.878,20.866,10.608,-0.69366,7.1396,-2.757,-20.385,-8.2348,7.4568,5.5102,4.4941,2.5833,-3.7174,1.8589,16.521,18.064,0.35955,-15.36,-13.162,-7.2409,-7.2019,-6.1968,-7.3275,-9.0694,-4.5935,1.0162,10.258,17.936,8.4072,2.5702,9.6321,-2.9752,-19.52,-11.485,-11.323,-17.264,1.5529,11.18,1.4278,9.461,13.196,0.12433,10.536,23.436,9.8867,9.5327,17.802,-0.56066,-16.072,-15.032,-16.516,-5.7274,4.7819,-8.4002,-9.1531,-1.5713,-21.164,-20.926,9.3993,1.4561,-19.001,-0.13227,7.9632,-7.9572,1.0485,18.853,18.65,17.304,12.159,1.2511,2.7244,5.3615,-2.6187,-0.46136,12.679,13.825,7.8311,12.974,18.703,5.5331,-16.412,-23.179,-17.879,-20.205,-24.729,-21.792,-28.992,-37.067,-13.158,9.7689,-4.2588,-9.0264,9.3563,12.369,19.732,41.007,37.403,28.32,36.52,28.373,12.007,15.097,16.443,2.9411,-16.79,-33.289,-33.964,-30.463,-31.326,-22.442,-20.442,-33.802,-25.692,2.0512,10.256,2.8417,8.8494,19.796,5.0115,-8.7193,22.425,44.983,18.606,10.061,22.911,5.1735,-4.0107,10.628,2.7292,-7.4705,-4.3357,-18.039,-27.036,-11.308,-2.5851,-7.723,-2.5526,14.333,12.139,-13.07,-16.194,-0.12634,-0.97426,4.27,11.7,-11.3,-20.641,-3.5328,-6.7574,-7.9169,8.7433,8.3711,2.8837,7.5631,16.437,30.496,19.455,-6.3408,5.4717,15.447,-6.2093,-4.2956,4.7482,-17.678,-24.972,-5.5875,2.2043,-1.4551,-6.3554,-8.7615,-3.7036,0.29088,-3.0965,-10.124,-5.6072,14.235,11.809,-13.123,-6.5822,15.963,6.8568,-6.8124,-0.53694,3.2716,2.8161,7.792,6.9543,-0.92256,2.5042,9.4585,-4.9004,-13.364,9.5153,17.817,3.6673,7.7581,4.9944,-16.634,-13.844,0.026467,2.9119,9.0547,-0.36891,-21.789,-21.995,-20.161,-22.37,-6.6503,3.9327,-1.3402,1.7626,15.316,27.52,22.018,3.9691,5.7866,14.412,9.8276,14.394,12.085,-9.1208,-5.7103,7.9606,-8.0546,-23.569,-19.561,-9.6627,3.1463,3.7707,-5.4899,-4.7694,-3.6019,-3.0706,-1.4326,-12.24,-9.986,8.787,-3.7226,-20.65,5.5149,28.452,18.877,7.2224,0.9998,4.6474,17.153,10.155,-4.6428,0.28237,3.0302,-3.177,-0.017961,-3.179,-12.081,0.7826,11.262,-7.8218,-18.557,-4.6094,-3.086,-12.871,-6.3979,-1.5966,-13.827,-12.742,7.51,11.685,0.06299,3.0584,13.427,8.8661,-0.52688,1.0809,12.406,25.74,30.141,20.846,1.583,-20.842,-30.73,-24.264,-15.406,-3.8793,5.6174,-0.36412,-5.8227,-8.0156,-15.528,4.445,30.563,3.3459,-14.436,20.819,15.091,-27.703,-19.386,-1.786,-11.648,3.5776,26.511,19.304,10.35,6.2184,-3.6312,-8.6165,-9.7805,-3.796,6.5223,0.61836,-3.8523,6.7926,1.2425,-9.2768,5.3205,15.172,5.2342,-0.46965,-4.7632,-12.249,-17.562,-26.774,-24.003,-2.8931,6.7366,12.132,26.855,21.344,4.9886,-1.0131,-14.885,-8.7513,23.576,13.08,-9.3693,12.908,7.9481,-21.68,-1.227,9.1908,-13.915,-0.14535,8.7569,-15.805,-11.465,-3.819,-14.391,4.8595,18.765,-0.083579,0.60311,12.255,7.6121,4.3837,-0.021368,-0.9117,4.0969,-13.207,-30.131,-17.162,-5.5211,-0.16428,9.989,5.8325,1.3828,14.743,21.9,16.22,9.413,3.9611,6.2895,11.279,6.7201,-5.2911,-19.567,-25.951,-18.537,-11.527,-12.728,-14.112,-7.0111,7.8154,12.485,4.7772,5.3234,8.8377,5.7074,8.6809,9.8684,0.6483,-1.1416,2.1276,-2.7494,-5.9247,-0.67084,7.0322,8.0424,-1.7821,-7.0964,1.3661,7.1873,0.71187,-7.6874,-7.744,-4.5666,-5.5779,-1.9611,3.2684,-1.921,-0.12293,8.0296,-0.93702,-4.2417,4.7294,-7.3578,-13.364,9.5377,15.497,2.3401,-3.5173,-12.254,-12.275,-0.27849,-1.4624,4.4621,24.014,21.155,8.471,3.1026,-7.6278,-5.917,3.101,-8.3473,-9.4679,6.8204,-3.7975,-22.077,-12.486,-3.5151,-5.7949,7.0009,21.9,9.2772,-8.6067,0.58336,8.1142,-8.917,-9.1571,11.543,9.6405,-1.7012,-3.855,-16.189,-17.011,8.4952,19.596,12.043,6.8571,-1.5614,-3.5967,3.0943,1.7435,3.533,4.0155,-8.507,-0.37164,13.999,-12.484,-29.263,-0.90527,5.2557,-18.504,-13.928,8.834,15.301,10.817,4.051,-1.1209,-0.38479,4.9165,12.384,11.343,-3.5855,-12.85,-5.6988,-0.47509,-7.3626,-11.311,-2.6424,6.8158,8.99,10.537,12.054,9.0436,3.4498,-2.4416,-5.8958,-8.2197,-15.382,-18.682,-9.1715,0.87989,2.8684,2.5421,6.9894,15.803,14.107,4.0968,7.6861,9.8878,-4.7156,-8.578,-8.7962,-29.502,-32.839,-2.5435,15.158,8.5364,1.9351,3.0469,9.1518,12.174,11.579,15.92,18.084,13.265,4.7448,-14.733,-30.66,-17.238,3.6801,-0.60823,-13.704,-8.0587,3.7638,0.20442,-1.3612,11.366,7.7437,-11.768,-9.1583,4.4749,1.4512,-2.064,3.8766,3.6394,-2.5683,2.3634,15.135,7.5205,-11.506,-2.9698,12.575,5.9491,5.1865,6.8559,-8.8558,-12.489,-7.9887,-12.589,4.1103,20.176,-0.73708,-11.989,-1.9904,-5.033,0.99261,15.626,4.8325,-5.0775,3.5801,-0.81297,-17.869,-20.541,-4.4541,6.627,-4.5395,-7.0097,13.253,11.878,-6.9538,2.6377,20.222,16.063,10.028,6.5868,-5.3544,-12.565,-3.2659,8.6991,2.0177,-14.804,-13.878,-1.8677,4.3208,12.371,8.813,-14.856,-18.014,0.86036,0.46304,-2.9492,5.9736,-3.8358,-10.549,10.85,7.5842,-16.112,3.7343,25.419,-6.0031,-28.467,-6.2543,12.321,13.355,12.949,8.341,-1.6186,-13.912,-13.789,8.7848,18.304,-1.5891,-6.5581,13.601,20.22,8.8375,5.0346,11.995,9.2907,-7.97,-18.828,-21.397,-30.24,-35.482,-28.997,-18.111,-5.0161,-0.35995,-3.4352,4.9972,15.884,19.958,27.111,27.353,26.042,31.456,13.378,-8.5821,1.7829,-3.6818,-29.17,-16.244,8.4279,11.77,18.304,20.775,13.414,1.8393,-23.861,-27.587,-5.6252,-15.535,-25.912,-9.796,-30.952,-61.569,-43.319,-22.705,-8.1347,19.181,22.618,21.492,42.013,45.304,47.995,71.439,65.197,36.78,30.93,20.26,-13.796,-35.582,-36.955,-44.987,-56.933,-48.206,-36.566,-44.582,-44.6,-28.617,-13.901,9.4508,25.539,18.449,22.708,29.741,15.5,16.019,28.264,21.094,13.929,11.517,12.003,23.34,12.161,-11.594,-1.6351,6.341,-7.8148,-7.3734,-8.2063,-21.013,-23.195,-23.837,-16.788,0.88222,1.1534,0.63972,5.4749,-10.057,-11.06,9.9479,4.0923,-7.749,-5.2736,-17.734,-21.903,1.3449,18.694,23.834,19.819,4.5566,2.2619,17.397,27.708,25.837,18.888,15.059,2.5898,-19.49,-17.61,-5.6617,-16.132,-16.273,-6.8718,-21.225,-22.186,-4.8497,-9.7249,-4.5318,16.573,2.429,-19.748,-13.555,-5.9293,0.096339,11.589,17.308,18.73,4.9192,-15.755,-2.0375,23.179,18.135,13.926,25.45,23.979,12.771,2.2804,-7.8892,-6.3438,0.45434,-2.347,-13.288,-33.428,-43.776,-23.618,-8.9837,-15.986,-4.3245,11.573,-5.4376,-19.385,-3.4801,17.658,30.019,25.425,13.081,18.917,19.863,2.6855,6.3049,10.532,-15.643,-18.926,4.2719,-2.6355,-12.742,5.744,13.647,4.0599,-1.1015,-4.2918,-1.5913,1.6151,-9.9115,-18.776,-15.542,-17.979,-22.425,-15.712,-0.20283,13.501,9.3166,-2.3558,7.0631,19.848,13.383,16.581,32.854,27.239,10.881,7.4955,0.58879,-13.871,-22.877,-29.388,-28.401,-17.476,-12.348,-7.4131,5.5195,9.4993,7.6862,11.189,8.2015,7.5162,18.066,12.174,-5.8101,-5.5989,-7.0847,-23.876,-19.731,6.369,15.643,8.3525,5.7404,2.4432,-3.877,0.75012,7.7221,-0.91652,-9.1624,-0.92218,1.9176,-10.167,-9.8701,4.5225,2.808,-6.0079,7.8621,21.419,10.111,3.6368,6.6102,-7.1088,-13.62,3.0268,4.4558,-12.064,-15.24,-6.5058,0.33548,-3.3118,-12.323,-3.3581,13.432,11.28,3.8064,2.4899,1.0396,3.4947,2.2666,-2.7062,2.9095,2.4897,-7.1817,-1.474,5.3557,3.1715,10.067,9.886,-3.4487,-5.2718,-5.7985,-10.231,-1.8882,-1.1346,-12.166,-2.2621,11.757,-1.1739,-12.931,-0.058702,12.54,10.639,9.2877,7.2847,-7.3478,-17.013,-6.0391,2.6299,-4.3276,-5.1463,6.3629,6.3134,-7.551,-6.4136,7.8312,8.232,8.4029,18.727,8.8377,-13.528,-16.99,-9.3188,2.0991,5.6893,-8.8245,-0.25625,24.817,4.7478,-19.358,2.2131,13.966,5.1483,5.2385,-11.492,-29.671,-12.696,2.2316,-6.4683,-9.91,-0.26959,8.2337,3.0248,-3.8633,6.4928,14.178,10.901,15.301,15.585,10.334,12.413,-0.4277,-20.537,-15.846,-7.7012,-11.864,-10.031,-0.99451,10.485,12.057,-3.2553,-4.6393,11.668,11.52,-3.8641,-13.968,-9.1627,0.54674,-12.491,-27.246,-12.512,-3.3587,-2.2156,20.87,27.842,10.515,13.312,18.523,7.8013,0.54626,-10.792,-17.596,-5.2524,0.12862,1.5747,12.826,9.9558,0.39308,3.1013,-0.65333,-9.7706,-7.3584,-0.37168,-0.022889,-10.501,-19.26,-15.718,-13.746,-6.2781,11.907,7.3725,-5.7406,9.9664,18.76,0.82338,-5.1348,1.9785,2.3165,2.7727,6.8732,9.0071,6.0753,6.3393,14.497,9.1175,-0.64257,13.028,9.1249,-23.691,-15.311,13.53,-9.7974,-39.974,-26.103,-8.2685,-4.3877,4.4877,11.835,6.8646,-2.4642,-0.86842,10.377,10.95,2.0732,0.13747,-1.4912,-6.8168,-4.1114,2.1778,1.9959,1.5287,6.4445,11.875,13.532,10.678,2.6351,-3.2288,2.8095,9.8263,6.261,2.6349,-2.3697,-15.409,-15.868,-3.163,-4.7844,-10.672,-3.0698,-5.738,-22.089,-16.583,7.0985,7.6101,-11.952,-14.086,-2.4472,-1.5404,-3.8569,-0.73721,2.8558,11.277,21.08,28.774,42.711,46.433,29.271,19.276,16.71,0.6501,-14.459,-21.979,-31.01,-30.768,-29.032,-43.784,-51.35,-31.513,-9.8876,-8.1333,-7.2244,8.3991,14.614,7.2981,18.775,34.326,24.346,15.956,21.305,24.597,31.317,26.396,3.8834,-4.6276,-14.359,-30.643,-6.5237,20.511,-1.5442,-17.509,-14.409,-29.375,-27.169,-5.4836,-8.9985,-11.759,-1.0506,-9.3188,-11.714,13.788,31.082,25.54,10.363,-7.098,-17.348,-15.226,-1.7752,11.97,9.614,3.3837,7.3415,6.0527,5.5458,21.598,28.263,15.515,10.403,5.5749,-16.472,-31.164,-27.914,-24.392,-13.841,1.1321,-6.3717,-13.627,8.7548,18.239,-2.7855,-6.7895,6.2919,3.3515,-6.0923,-9.8828,-9.1219,-1.2675,4.0973,8.1534,17.939,15.582,4.2163,7.9752,18.903,21.305,9.6224,-8.8239,-6.8404,-3.2663,-29.335,-29.792,12.794,20.019,-5.0593,-8.2124,-10.048,-14.213,-1.5437,-1.3642,-8.7299,3.9792,8.0207,-3.5273,-4.1875,-5.1772,-7.8517,6.69,18.375,7.7865,-1.6196,7.2541,12.601,2.5392,6.6882,20.887,3.0864,-14.539,3.9859,-1.7952,-32.158,-14.922,12.72,4.3585,6.7544,8.7971,-18.035,-16.904,11.321,9.5761,-2.6975,-7.5288,-20.067,-12.651,14.001,13.197,-4.3199,-4.7883,3.0439,8.691,11.874,8.3723,2.1473,-1.8639,-3.5939,-1.9348,0.061767,-0.87829,-0.22469,6.6466,8.8892,-6.8605,-17.508,1.0287,14.354,1.3456,-1.4767,6.1723,-2.6466,-7.5174,-0.99921,-4.5734,-3.1605,6.9834,-2.7305,-14.122,-1.0105,2.219,-18.565,-18.18,10.636,20.752,3.7566,-5.1983,2.7061,13.464
-10.754,-8.174,-1.7034,2.4401,2.9065,7.7028,13.578,15.346,12.003,1.8278,-4.3128,-3.9909,-7.4423,-2.4367,10.463,5.1685,-6.8905,-4.4162,-0.45163,-0.30537,-1.4933,-6.4811,-6.7883,-7.5048,-11.067,0.44282,8.2313,-5.1211,-3.0255,13.44,6.9401,-4.2849,-0.37597,-0.30436,-1.9421,4.9182,9.7166,7.8797,3.1366,-1.8456,-5.5634,-7.4804,-2.7497,4.3949,4.0975,2.878,4.3906,6.0016,10.149,1.4053,-19.443,-17.377,-4.9577,-11.462,-5.9688,11.459,0.85333,-9.5136,3.1373,-0.39192,-9.081,8.7839,17.653,2.3222,-1.4933,6.1256,5.3093,5.5883,13.11,12.199,-1.4932,-8.9463,-4.3307,-5.2638,-10.204,-7.974,-10.013,-12.488,-1.8953,2.7505,-0.0089067,10.607,13.405,-4.6022,-11.728,-3.0462,5.6505,13.208,8.57,-5.1883,-5.098,-0.31466,-5.6337,-6.8021,2.4992,11.404,8.9142,-3.9462,-7.7808,1.0956,6.005,7.2518,7.475,3.0699,0.65322,-5.0534,-16.607,-14.145,-3.3876,-3.0986,-2.3109,1.5919,-0.78347,-1.7834,0.95807,6.239,14.052,9.5388,-2.8724,-1.8652,2.7314,-0.22423,0.070251,1.9028,-0.77903,-2.7429,-1.2607,1.9499,1.2114,-2.7376,-1.7634,-1.8051,-5.2755,-4.8055,-8.8112,-9.5233,9.2105,16.643,1.9577,4.0804,11.412,-3.4704,-7.9208,2.2137,-6.8047,-14.074,1.7906,8.4069,-1.1106,0.14218,5.4263,-3.786,-10.116,4.5686,17.567,6.5862,-6.1629,-1.1846,0.91372,-7.7954,-6.8827,2.4056,5.5382,4.7846,-0.12586,-9.2491,-9.2623,-1.9277,-2.3673,-5.9049,1.5466,14.721,12.346,-4.052,-2.4218,13.491,7.6571,-4.3283,1.5597,-2.5572,-16.936,-11.467,0.6574,1.2643,-4.3818,-9.5532,-1.3482,9.0353,3.1681,5.8076,15.741,4.1545,-2.3959,9.0803,9.3487,2.7556,-9.4269,-24.731,-9.5708,8.4185,-5.0236,-4.6379,6.1803,-5.0234,0.54924,13.458,-5.7621,-12.352,4.5209,4.0998,2.3278,5.7593,-2.3505,-1.829,5.3754,2.1471,2.1491,2.3066,-1.9912,3.3198,5.6121,-3.1144,-4.558,0.26032,-0.88545,-8.2896,-9.2685,4.4911,6.1435,-10.281,-4.081,12.035,1.8341,-3.9439,5.3121,-1.7433,-9.2516,-1.6864,-0.24831,-1.2937,5.5099,9.2279,6.1639,-1.1255,-5.8455,-1.1494,3.6297,4.7763,4.4278,-3.9317,-7.2831,3.7252,4.2601,-5.806,-2.613,3.5317,2.357,3.1724,-1.506,-10.753,-8.3427,-2.6047,-1.6182,1.2488,-2.312,-7.4947,5.5158,17.387,7.1904,-2.046,-1.098,-2.8377,1.6827,10.177,1.5325,-10.689,-4.6515,3.2728,-0.082415,-0.063642,5.0058,-0.52543,-10.561,-4.5056,9.9116,7.2043,-10.568,-16.335,2.066,19.797,9.1586,-6.7196,1.6624,5.9605,-7.8773,-6.4582,2.5784,-4.5196,-6.3768,-0.54486,-1.8855,3.5957,8.4691,-1.4637,-5.3721,-3.4792,-4.6386,4.1289,5.9836,-5.1318,2.4726,12.659,2.0531,-2.2264,1.2522,0.67231,4.3213,-2.6415,-8.6022,11.366,11.647,-9.642,9.2598,25.569,-11.247,-32.069,-12.616,-4.9122,-8.9287,-10.13,-14.512,-12.804,-4.1547,7.0146,17.812,12.957,5.8498,13.642,11.982,6.9412,20.099,17.652,-1.0902,6.5966,14.347,-6.6226,-15.158,-7.2912,-18.762,-29.694,-18.455,-12.944,-14.816,-2.3778,4.3278,-2.685,8.1723,21.036,2.155,-11.261,9.5731,26.283,18.629,3.1675,-6.5009,0.33663,11.594,4.391,-7.6148,-4.8826,1.6081,-3.1207,-14.303,-11.459,1.4846,-3.5289,-8.3816,10.866,12.231,-12.01,-8.6468,9.9405,1.6094,-9.8538,-3.4703,1.8637,1.2377,0.36233,-1.2369,-1.0361,1.6145,6.5642,11.879,9.1701,1.1612,-0.47228,1.5494,0.67443,-1.6712,-7.961,-13.415,-6.0925,-1.0444,-10.242,-3.3392,18.981,13.256,-4.027,3.5601,8.9937,0.048578,-3.9468,-10.982,-8.5386,15.796,15.678,-13.523,-20.111,-6.7343,1.7976,5.2885,-1.258,-4.6159,6.1562,6.5038,-0.94304,3.0389,4.4907,2.79,3.7538,-8.6295,-16.542,3.374,16.955,2.4312,-9.8028,-3.8963,5.5183,8.0407,5.0382,4.1549,6.8265,1.2742,-11.088,-11.573,-7.71,-14.134,-4.05,22.431,12.679,-17.613,-8.98,8.8316,-5.6419,-13.984,3.7473,15.094,10.539,6.5526,6.9008,-0.1369,-13.651,-13.064,0.36681,5.5032,3.3991,1.9256,-0.4133,0.28304,4.7542,7.243,3.9868,-1.7627,-0.86774,-2.5319,-13.327,-7.7423,7.9,0.082919,-11.085,-2.9768,6.9627,11.022,0.56447,-17.682,-9.1707,7.8929,6.7497,11.384,8.9944,-8.0428,2.7907,11.926,-15.044,-17.472,9.3092,7.4697,-8.0584,-4.7934,7.0291,7.5801,-6.3685,-2.7074,18.93,12.373,-4.8031,-2.6389,-10.352,-15.771,1.9767,3.5641,-9.0136,-3.7679,5.5385,7.541,0.6034,-10.719,-2.8117,10.303,6.47,1.6072,-7.1213,-12.146,6.1803,7.4415,-8.5821,8.0602,15.184,-8.4783,1.3319,14.478,-15.521,-22.006,5.7496,7.8551,-0.36726,6.0986,7.2942,3.0712,1.7297,3.1559,8.2874,1.8215,-16.707,-17.838,-2.9905,-3.0143,-14.301,-6.4397,15.36,11.569,-14.976,-14.55,11.699,15.737,6.4104,17.64,21.674,-2.6253,-16.527,-10.363,-10.979,-6.5727,8.9816,4.8246,-7.5914,2.2339,7.896,-6.4595,-5.353,11.64,8.9694,-4.5813,0.53434,11.401,3.2503,-13.658,-18.543,-10.439,-1.7018,-6.2157,-17.941,-11.139,10.505,17.343,13.382,18.462,17.332,-5.7919,-19.698,4.0627,24.78,3.3004,-13.246,6.7937,14.806,-0.43966,-8.1384,-14.518,-15.81,-7.176,-14.565,-15.619,7.7442,4.3217,-13.292,5.5079,20.066,9.3635,12.127,12.291,-5.7806,-9.0481,2.5898,3.965,-8.2245,-15.12,-1.3202,4.9628,-6.7149,6.9338,26.002,3.3793,-13.73,3.5757,9.5898,2.3009,1.5339,-5.1338,-15.93,-20.021,-13.413,1.1738,2.7493,-3.7131,3.4804,7.3586,6.4841,16.829,12.166,-4.2879,2.4246,5.3227,-11.621,-9.5587,2.9353,-1.065,-0.91726,3.8961,-6.6065,-11.281,6.2282,15.763,-0.10623,-11.205,2.0908,11.304,-1.4735,-10.88,-3.1732,5.8533,5.1194,-5.2428,-15.226,-11.438,0.38676,6.6059,8.7304,11.19,10.129,2.6467,-5.722,-7.246,-3.8686,0.9467,9.2685,12.437,3.0585,-3.6705,-0.3869,-0.11248,-4.0932,-7.184,-12.586,-15.885,-12.439,-6.1383,3.591,11.661,11.363,12.458,12.03,-1.76,-8.9388,-0.14025,0.35843,-3.7015,1.1734,-1.0698,-4.6115,7.4872,15.684,11.449,8.6832,1.8721,-10.902,-16.826,-12.213,-0.90788,3.2478,-4.3429,-5.8595,-4.4088,-7.0205,2.1922,5.1616,-12.037,-7.2323,13.403,4.8306,-4.964,7.438,7.9117,-3.1065,-2.9541,6.7507,18.963,16.79,4.6953,9.3288,7.4836,-14.394,-10.707,5.4774,-14.138,-33.098,-14.997,3.0922,-0.88023,-6.4398,0.092657,11.521,15.028,8.8345,-4.9516,-18.176,-10.541,7.9123,9.708,9.0703,13.455,0.13186,-12.811,0.38077,15.624,12.194,-0.90416,-5.4856,3.3468,-2.9309,-23.834,-14.305,11.305,13.574,12.064,8.5347,-8.8328,-5.9502,5.599,-12.234,-17.869,6.6827,7.4266,-13.121,-13.928,-3.4671,-1.63,-3.5999,2.4634,10.189,0.4953,-8.6663,6.9021,16.959,7.1712,8.46,16.312,9.5885,2.04,2.2257,-0.2828,-4.3994,-0.22534,4.8615,-6.5818,-17.551,-7.8413,-6.0998,-14.647,-1.8111,6.3168,-6.6438,-8.1722,-11.386,-20.789,-3.3596,12.043,5.2491,4.6135,-4.7632,-10.878,18.417,27.291,10.127,27.597,35.654,9.6669,10.229,11.846,-12.498,-10.746,-1.6462,-23.526,-39.217,-34.99,-27.959,-22.537,-19.449,3.7182,33.985,17.648,-11.685,1.9704,19.156,15.071,17.728,20.312,11.167,0.6479,-11.024,-12.839,5.0191,13.538,-2.4387,-8.8748,5.0298,3.7171,-12.153,-6.5333,9.687,5.5781,-11.954,-23.423,-16.244,-2.4325,-8.2613,-9.1364,13.794,14.471,-1.5284,8.873,11.265,-3.7607,14.336,37.009,10.883,-28.807,-32.486,-10.401,-2.3536,-12.472,-5.4358,15.27,16.33,3.2191,-6.5472,-3.8974,14.084,21.289,7.2425,-4.904,-9.2615,-3.0048,9.387,0.35568,-16.362,-11.957,-6.4293,-9.0657,-6.9538,-3.5314,3.4163,8.4406,-1.4088,-9.4407,-1.7495,12.231,16.985,4.3425,-0.4835,11.071,5.3203,-7.4905,-5.044,-3.2543,7.108,14.523,-7.6361,-8.9693,11.578,-3.671,-10.768,4.3888,-13.145,-14.837,13.543,-0.85029,-17.987,0.84438,-2.974,-15.183,2.849,21.391,22.339,4.6855,-10.184,3.3989,4.2844,-13.566,2.2039,20.85,5.0555,-5.0533,1.2358,4.3641,1.7525,-5.1253,-3.573,-5.0039,-22.693,-17.367,4.8165,-5.3706,-16.575,3.664,14.178,1.0495,-0.49808,21.389,30.416,5.5881,-7.8191,6.0566,3.7579,-9.3427,-11.445,-10.992,0.59721,5.4137,-8.3493,6.1564,20.56,-12.805,-22.998,-0.83682,-15.228,-20.938,10.788,11.142,-5.1308,10.989,20.131,0.84312,-5.1585,13.203,20.031,4.6808,-4.8162,-6.6616,-11.528,-2.8214,5.9635,-7.5524,-11.214,2.9589,0.44224,-10.863,-3.9867,13.597,13.323,-9.2233,-13.499,4.979,2.1942,-9.4151,-5.9295,-6.7903,1.8084,18.613,4.2796,-9.5998,4.4533,3.7898,-4.0681,8.8766,17.136,13.503,7.1819,-1.5289,-0.61836,-4.2775,-22.254,-20.246,-1.408,3.7982,2.8274,-0.015591,-4.8619,-2.4549,-7.8468,-17.756,-4.1384,13.065,6.0196,-3.997,1.1999,11.365,15.633,14.533,15.885,14.949,-2.1025,-22.618,-17.34,5.8435,7.09,-10.792,-6.6255,9.1366,2.2892,-6.8574,-4.7821,-9.1807,-4.1629,9.2086,-4.1261,-16.608,-0.16637,-4.3433,-26.634,-6.2114,25.216,15.374,6.7787,23.264,26.015,14.123,6.1783,-0.99128,0.49915,2.8831,-12.771,-24.149,-20.464,-18.789,-11.555,-8.4488,-18.828,-0.41649,29.252,9.4896,-11.494,13.326,24.235,4.0372,-1.391,7.3342,6.195,-7.9085,-17.386,-5.223,5.9934,0.77103,3.4324,7.7252,-4.4907,-8.5459,4.954,13.437,10.945,5.8481,1.638,-9.2825,-23.814,-18.125,-4.2508,-11.462,-14.847,1.3959,7.4815,2.2439,-0.24599,2.2048,20.747,34.082,14.725,0.12742,10.33,5.2148,-16.504,-19.626,-4.5288,5.1278,-4.2161,-18.443,-9.8673,8.841,2.3581,-14.491,-4.5319,14.14,5.254,-6.8061,8.3559,13.924,-10.278,-17.519,0.27531,2.6545,-3.4318,5.0459,10.483,4.4729,0.70799,-0.92542,-0.072056,8.1551,12.5,7.4272,5.0265,4.2036,-4.5625,-12.246,-11.96,-14.031,-16.293,-7.2312,2.6745,-0.29476,-7.8208,-8.7967,0.45559,17.167,22.216,6.7976,-3.8947,1.5631,3.8131,4.7047,14.902,14.526,-1.8505,-10.237,-11.343,-17.693,-18.193,-5.6412,10.19,14.034,-3.5993,-18.663,-3.6194,17.083,15.511,6.2593,1.2684,-3.0348,-5.9616,-7.3635,-2.999,3.2785,-2.1952,-4.5317,7.0409,4.5778,-9.9152,-8.8061,-2.7696,1.522,11.43,10.058,3.8147,9.8456,4.9013,-6.9498,-0.56267,0.20104,-8.8846,-5.2879,-7.2511,-8.1961,11.088,7.8181,-15.71,-9.1054,-0.27468,-7.4076,4.9166,14.479,7.9431,15.722,10.998,-11.57,-6.2697,-0.23279,-15.396,-8.6433,6.6006,4.3048,9.2449,10.927,-2.2267,-3.4881,-0.28342,-1.7612,3.1196,-4.1438,-18.575,-10.957,-0.88263,-2.6513,3.3393,11.358,10.066,6.1061,3.7887,5.984,2.7832,-12.994,-17.514,-0.84085,14.2,12.612,-0.22652,-4.4966,1.2789,-5.2737,-8.6315,8.8345,8.942,-10.984,-9.3935,-0.21159,-5.6792,-4.6433,6.4249,12.648,9.871,-0.14442,-5.8821,-6.5912,-9.8609,-4.8762,3.4155,-0.30679,0.59144,9.5862,6.7013,0.83347,4.5251,6.4336,-1.491,-11.56,-6.9885,4.928,0.47377,-0.79344,13.064,4.3533,-13.989,-3.2659,3.5278,-7.8932,-2.7435,2.7302,-9.0205,-5.9549,9.1485,6.2741,-5.4156,-4.6889,5.2542,6.7213,0.043513,5.2842,10.947,-4.3527,-12.028,2.0594,3.0869,-5.8863,1.1308,4.8064,-3.979,-2.324,3.1285,-0.50315,1.0707,4.9243,-0.46004,-0.71709,4.4164,0.20973,-0.57074,3.6514,-7.632,-14.188,3.6344,7.2058,-14.581,-16.782,4.161,12.514,5.8223,-0.3572,-4.4624,-5.1907,2.0186,12.451,16.02,12.942,7.1993,-5.3177,-16.382,-11.785,-4.161,-2.5342,4.8482,8.6859,1.371,0.9774,2.611,-3.7875,-2.2827,0.93029,-5.44,-4.8666,-3.8732,-12.598,-8.7391,2.3182,1.4934,3.8522,9.184,5.5069,1.6688,-5.4564,-5.7857,20.092,28.839,-2.6522,-14.206,2.495,0.31836,-7.4197,-0.49078,1.44,-1.3449,-1.175,-3.7526,-4.6404,-3.3505,-2.3791,0.37767,-5.5107,-14.03,-3.6075,7.3959,-2.4953,-8.5165,4.5216,15.529,10.426,-0.35973,0.87295,11.127,12.305,6.9988,2.2439,-9.0577,-15.346,-4.7123,1.5785,-3.2922,-0.54914,2.8555,-5.7628,-10.938,-6.1336,-3.3205,-2.8226,-1.4877,2.0271,16.479,30.667,18.715,-7.5508,-19.893,-19.888,-11.45,3.3875,5.3742,-1.566,2.0144,3.5718,0.1503,6.7495,4.6951,-7.7599,2.9703,17.219,0.29226,-17.469,-14.231,-10.201,-6.0669,2.6315,6.5341,10.163,14.066,9.6887,6.4137,9.978,7.5167,-6.6381,-22.204,-21.155,-3.003,5.3143,-1.6097,-1.9152,0.72399,-3.7535,-2.8264,1.9928,1.4308,2.2019,0.79076,-3.8052,6.317,21.527,13.803,-6.5151,-11.31,0.55212,8.8994,1.3452,-9.7747,-10.809,-6.6131,-2.1112,-2.3401,-6.1837,5.3875,16.923,-2.3831,-10.523,17.73,17.648,-13.771,-12.794,1.2679,-5.5697,-5.6951,1.2868,-0.14952,0.90267,-0.95854,-5.1577,0.046672,0.17516,-0.61102,8.0991,3.5715,-0.5752,15.235,12.081,-6.3511,-0.1159,6.8044,0.24271,0.56364,-5.7081,-14.007,-5.9255,-5.7057,-11.216,-0.63375,2.2345,-8.5569,-7.5957,5.0702,14.225,2.4731,-14.244,5.3234,24.452,2.0615,-2.6288,16.707,1.4365,-11.22,8.6556,8.1874,-5.0882,1.3029,-1.227,-14.413,-13.037,-9.2079,-12.041,-8.6554,3.9128,12.799,10.776,10.176,8.396,-7.9419,-15.876,-4.5861,2.0077,7.5986,12.858,1.8957,-5.8016,-7.1672,-14.068,2.965,25.743,7.9371,-5.3676,10.426,3.8482,-13.201,-5.8015,0.092134,-3.288,-1.1045,0.07667,-0.534,-4.11,-13.467,-13.983,-2.5718,7.9362,8.5989,-0.69289,-0.97843,11.657,12.816,6.6046,5.397,-3.8062,-9.2441,-0.74683,-5.5326,-14.011,2.3269,13.268,-2.0907,-6.6325,9.6764,9.4348,-12.046,-14.578,11.114,23.028,0.9858,-18.507,-3.3049,19.748,8.0896,-18.391,-15.212,-1.3191,-7.8682,-13.055,-4.1974,3.6744,9.2302,8.0624,0.19293,3.0516,6.7691,-1.7017,0.35762,12.034,7.1201,-3.0518,-1.4414,-2.7195,-9.1916,-2.2291,11.593,9.2531,0.23084,2.7815,2.2203,-4.3903,-1.1747,-5.4347,-17.597,-4.281,9.1431,-7.8552,-14.546,-7.5224,-15.72,-4.354,22.582,7.7077,-15.178,-0.33528,12.802,14.656,21.206,8.1407,-6.9476,7.3444,16.197,9.46,10.132,0.43622,-14.498,-9.1655,-7.1424,-14.633,-14.256,-20.854,-20.776,2.5129,5.8444,-8.2503,1.9022,8.382,-2.5536,3.0708,11.154,7.4584,10.77,10.889,5.2529,3.9833,-6.8294,-7.5581,16.914,17.788,-4.756,-5.4971,-4.9496,-14.776,-6.0003,3.0591,-0.84778,5.1206,4.7019,-9.9553,-5.6694,4.8497,-7.1647,-14.629,-1.659,1.5308,-10.477,-7.6279,9.1228,4.8156,-12.673,-0.43775,23.475,15.162,2.6151,15.86,18.225,-3.3726,-11.714,-0.73919,4.438,-0.72269,-3.5197,-1.7837,-5.3495,-11.131,-7.825,-5.1116,-8.5175,-3.8429,-0.42553,-10.597,-9.6349,7.4386,10.023,1.2857,8.3005,20.896,11.579,-8.9564,-9.8675,0.68626,0.54146,4.161,13.602,6.5557,-0.85128,3.3297,-5.4751,-14.599,-5.5524,-5.1772,-10.467,-0.6018,2.2325,-4.6745,-0.44142,0.62557,-5.7935,1.0987,12.282,7.7903,-4.7953,-4.7274,11.177,15.804,-2.8464,-10.219,7.9407,12.292,-9.9405,-14.723,8.0798,11.745,-2.9306,2.9189,2.3112,-24.766,-27.724,-7.7643,-3.4383,6.3422,16.453,0.11045,1.4972,24.801,10.668,-14.45,0.20187,18.162,7.4718,-8.5122,-11.628,-7.8781,-4.7687,2.7147,8.9258,-2.1962,-11.343,0.15755,6.2077,-2.9031,-7.3804,0.96786,16.535,10.706,-18.264,-15.18,9.5676,-0.27258,-6.9386,11.758,0.38127,-16.453,3.2649,6.4976,-12.953,-5.0965,11.704,13.302,12.381,7.4887,5.7534,9.1521,-1.8645,-9.7948,-2.4548,-12.333,-26.691,-9.5316,11.577,7.3568,-5.2901,-6.5896,6.7811,13.319,-1.5358,-4.8629,14.891,16.91,-5.2419,-16.837,-6.9264,4.4243,-2.1623,-9.4389,4.1215,7.1065,-13.013,-12.526,5.1177,4.6906,1.728,6.9593,6.0415,7.3434,11.305,5.446,1.7061,7.5189,7.1988,-4.1836,-9.7415,-4.5272,-11.667,-27.047,-17.812,-1.7527,-3.5334,1.216,7.1511,1.5037,12.355,19.743,1.4517,3.8835,16.398,-2.7669,-12.147,1.1011,-1.0559,-2.5202,4.0459,-4.5186,-11.888,-5.8909,4.9025,17.523,13.655,-0.39475,3.2866,1.6563,-20.324,-26.702,-11.878,0.19905,2.5839,-1.0109,3.6225,15.17,10.662,-0.31099,3.4009,9.2043,7.8576,4.9063,0.079367,-3.5713,-7.0844,-13.915,-13.181,-4.7804,-2.1342,-1.4464,0.63412,-2.3675,-0.11571,10.977,10.853,1.8775,3.548,11.012,14.746,8.7238,-9.9642,-13.108,1.7404,-7.32,-15.576,6.141,-4.6319,-34.035,-4.517,22.665,-3.0851,-6.5071,13.558,11.999,12.31,11.036,1.2042,2.7892,-8.954,-19.613,4.341,6.2993,-15.349,-2.074,7.5668,-3.5478,2.3062,-3.399,-12.846,12.133,20.681,0.61972,-0.65367,3.6866,6.3956,13.183,-2.3438,-19.769,-15.578,-14.747,-10.041,1.816,0.29555,3.8559,6.8923,-8.1629,-3.3361,14.413,7.1658,3.501,10.056,6.5206,14.939,20.179,-5.2919,-21.84,-16.257,-16.808,-17.126,-7.6272,6.4115,12.213,-5.0938,-10.924,16.691,22.192,1.8211,7.6632,16.846,5.8341,1.24,-9.1269,-24.364,-10.901,-1.5337,-18.928,-13.581,10.71,9.8022,-0.8765,-0.39192,4.2129,11.656,11.336,-1.8128,-8.0792,-0.81563,9.622,10.5,-4.039,-10.106,1.3142,-2.8599,-16.57,-4.6322,12.611,8.4191,1.2213,4.8862,12.585,10.312,-8.3601,-18.452,-7.373,-2.4488,-3.4513,8.3481,7.0026,-16.383,-15.065,13.753,18.351,-1.5617,-10.296,-13.657,-17.396,-3.6142,12.085,10.707,10.092,11.116,4.5876,5.4529,8.3109,-1.0858,-6.0537,-0.39591,4.1807,3.8804,-6.705,-16.887,-6.2721,11.884,14.119,-1.0256,-15.253,-5.0286,11.472,2.8018,-7.6656,-6.6915,-16.503,-19.843,-6.2758,-3.8837,-5.3316,1.2361,2.1016,10.442,27.056,21.999,5.4871,4.2251,9.3149,5.5731,-0.0078703,10.859,25.555,8.4447,-23.118,-26.235,-11.828,-7.7255,-14.616,-17.144,-3.8357,2.4038,-11.666,-8.6017,12.474,11.466,-2.5237,-7.8918,-7.0084,3.3653,6.7404,-7.6544,-7.088,9.25,11.642,12.557,20.111,14.697,8.5392,17.397,20.047,9.5532,3.469,-2.8503,-17.309,-23.34,-19.627,-20.849,-21.188,-20.506,-25.011,-16.678,1.5312,6.2878,9.649,16.099,10.435,10.3,20.441,15.345,1.4882,-1.8049,4.449,9.0045,2.2947,2.5879,12.77,-3.265,-20.708,2.067,14.747,-4.9119,-7.2198,3.502,1.1882,-5.532,-14.135,-14.077,-2.4002,-3.8505,-11.408,-6.4781,-0.60883,-0.089796,-4.0412,-2.8973,13.007,14.866,-2.6772,-2.0848,7.5859,6.6594,8.2368,4.8539,1.3484,15.393,17.604,-2.042,-12.319,-12.626,-9.5021,0.75235,5.3927,1.4302,-0.68428,0.74783,-2.8667,-15.905,-14.923,2.2186,-1.0134,-6.7421,8.813,1.9931,-17.58,-3.9244,10.782,7.5846,6.4814,-0.37094,2.5093,18.427,4.6116,-16.03,-2.5076,10.158,5.5125,5.9486,6.8886,1.289,-4.8125,-7.4469,-7.6156,-6.4231,4.8496,9.7494,-12.543,-19.372,5.4286,10.367,1.4922,6.6562,0.78805,-10.68,-7.5562,-7.8117,-11.328,-7.2961,0.64153,10.276,9.1222,1.8861,4.7372,4.3699,7.0539,19.428,9.4174,-3.9979,9.7951,12.271,-2.6467,-10.98,-22.917,-20.744,1.143,2.8193,-7.6697,-7.498,-2.9863,6.1351,0.40951,-13.174,6.1125,18.05,-2.868,2.1475,11.658,-11.354,-8.346,15.008,7.2122,-0.58543,4.6468,1.1449,5.9487,11.829,-3.7891,-16.071,-6.9417,4.0233,-2.9093,-18.394,-13.814,3.1469,4.1148,2.0109,9.3392,7.1868,-4.4227,-6.6587,2.785,7.2153,-0.87109,1.8051,19.643,19.823,3.6779,-7.3555,-19.466,-22.106,-5.8905,-1.6389,-10.124,-3.9151,5.4771,8.5,16.186,14.961,-2.1968,-13.651,-11.729,-1.9944,9.6506,8.6621,-2.7873,-5.3087,-1.6803,-0.84998,4.4489,8.4402,2.5683,0.8153,3.2078,-2.9318,-3.9892,2.3677,-4.4407,-9.4707,2.6571,2.3194,-9.7781,-1.0736,8.3052,-6.0997,-13.207,2.8706,18.171,15.109,-7.0945,-21.757,-4.8516,10.705,1.1871,-2.3224,4.5049,5.2005,11.318,12.64,-4.5119,-10.348,2.5629,9.2938,4.3631,-11.097,-24.224,-14.078,4.333,8.264,0.18029,-5.385,7.6247,16.441,-5.3797,-14.705,2.9662,1.0713,-3.4236,11.925,8.475,-3.8994,2.8398,5.207,0.84929,-3.6796,-16.055,-12.001,8.7536,11.505,2.2512,-3.7943,-8.1048,-3.2414,6.0829,10.624,8.6008,-2.4613,-5.5247,3.6654,3.963,0.97811,-5.933,-26.521,-25.285,3.8613,18.177,18.375,17.832,6.7633,-9.1062,-18.147,-9.5625,7.5252,1.93,-7.6037,2.0562,0.87867,-2.697,11.79,17.475,17.479,14.086,-10.016,-20.436,-14.957,-22.858,-9.1159,14.795,1.9879,-7.1966,-0.37098,-4.9948,1.4262,4.3678,-3.0052,22.067,30.915,-7.5777,-13.31,6.6574,0.79579,0.85461,1.4696,-13.744,-5.6011,6.3063,-10.572,-18.984,-9.8529,-4.4455,6.2988,19.908,18.402,6.4283,-0.6039,-2.7745,-8.5552,-6.3455,10.34,13.663,-3.1717,-12.915,-9.219,-3.3334,-2.3995,-5.4668,-2.5162,3.1428,4.5848,8.1465,10.925,11.77,10.38,-5.9541,-16.775,-3.0037,0.458,-8.3873,-2.4821,-3.7688,-11.64,0.61092,6.5718,-3.981,-1.0003,9.6619,13.77,12.009,-3.1587,-15.592,-3.8095,9.9554,5.6779,0.11269,0.96328,-4.1917,-6.9243,4.258,6.364,-3.2126,3.853,7.618,-11.981,-14.869,2.6065,3.0211,-4.2829,-1.3511,0.33318,-6.6724,-12.285,1.6174,17.884,4.3167,-10.784,-2.718,3.7147,7.8678,8.3105,-2.2332,6.9124,18.089,-2.1615,-7.7407,4.7322,0.12735,9.4907,17.539,-10.696,-21.513,-11.978,-20.229,-12.489,2.4887,-8.3086,-8.9756,-0.10092,1.4884,17.948,20.067,-3.9878,-3.5099,9.811,8.399,8.4148,1.2782,-7.2179,1.3638,2.4722,0.84071,11.511,4.9301,-6.5126,0.043075,-5.7832,-14.805,-1.1071,6.111,-0.46303,-4.3024,-14.863,-21.444,-6.3003,9.6176,7.8642,0.70558,4.2472,9.4548,1.9518,0.43851,9.645,3.7476,-1.0405,7.6568,-4.9356,-19.423,-1.2433,7.5504,-3.5441,2.8385,10.848,8.3871,9.832,-0.28494,-8.093,10.725,12.254,-16.448,-24.828,-13.691,-9.6369,-3.9898,1.7502,1.2294,7.4242,17.298,11.731,-9.1399,-18.749,-2.1608,11.928,5.0795,0.17203,-0.45585,-7.1303,-3.4703,7.7672,8.3693,4.5691,0.068735,-0.58652,9.0534,3.5297,-17.008,-9.8962,13.017,12.157,0.75984,-2.5469,0.88381,9.1756,4.2389,-13.301,-13.269,-4.3281,-9.7979,-12.739,-5.2825,-2.5289,-4.396,-7.8341,-5.651,9.6224,10.527,-9.3937,-1.1739,29.247,24.261,2.5903,8.6144,19.379,15.06,7.4613,-3.2921,-10.222,-10.696,-20.459,-23.53,-3.9758,5.0833,-9.5323,-18.777,-10.71,3.4456,6.2292,-4.3745,-2.9123,10.202,6.2004,-5.0766,-1.4675,3.3732,2.0483,8.5405,17.571,10.705,-1.9861,4.1998,15.873,7.1737,-6.9157,-11.85,-11.311,6.4202,21.152,-3.2242,-23.138,-2.269,4.7315,-16.491,-19.632,-10.288,-5.1292,5.6138,3.8542,-11.019,-3.6997,13.01,9.7397,4.5731,8.3122,9.3235,8.3794,3.5501,-0.8637,6.88,9.5342,-2.1436,-8.065,-7.8909,-3.0953,5.7032,-8.3422,-23.661,0.18303,12.793,-7.5958,0.4417,19.254,4.2123,-5.6615,0.55645,-1.8034,-3.6604,-9.7844,-13.799,4.4606,9.0768,-6.397,1.7872,12.149,2.2406,2.9674,4.7419,-8.4845,-9.6568,0.7744,0.039343,-5.8632,1.6336,16.076,8.6677,-8.332,-0.75678,5.6777,-1.2697,11.568,14.853,-13.435,-15.954,4.7605,-3.2749,-17.142,-5.7056,6.2864,0.64089,-5.0945,3.4331,6.1178,-3.7,0.79839,6.1996,-6.1961,-4.3704,6.1404,0.97628,5.9195,10.596,-8.7853,-10.101,10.527,7.1818,-8.6187,-6.1823,6.2401,6.6219,-5.7574,-3.7302,5.1788,-6.9752,-6.0735,18.24,13.742,-7.4265,-8.3017,-5.786,-1.1425,6.1768,0.77155,-0.82476,-4.0144,-18.353,-0.79723,24.888,-6.1116,-34.293,-2.2648,16.463,-6.1105,-1.1505,24.369,8.9276,-13.496,6.4561,17.127,-4.9223,-3.3077,10.036,-7.2299,-16.235,3.5545,12.864,1.5524,-9.1016,0.40001,17.142,4.3668,-14.226,-3.836,-2.3708,-15.198,-6.0166,2.2332,-2.9278,1.5641,-0.93227,-12.93,-9.3077,-1.9904,2.2354,14.982,20.492,6.3093,-9.7679,-2.7569,18.971,12.03,-10.328,4.4309,20.653,-2.3284,-11.174,5.0873,-2.9641,-17.058,-6.649,0.32587,-5.1997,-1.638,3.9175,-4.7256,-14.146,-7.9559,4.6368,9.3157,3.6229,-4.6432,-4.1074,-7.242,-23.732,-14.645,20.829,21.607,4.0602,13.96,9.9043,-2.6805,32.04,49.101,0.74305,-19.463,4.2712,-7.9562,-33.77,-26.652,-19.259,-17.093,-0.87428,4.2294,-7.9178,-10.451,-3.5046,4.5758,14.794,16.213,4.7675,-3.557,1.8662,9.669,5.2057,2.4202,12.195,8.1672,-6.5966,-2.0085,-1.5538,-11.286,9.3072,25.632,-0.16924,-11.649,-3.4769,-16.947,-14.68,7.5729,-1.573,-13.301,-1.0629,-2.9041,-9.429,2.6533,9.8752,7.3652,2.1346,-6.0434,-0.22592,10.603,4.0874,-0.038722,3.8978,-4.9027,-10.189,2.6523,9.6046,3.2849,1.7581,7.7091,5.6382,-7.8908,-7.6164,14.299,17.147,-9.6962,-18.202,-1.6519,0.38194,-10.063,-13.989,-13.66,-1.1224,11.284,-2.9605,-8.2752,13.509,6.2504,-14.75,9.5586,28.459,2.9492,-5.4362,10.68,7.0191,-5.9911,-11.801,-9.3537,6.0693,10.679,-2.8455,-2.7669,2.3389,-9.7124,-12.371,3.3329,4.923,-10.056,-12.707,0.061073,5.0455,-0.051875,2.9054,8.9946,6.964,6.98,3.1013,-13.543,-12.284,11.555,14.428,0.59758,4.0483,5.9342,-5.1245,-1.2323,5.8991,-7.0194,-14.584,-4.9093,1.1468,-0.81417,-8.4183,-14.677,-4.9183,8.4678,9.4542,4.5064,-2.341,2.8761,18.911,7.2725,-10.842,9.8324,16.324,-14.378,-12.565,9.2787,-1.0719,-10.612,-7.5175,-10.943,4.178,20.3,-0.32822,-11.68,7.1375,3.7689,-14.338,-5.0553,7.3654,-2.206,-9.4856,-2.216,5.7215,3.8015,-5.3907,0.79954,24.364,20.465,-10.734,-11.051,9.3604,0.38972,-15.645,-8.7141,1.7638,3.5386,-3.5305,-11.504,0.35096,17.106,8.7648,-8.8561,-8.5781,5.4598,7.2066,-12.279,-15.031,12.588,19.775,-3.3929,-11.311,1.1135,8.0092,1.5299,-6.9183,-0.63419,9.2543,2.7559,-6.5072,-6.5699,-3.0324,-0.03393,-8.1441,-16.152,-0.57884,15.625,11.659,5.8072,0.88597,-2.9436,3.1697,5.0556,1.2648,3.0494,-0.9558,-5.5189,3.8832,11.064,3.5963,-14.365,-27.376,-12.087,11.495,10.358,8.2747,17.307,4.3166,-24.527,-29.685,-9.7125,5.3614,5.4308,6.5499,5.2119,-9.1628,-10.075,10.146,20.17,22.53,29.867,23.682,2.4297,-15.252,-15.323,-0.36535,-5.5763,-31.233,-25.263,-0.3918,-4.9996,-12.573,0.87528,3.4285,-5.7164,-0.14645,8.8325,3.1403,2.0039,15.801,12.843,-5.9642,1.6351,19.727,14.842,12.778,14.414,-6.1114,-21.711,-17.032,-14.083,-11.297,-9.2173,-10.681,-1.6809,3.9249,-0.33028,9.0635,15.707,5.0841,5.7711,12.297,4.1253,-5.0641,-8.6947,-6.0849,-0.48996,-8.2301,-10.978,4.5311,3.8499,-5.7937,2.3212,-1.6117,-14.069,4.4226,25.768,17.233,2.0862,-5.8418,-10.41,-10.851,-9.0494,-2.5836,4.2245,6.6243,14.217,12.555,-9.7514,-12.709,10.201,12.577,-1.0525,-1.2631,-3.6512,-17.261,-20.351,-4.1989,12.634,7.9429,-4.7417,1.3113,7.9504,-2.9607,-8.6813,-4.8706,-5.8234,-5.1061,0.1291,7.7012,15.761,7.0139,-9.9841,-3.5659,12.409,13.403,12.65,13.705,8.9045,6.2223,0.063786,-15.173,-18.511,-9.4711,-12.06,-17.258,-7.6118,-5.8892,-19.607,-14.4,4.6883,4.4199,5.0743,21.338,20.373,7.1934,3.9295,-2.9342,-0.18441,20.978,16.699,-5.8801,-1.687,5.9339,-4.466,-6.9418,-4.2892,-9.9294,-11.133,-4.3246,1.1708,-0.86302,-3.258,3.8273,1.1544,-13.105,-4.1181,10.101,-2.5763,-5.6794,7.7192,-0.63647,-9.3994,3.4898,7.8492,0.99798,-1.7272,-6.8161,-7.1158,6.6258,18.212,11.278,-4.8908,0.85436,25.273,19.773,-10.911,-15.57,-3.2569,-4.0217,-6.7842,-7.0086,-6.9879,-1.0752,-2.3066,-9.2124,-5.0075,-6.2651,-13.589,0.1283,12.568,0.22588,-5.6859,0.72572,1.5544,10.811,19.42,3.9472,-4.0795,12.07,14.813,3.5225,5.9525,9.2623,-0.41,-9.9766,-13.052,-9.5336,-5.7846,-13.468,-16.404,-1.1683,1.8668,-12.526,-5.16,15.397,10.609,-2.3552,1.636,3.981,-0.79627,3.8939,8.9693,0.59222,-5.3291,5.9604,16.578,5.1909,-13.893,-15.482,-4.402,3.8067,6.6242,3.4552,-2.36,-1.2165,8.2502,14.927,3.5524,-18.03,-18.837,-3.1784,-1.3582,-4.9198,-1.7417,-5.1078,-2.6635,15.692,20.474,5.537,-4.7116,-5.5346,-2.2121,-1.5534,-10.666,-13.016,4.082,15.7,5.1876,-2.892,5.037,4.5898,-5.749,-0.65478,3.4185,-6.5472,4.8864,20.747,-2.689,-18.082,3.9383,6.0232,-11.555,-9.2573,-9.561,-13.861,6.3229,17.639,-2.9886,-9.7212,9.6341,16.511,6.7944,-3.1251,-14.406,-14.032,4.3064,11.553,5.0668,2.2457,-7.1102,-7.0257,16.403,15.067,-9.3718,-8.2056,-5.6117,-13.258,-0.089337,8.577,5.2457,13.379,3.1606,-15.5,-3.5293,2.2728,-6.2911,1.8082,5.3242,3.5967,3.4503,-13.189,-6.2589,19.158,-8.4803,-34.409,0.15872,17.237,2.3857,4.8488,3.4888,-1.2977,10.461,13.004,6.5471,1.2476,-9.474,-5.2102,6.8138,1.122,2.0513,8.1377,-8.9404,-19.707,-4.3375,6.8172,1.2599,-11.751,-15.154,-1.2564,1.4848,-8.3634,4.1572,17.243,-0.56075,-13.7,-4.4003,6.4934,22.222,30.743,12,-2.3921,-0.052509,-5.5,-5.7161,-2.9337,-19.795,-19.224,7.4198,10.318,0.20592,-1.9688,-12.954,-13.115,-1.0321,0.2437,13.345,21.282,-3.8035,-10.778,-1.7154,-11.438,3.3691,22.621,-6.1092,-22.872,-5.2752,3.2715,14.363,21.532,14.573,17.975,0.89529,-25.085,1.2366,13.233,-24.928,-20.671,2.8467,-17.691,-15.228,17.323,12.647,-0.42006,9.1556,4.2926,-10.44,-0.62277,14.893,5.0144,-10.439,-10.769,-12.786,-8.2544,16.437,22.835,5.7276,3.7342,3.886,-5.6897,-2.4504,-0.30676,-6.2267,-0.96834,-3.0382,-13.951,-3.3986,5.2053,-9.3516,-7.0212,18.249,22.436,1.8867,-9.6733,-4.0187,0.16098,-3.282,-2.5269,-0.29724,-8.058,-9.9707,3.9937,5.9893,-2.6861,8.7846,15.989,-1.8588,-4.3418,4.5444,-5.3723,-3.5202,8.2503,-3.094,-6.0139,6.8667,2.5783,-3.4797,-9.1435,-18.433,1.8752,19.826,0.13064,-3.8544,8.2145,-1.8624,-7.148,-6.3604,-6.8853,13.596,15.785,-8.2392,1.4569,11.545,-13.655,-15.801,2.1221,2.1568,4.6277,4.4326,-6.9743,-1.8229,8.3298,4.5053,1.927,1.6723,1.2729,4.999,4.2608,-4.4099,-17.035,-20.7,-2.1615,13.816,4.2981,-8.5585,-6.8013,7.4391,23.557,18.823,-3.0035,-13.4,-7.5214,2.8822,4.962,-5.5468,-12.268,-8.5327,-2.738,1.8656,-0.51785,-1.6468,8.1227,8.2159,2.9164,14.13,15.402,-1.7943,-7.3729,-9.0602,-12.148,-3.1327,-4.1204,-14.798,-4.7382,8.2627,7.4913,10.843,7.8353,-9.3551,-10.114,6.5729,8.3228,0.13489,3.6177,-0.53272,-16.05,-0.74182,26.65,8.942,-16.929,-6.3924,1.6028,-3.6429,-2.6589,-7.1589,-3.1127,12.221,0.14258,-15.249,1.9518,11.891,0.9796,-1.4499,0.20267,0.47822,4.8424,4.9824,0.45218,-5.2947,-7.4165,2.2063,9.8468,6.685,1.0516,-11.934,-18.085,-0.81193,7.2932,-0.28409,6.4,5.9347,-14.941,-15.407,5.2407,13.066,9.8626,8.5083,7.4307,4.3743,-0.38621,-4.883,-5.762,0.10924,3.5783,-9.3567,-23.048,-17.716,-3.6347,12.606,22.717,10.649,-1.0244,3.4573,-2.3556,-12.076,-6.1628,-0.42312,4.2331,6.0267,-10.011,-13.133,15.203,32.14,17.5,-7.7258,-19.263,-5.2506,7.5282,-2.5557,-10.987,-6.2389,-1.1143,-2.1329,-10.647,-10.375,0.94669,0.26465,1.8544,14.388,9.0473,3.9552,13.552,1.0941,-13.411,1.2001,6.8293,-0.85033,1.5051,-6.5194,-21.116,-15.845,2.4826,20.082,18.783,-1.9088,-2.348,15.322,11.81,-1.3847,-1.8792,0.29628,-2.6491,-12.459,-21.873,-20.518,-19.663,-20.673,-7.2934,10.284,14.088,12.228,18.878,29.979,27.189,13.862,12.882,12.477,-6.4845,-21.437,-23.123,-27.559,-22.149,-3.3036,-0.080298,-6.9241,0.70835,6.6847,2.4055,9.4841,16.772,5.8463,1.1128,7.0803,-1.6745,-13.886,-13.804,-10.402,1.0807,12.309,3.8981,1.3636,17.869,18.271,-0.041062,-10.194,-11.442,-10.164,-5.4439,1.6346,4.6328,-3.0577,-7.0011,0.89945,-0.61251,-6.0185,4.0658,11.528,9.5482,6.4486,-7.0197,-12.198,4.7174,6.0277,-9.1612,-6.723,-0.32609,-1.3975,6.6067,11.806,0.0024596,-14.167,-14.073,4.7436,18.105,0.61868,-14.704,3.3373,16.931,6.7299,4.4646,1.759,-19.157,-19.091,5.3963,7.1085,0.33401,9.0186,0.31956,-14.137,1.9137,12.992,0.15882,-1.3594,3.0807,-3.696,-3.8576,-1.9161,-12.999,-13.549,7.845,14.109,-4.7382,-6.0216,8.4048,1.1424,-2.3107,16.048,15.463,1.2119,-2.3754,-8.7424,-5.7944,2.0076,-9.6585,-3.9553,11.24,-8.9312,-8.5564,16.558,-3.4859,-13.492,12.677,-2.0319,-15.441,10.37,2.0012,-11.668,9.6036,-1.7544,-20.658,9.9578,25.648,3.6517,-5.0439,-2.6119,-0.26352,8.8985,8.6571,-4.9744,-11.413,-4.988,1.0637,1.3153,0.73047,-3.5746,-4.3997,6.2191,2.3714,-10.488,4.5614,13.862,-7.1069,-9.1775,0.80689,-8.8989,-5.1081,9.4062,1.024,-8.0595,-0.68276,9.1953,10.553,-0.54752,-1.727,10.815,4.4231,-6.0692,1.2437,-0.11149,-6.3223,-2.9211,-6.66,-6.3946,5.6876,8.6158,8.1384,6.357,-5.4401,-8.1361,-2.2128,-4.8682,-7.1955,-5.9975,-2.2903,4.8834,1.8564,-2.0288,6.8233,9.792,5.4423,1.2334,-5.8765,-0.95213,2.1772,-18.535,-21.213,6.5794,18.14,10.938,5.2457,7.4029,17.717,7.9038,-13.926,-3.8674,5.6335,-14.854,-19.223,-4.3929,0.69807,3.6425,2.014,-3.0261,-0.45841,-4.3254,-8.0023,0.12309,2.0194,7.2147,17.075,0.32618,-17.373,-4.439,5.6616,0.85867,-1.6321,-3.5625,3.8047,19.53,15.667,-2.1587,-2.2052,8.3796,-0.96911,-16.428,-2.94,14.155,1.9384,-6.7272,1.3105,-2.6694,-11.513,-12.049,-7.9755,2.0262,-2.2431,-21.141,-18.014,-3.3706,-0.32632,6.4826,12.676,11.728,12.556,8.6373,15.893,32.537,10.301,-19.587,1.5166,22.117,6.8329,-0.84273,-4.0173,-22.524,-25.126,-5.6524,-1.1421,-13.397,-11.498,-5.5821,-17.257,-15.357,4.214,0.86975,-4.7021,8.3964,6.4062,3.3204,16.88,17.075,15.538,20.345,9.931,7.5597,9.475,-3.3335,8.7369,16.222,-27.655,-42.749,-10.188,-8.8432,-16.211,2.6908,8.2197,-0.56872,-6.0055,-9.3446,-1.3897,7.2401,7.8686,11.306,10.881,7.5157,1.56,-14.543,-13.809,2.1352,1.9843,8.6993,18.55,-1.0215,-9.897,2.5907,-1.0092,2.2575,11.128,-4.9755,-13.128,-7.9015,-8.4981,8.1233,15.912,-4.3233,2.3428,15.604,-7.513,-9.8675,12.463,-0.011298,-19.244,-12.971,-12.037,-12.711,5.4,16.547,4.2467,-4.2081,5.8939,10.871,0.63161,-3.4964,5.4017,13.565,9.2773,-7.574,-13.18,3.9013,11.062,-4.5663,-14.586,-9.4277,2.2739,13.996,9.7211,-8.5639,-11.601,2.3912,3.3383,-11.179,-15.229,-6.0087,5.1159,19.682,22.327,-2.1317,-18.055,-0.17079,13.526,0.18094,-10.012,-1.4508,1.868,-7.0414,-0.53078,15.952,7.8065,-7.0666,-5.7969,-12.128,-13.746,5.3965,3.6198,-6.9196,12.736,14.266,-11.434,-2.6031,16.807,6.6252,3.388,7.6099,-6.5293,-11.029,0.31512,-3.4067,-12.031,-6.3134,-3.4268,-7.8056,-0.57754,8.9084,2.7818,0.15345,10.402,11.335,3.1934,-4.6767,-12.356,-1.8274,17.078,10.18,-3.4415,-10.473,-28.011,-19.886,17.775,16.093,-8.1463,1.2545,12.792,9.2181,9.2953,-1.3632,-7.4793,6.1685,-1.8411,-19.005,-3.419,8.2698,0.81518,10.699,17.179,-5.8847,-25.915,-21.171,-1.4449,12.601,5.5753,-1.0641,6.4542,3.0907,-5.9382,2.43,12.504,11.623,0.77485,-20.871,-24.64,-2.1849,1.1438,-14.064,-5.1667,12.307,7.6921,2.122,16.645,31.996,25.197,8.2297,2.5121,-0.16772,-7.0682,-10.438,-17.786,-25.4,-15.953,-3.1012,-0.053578,-0.90728,-6.5387,-4.957,1.5484,-13.426,-19.615,8.697,14.338,-10.403,-6.8303,15.548,21.472,18.807,14.568,11.928,14.091,15.932,16.496,4.8979,-15.253,-15.973,-10.051,-14.041,-6.8378,-3.9073,-17.434,-11.523,0.77178,-6.5642,-2.4596,10.45,3.1244,-10.301,-18.931,-18.659,-1.7878,6.8545,-1.3952,1.0116,11.913,11.337,2.6739,2.651,19.636,33.811,26.982,15.913,13.903,13.91,7.9749,-6.8773,-16.922,-16.55,-23.682,-32.442,-26.57,-18.412,-17.635,-19.112,-13.763,-1.4695,-1.4235,-1.1233,21.587,27.11,7.5588,9.2563,14.076,5.8597,16.877,22.482,4.0872,-0.5806,2.6743,0.30558,5.0192,0.48319,-9.205,-3.8775,-3.1117,-8.1055,-7.4453,-10.788,-5.4463,4.2258,-8.0904,-15.059,3.6493,13.417,-0.36815,-19.231,-22.44,-6.4484,5.4831,2.6614,-2.531,1.9731,15.827,12.097,-6.773,0.28671,14.438,9.7837,14.202,17.208,12.567,23.118,9.1815,-21.993,-9.106,0.66558,-16.124,-5.5317,-2.6752,-21.598,-12.114,-7.9656,-19.73,-9.6819,-7.4313,-6.7517,12.246,3.2168,-7.725,15.285,19.868,11.416,12.254,-3.4663,-4.5248,13.856,6.9233,4.5059,12.523,-4.3048,-9.4327,2.5722,-4.4397,-3.5643,10.45,7.6641,-2.1843,-10.036,-9.5131,-0.86846,-10.36,-17.171,-1.8329,-10.968,-28.957,-3.5622,19.432,4.9871,-0.92777,13.481,20.714,16.166,3.8573,-8.5195,-3.5331,13.633,11.55,-8.7845,-11.137,-0.31342,-4.8247,-7.8736,3.8884,7.2496,2.6035,7.1601,10.08,-3.0834,-18.922,-16.098,-0.46513,7.1203,3.6143,-4.1246,-7.4896,-4.0076,-7.575,-9.6532,6.7626,14.14,2.5941,0.56456,4.1913,6.1334,6.9566,-9.0504,-12.389,16.572,20.027,-3.5126,-3.7377,-1.1249,-9.1918,-4.8548,-2.1152,-3.6956,5.1131,11.208,9.3493,-0.74319,-16.422,-14.315,-1.6738,2.3304,6.9424,1.9978,-11.389,-5.9427,-0.72036,-5.3576,7.4412,14.837,1.0297,-0.14164,4.7532,-0.29813,2.3691,2.6793,-8.8457,-7.849,4.1816,7.4608,4.6945,1.716,1.3207,6.0797,2.8689,-11.827,-10.756,5.547,-0.28174,-13.322,2.998,13.985,-3.2117,-9.3707,-2.9308,-3.563,-0.69099,-0.64467,-3.9213,4.0408,3.2979,-5.4153,5.31,15.475,6.9444,-2.6211,-5.2392,3.4061,12.753,3.2914,-6.0522,-2.6928,-2.9495,-7.873,-16.706,-16.8,5.4865,13.186,2.1969,12.028,10.901,-12.674,-0.89167,17.046,-5.651,-13.355,6.024,-1.7824,-18.549,-5.4669,8.1429,-1.7836,-5.7851,6.44,8.4507,7.5955,14.249,0.83285,-13.632,2.4557,5.8047,-11.218,-3.0797,9.3128,0.69972,-5.1369,-3.7115,3.0074,9.2022,-1.443,-8.7451,-4.581,-6.3788,2.5902,10.527,-7.0965,-8.6479,5.1222,-4.9546,-2.8009,13.167,-3.1912,-12.527,8.1499,8.9532,0.33249,12.53,17.591,3.0742,-13.051,-17.836,-6.75,1.7135,-3.383,-0.72096,10.307,6.5896,-7.5146,-11.582,-3.7438,4.724,6.2492,0.43434,-7.1526,-7.0856,2.2147,9.6932,7.0307,-0.5483,-1.0359,6.6897,9.8382,4.2339,-4.8696,-12.48,-5.961,6.2114,-5.8449,-21.542,-3.5325,17.516,10.558,-1.6852,-4.9868,-0.34834,7.1532,-1.9142,-10.307,9.5997,16.207,-8.038,-6.311,9.5834,-11.742,-21.249,11.05,17.177,-4.2599,-1.0717,5.8217,1.4527,2.3865,-6.806,-10.71,7.0609,1.9215,-13.196,1.777,3.9418,-7.853,8.4964,14.241,-3.9316,-2.6366,6.1789,3.2043,-7.784,-21.358,-6.3304,16.931,0.89169,-9.1316,5.9681,2.655,7.5482,20.977,-3.4327,-16.675,6.0829,4.1947,-11.221,-4.4342,3.5756,2.5301,-6.1135,-11.245,1.5469,6.4788,1.5962,10.029,6.1209,-8.5264,-0.70624,5.3814,-2.7502,-3.4553,-5.3342,-7.505,-1.7471,-1.0747,-0.5881,0.7987,-1.2108,6.5889,4.1077,-12.462,2.1865,22.716,7.2229,-1.5782,4.3388,-1.7114,6.6496,16.111,-8.6897,-22.074,-2.8408,2.2612,-8.8898,-10.77,-5.904,1.463,1.226,-9.2451,-3.4514,9.9329,-0.94978,-4.2422,17.111,8.2105,-17.739,-0.42019,18.349,1.0986,-1.282,10.882,2.4274,-3.9208,-0.19032,0.1254,5.4889,5.0581,-5.2649,-5.0725,-2.0794,-2.0809,2.448,-0.14841,-3.6311,-0.4102,-7.9691,-14.94,-8.6701,-4.2424,2.947,8.0005,-1.673,-1.2705,6.111,-3.4587,-5.3036,7.0253,7.1696,1.2816,0.48911,6.1546,15.577,10.758,3.4754,11.431,8.1175,-4.1327,0.84351,4.5655,-2.4,-11.202,-26.946,-29.342,-11.325,-6.4837,-9.7823,-2.3635,-1.4956,-2.7796,9.3665,15.964,7.9401,4.777,12.945,16.909,11.903,11.11,9.8861,-2.5674,-12.049,-15.165,-16.335,-2.5403,8.0525,-4.5041,-4.838,9.8841,0.49289,-10.173,7.9562,18.604,2.2188,-11.69,-10.325,-8.0889,-10.574,-9.3984,-4.6234,-3.3739,0.24625,9.7499,12.011,4.376,1.2948,6.261,6.6074,-2.4198,-8.1552,-1.0533,10.564,11.401,0.80369,-3.0165,3.1108,1.6183,-3.3875,-2.8439,-6.9389,-6.9577,1.9487,0.55716,0.22073,5.9236,-6.0968,-10.77,5.8381,0.32678,-13.441,-2.4327,2.7207,-3.6906,-5.2066,-10.022,-0.074125,22.373,16.36,-1.3494,1.1668,5.9796,2.0046,-0.42041,8.608,16.78,-4.7262,-25.902,-7.1744,8.0784,-0.23503,3.7538,8.2232,-6.3773,-24.594,-28.009,2.2476,29.853,4.8268,-15.571,8.2953,13.39,-1.9524,6.6542,10.172,-8.1723,-11.587,1.4409,-0.40994,-14.496,-13.407,-2.2883,4.8317,19.068,21.417,-0.96277,-1.8887,11.804,-1.9813,-9.8001,2.926,8.4141,9.1118,-10.496,-32.564,-6.0467,9.658,-16.186,-5.5924,12.449,-5.2381,4.3139,15.864,-8.1423,-1.2896,21.636,13.615,5.2086,-8.9828,-20.755,3.0309,8.4986,-13.266,-6.1843,-2.1594,-13.714,0.52718,7.6196,-6.6443,1.9561,18.861,12.41,-2.1741,0.098567,16.718,11.286,-11.767,-7.1962,4.7707,-2.0713,-0.55286,-1.1952,-18.03,-22.045,-14.012,-3.7025,7.1657,-1.3587,-10.205,4.9521,16.002,16.151,14.467,6.909,11.242,12.484,-10.032,-9.8458,8.3812,-3.2441,-9.1182,2.6176,-9.9075,-21.707,-12.564,-2.9924,13.483,14.839,-11.519,-9.2308,11.933,2.684,3.2598,23.106,9.9449,-9.4129,-0.57649,-1.8434,-16.635,-15.884,-9.9821,-4.1325,5.7874,3.1094,-0.77979,15.148,21.494,3.3808,-6.1896,-1.6808,1.9736,8.5796,8.4756,-6.2293,-13.552,-6.1255,-1.4938,-7.1237,-11.564,-3.7205,-1.1209,-12.48,-3.6446,18.02,8.0249,-6.3541,9.5687,22.263,14.297,1.074,-5.5925,3.1277,4.612,-12.071,-12.417,-3.2368,-4.9689,1.7307,-2.7453,-24.962,-11.476,15.491,5.3338,-4.0592,2.9273,0.20315,4.6757,18.173,16.18,2.9534,-9.7135,-10.313,0.36172,1.9368,2.5886,8.1739,-2.5526,-10.534,2.1928,4.0684,-4.3293,0.68699,3.3469,-6.2222,-11.534,-6.9514,-0.72842,2.4845,4.9045,-1.0553,-12.713,-3.1564,12.992,6.8741,7.415,12.85,-5.8529,-9.9562,1.6348,-11.462,-7.2831,16.407,3.856,-0.49281,21.329,5.3591,-12.468,8.9418,11.266,-6.973,-8.3628,-7.6533,-6.2005,-3.5563,-10.472,-8.3109,-6.1975,-22.025,-22.213,-3.1004,9.9272,26.599,33.397,11.327,-3.6905,1.5787,4.0157,8.9664,16.581,9.429,-4.5185,-11.034,-9.7214,-5.6923,-10.134,-18.113,-11.161,0.72351,0.93114,2.8666,8.9815,1.0274,-8.079,2.0653,10.259,2.1682,-0.33016,4.3085,-3.3107,-12.3,-1.7911,12.294,2.9057,-13.739,-5.9433,9.1677,8.3721,10.701,13.023,-3.0991,-8.8522,0.83163,-5.906,-7.7923,6.602,0.22822,-8.0879,4.5185,-1.9462,-15.415,2.7308,14.665,5.1471,9.334,13.095,-0.086905,-9.4813,-16.724,-21.159,-9.9488,-2.1757,-5.8476,-4.987,-3.5034,3.882,23.97,27.646,10.486,0.57121,-2.5643,-2.7411,2.8656,1.0146,-2.0661,0.96623,-5.0424,-4.2783,11.217,7.4857,-3.3411,-0.052798,-15.422,-33.436,-15.101,0.065165,-4.7957,2.6305,6.7628,1.7252,11.008,11.762,-0.51572,8.0775,18.974,9.6996,5.1828,6.5051,-3.7836,-13.506,-9.7525,-1.8576,-3.536,-8.2414,-1.0021,1.2662,-14.405,-17.353,0.15985,9.7854,10.557,11.922,10.453,8.579,0.76564,-10.275,-1.6484,11.841,1.2088,-12.257,-12.263,-12.135,-4.6621,7.4788,4.1157,1.063,6.0223,-4.3207,-11.516,8.4363,21.241,8.1857,-4.7898,-7.0027,-1.2941,6.3135,1.4802,-9.1423,-10.284,-6.8726,-4.0043,-2.8717,-0.17406,10.633,11.182,0.31722,11.619,21.776,-2.7629,-15.777,-6.0052,-13.285,-14.133,-0.1318,-7.7733,-9.129,11.926,10.843,0.73127,9.9893,10.452,-1.6961,-5.8503,-0.80895,11.904,12.919,-6.6232,-18.077,-20.34,-18.516,8.0126,26.4,2.5882,-11.439,6.7247,12.499,7.5737,12.308,2.7734,-20.888,-19.57,5.6124,15.226,0.16984,-15.786,-15.929,-1.2859,9.3978,4.1656,3.1261,8.7572,-2.4194,-12.26,-2.5116,0.34384,-1.2915,5.4553,-0.30602,-4.3167,10.513,11.989,5.526,11.22,1.1515,-14.055,-5.2277,-1.8077,-8.6348,-0.026186,5.6121,-0.37367,-0.95026,-1.9886,-4.1106,-0.51072,2.3894,3.6303,-3.3899,-13.449,1.3328,16.008,-6.4998,-19.607,3.5618,12.843,-0.0024135,-5.7604,-4.9634,8.0145,25.343,11.787,-9.5443,1.0066,6.7484,-10.561,-6.453,9.1969,-4.8227,-21.009,-8.7282,7.633,8.5366,0.20674,-3.3152,5.1964,6.588,-4.8279,-4.8103,-1.9946,-9.7315,-2.6386,6.9236,-9.5884,-13.659,11.828,22.254,12.881,4.594,-4.131,-4.7804,-1.5959,-8.8896,-3.5978,14.28,7.8811,-11.963,-17.893,-11.043,10.462,22.341,-0.43877,-9.416,15.791,14.145,-13.159,-10.496,6.4718,1.4353,-12.202,-13.95,-5.8802,-7.6772,-18.896,-6.4388,16.425,7.5588,-1.6441,19.98,28.927,11.449,-1.5174,-7.8031,-7.2038,1.1256,-0.54365,-3.5133,2.825,-1.1702,-9.1052,-3.653,1.918,1.8195,-1.4535,-5.1151,3.3842,5.8622,-9.2961,-6.718,-2.0486,-24.123,-17.354,14.693,1.6934,-10.709,21.79,30.25,11.092,12.263,9.336,-3.0153,-5.3951,-13.129,-7.2112,16.144,2.0709,-24.173,-3.9012,13.175,-10.318,-20.776,-4.1799,0.13366,-6.7009,-1.5199,5.9768,5.5962,12.459,17.373,0.38348,-9.4925,3.3959,7.5975,3.5166,0.031432,-14.545,-14.253,5.8288,3.364,-5.9921,2.97,0.65581,-6.6601,3.1248,9.3344,6.3656,-0.33104,-6.9522,6.1807,16.796,-1.9664,-11.183,-1.4012,-5.3655,-10.643,-3.8769,2.7013,5.7238,-0.41518,-3.0906,8.1939,2.4163,-12.208,-1.1126,6.352,-2.8071,-1.1383,-3.8002,-10.474,5.1841,13.313,-1.0593,2.3783,19.863,12.849,-13.303,-22.106,-0.56376,16.525,-0.47264,-17.93,-2.134,16.286,8.5126,-2.9185,-3.4867,-6.5791,-5.5921,4.4358,3.2501,-3.3388,-4.1801,-12.593,-11.118,3.7907,-3.9282,-7.0218,11.879,2.8771,2.0456,35.234,12.218,-29.943,3.9897,22.862,-12.696,-8.127,9.3186,-3.6945,-0.044569,-1.776,-19.733,0.92912,19.184,-8.3132,-16.757,5.9002,5.7256,-6.8248,-0.41438,7.7044,2.4311,-0.16831,1.3578,-4.992,-3.7547,7.3928,2.369,-7.6631,-5.6366,-6.9138,-3.9022,7.46,5.5937,2.7589,6.0247,-1.5465,-2.255,6.2201,1.2157,-0.3422,4.8303,1.2916,8.696,17.924,1.6624,-13.54,-10.437,-4.6379,-1.2996,-7.627,-11.831,3.7147,7.6134,-10.408,-12.794,-4.29,-8.0671,-9.9256,0.26711,10.996,8.0601,-5.039,-4.5536,9.282,19.57,27.081,21.507,4.0718,6.401,14.536,0.16937,-9.0817,-7.1276,-15.825,-16.3,-10.349,-23.836,-27.019,-4.5375,2.4247,-4.0127,5.1479,10.276,-0.28052,-1.511,8.8294,12.549,4.9713,-4.54,0.99068,15.805,12.746,4.6883,15.778,13.264,-16.3,-22.413,-1.7382,-1.481,-10.26,3.9842,14.363,-1.1463,-11.325,-0.92688,5.5024,4.0276,5.5647,-6.7572,-30.122,-24.947,2.9541,12.082,2.5841,-6.2513,-5.3371,9.8364,16.622,3.5993,3.9678,17.519,13.043,3.4687,0.89912,-7.4126,-9.8303,-4.7566,-8.1739,-5.1564,5.0193,-0.47625,-5.1757,5.5437,9.2258,0.049156,-9.5575,-6.8334,12.386,15.266,-9.6712,-15.994,-0.96406,-3.4205,-11.03,-4.225,4.1687,6.3937,-4.0236,-14.682,0.59866,16.194,5.9997,0.39358,8.9915,13.352,11.944,0.82056,-8.0213,0.21011,0.78355,-1.9889,12.575,3.3305,-26.725,-14.907,7.9905,-7.1135,-15.059,1.8082,8.588,6.9432,-0.3386,-16.393,-13.26,9.1171,18.768,16.798,12.384,0.85622,-5.5225,-3.9873,-11.449,-16.317,-5.7435,-2.2403,-3.4432,13.298,20.095,-3.1197,-13.245,4.8888,14.965,9.0109,2.6567,-1.45,-1.9287,-2.1098,-6.7027,-5.1678,2.8683,-0.22901,-10.152,-7.7884,-2.2753,-7.8744,-8.9904,0.51199,5.2483,9.7177,13.707,1.4077,-5.3841,8.0434,7.0635,-6.4353,-3.4133,-2.6748,-10.872,-3.4384,7.2626,2.651,-2.6224,4.8917,18.15,17.633,4.6097,0.14871,-4.7703,-14.674,-7.1495,-3.182,-20.477,-18.224,1.2216,0.45288,-1.2266,9.6504,10.214,3.2912,-0.26553,0.86175,10.311,11.866,-3.9041,-11.151,-0.087067,5.5238,-4.8877,-10.98,3.2135,16.03,3.3436,-14.996,-9.9122,10.393,17.654,5.507,-2.8109,1.7203,-1.2312,-13.038,-13.563,-3.6387,2.0862,-1.2862,-8.568,-7.7373,5.2384,13.952,4.3588,-4.9881,6.7525,15.027,0.85399,-6.635,-3.0839,-8.8954,-7.6192,2.6769,3.2548,8.9365,13.771,-1.4985,-6.8662,2.5123,-0.49705,-1.8182,-1.394,-13.927,-12.576,1.8152,1.9658,1.5823,5.7522,2.9665,1.9969,0.72604,-0.0059572,7.8392,4.8567,-3.981,7.1846,15.801,4.8382,-7.3423,-18.927,-22.063,-7.4737,-1.0256,-7.0176,-2.182,3.6896,-0.62459,3.3903,18.166,21.809,11.87,7.3255,3.2767,-14.918,-22.054,-5.4127,1.615,-0.64741,5.2437,-3.195,-13.309,8.6505,22.184,-0.40026,-12.051,-1.3027,2.0473,0.057466,-1.6867,-7.2801,-7.8698,-1.7974,5.3891,8.5388,-1.5608,-10.882,-1.3068,7.5138,4.7075,4.0141,-0.70815,-8.0544,-1.9581,5.4678,7.6946,14.192,9.7863,-6.3532,-9.0528,-1.5861,0.64928,-3.7203,-9.4566,-3.6655,4.246,-3.5921,-7.5905,-2.4857,-5.2377,-0.46952,9.2038,2.8756,1.9937,9.8956,4.3185,-2.6671,-4.9883,-0.47141,17.57,11.349,-18.321,-16.285,-2.3243,-5.0386,1.7086,3.2229,-3.6735,8.4297,5.7238,-10.863,4.2164,13.724,1.0494,7.9805,8.1934,-13.389,-16.87,-11.146,-7.428,5.1458,6.7984,2.2359,9.4636,10.803,7.0947,4.727,-5.0445,-5.9621,-0.31624,-6.3997,-4.898,-0.4158,-15.362,-20.434,-3.4989,3.2497,-3.054,-3.7023,6.4788,17.561,15.44,11.553,19.444,21.677,9.3124,-6.0371,-14.376,-8.3307,-0.21911,-8.3639,-18.778,-12.945,-2.6415,-7.0185,-14.032,0.99811,11.655,-8.208,-9.354,17.933,12.908,-5.9169,6.7149,12.674,-4.6965,-13.535,-10.286,2.7018,16.914,12.042,1.9364,2.194,5.1268,11.081,13.599,6.9414,-1.4724,-13.635,-16.268,-4.3765,-10.691,-20.065,-3.9857,-4.0304,-18.313,-3.6577,4.9457,-6.601,3.6736,16.566,11.555,12.508,11.283,5.2346,8.2396,0.31446,-11.684,-0.19631,11.45,5.8088,-3.5496,-14.519,-13.01,7.6113,14.884,4.4939,3.1341,-0.02297,-19.2,-26.505,-9.0909,2.6063,-2.1003,-0.18169,7.4719,6.422,6.2513,6.0419,-2.1852,0.48923,10.916,3.266,-5.561,1.5709,2.8716,-4.4513,-9.1314,-12.771,-2.3408,17.49,13.213,-1.3683,2.9632,0.8519,-11.814,-0.34619,15.145,3.7316,-6.903,-3.9718,-5.9161,-8.5319,-7.996,-5.5077,4.1786,4.7547,-2.5934,7.3152,12.487,-2.0022,-4.8041,-4.8731,-12.806,-1.9901,4.1505,-8.0593,5.3418,22.889,5.7688,-6.5148,0.90192,5.4564,8.2457,0.22296,-9.7643,1.7492,5.5013,-8.5904,-8.8334,-3.7283,-1.1806,3.4898,-8.6303,-12.951,14.904,21.536,-3.3603,-5.9272,6.4797,0.50966,-10.612,-9.8886,-5.4062,-7.7488,-7.2998,2.6783,4.5635,1.3564,7.9463,9.4212,6.458,8.9492,2.818,3.0386,17.469,7.695,-12.24,-4.1299,4.3129,-5.3037,-16.38,-22.403,-11.187,3.3669,-5.5898,-7.2258,11.767,12.529,-0.78285,-4.1544,-0.81919,8.3502,8.5745,-5.6083,-1.8993,12.934,6.7556,-0.1373,8.0741,6.2828,-10.954,-21.396,-9.3457,10.794,7.1987,-10.274,-4.4243,12.921,8.714,-4.3717,-2.1075,3.9479,-2.1596,-9.6722,-7.4488,-2.0478,0.64363,1.7192,3.1321,4.2372,0.88198,0.54734,12.24,15.869,-2.5125,-17.738,-15.023,-6.9443,1.5862,6.1002,-2.4448,-10.75,1.0721,17.282,7.8122,-12.515,-6.8982,13.688,17.38,8.9186,3.3599,-1.3744,-8.215,-10.672,-0.021293,10.73,-0.55245,-19.947,-23.042,-10.877,9.3522,18.604,2.9785,-9.0227,-1.8601,3.5839,6.8558,10.571,1.4046,-11.818,-13.855,-5.5977,7.2647,14.206,12.177,5.1993,-2.6763,1.7834,7.9296,-4.6554,-7.3242,8.9444,5.162,-7.9002,-4.1504,-2.153,-4.4207,-6.1476,-13.114,-7.2784,7.2686,5.6691,-1.5524,-8.2593,-15.88,-8.562,3.5296,7.3193,11.666,11.058,11.306,17.664,6.0053,-7.6453,3.4661,10.689,6.1091,4.9908,-3.8711,-12.866,-12.288,-11.525,-4.8367,-6.854,-23.152,-11.36,12.556,5.77,3.1155,12.864,-0.14072,-9.974,1.4332,6.8335,7.0936,4.8142,-4.7104,0.7343,16.525,10.476,-4.6708,-2.3279,-1.4988,-14.713,-9.1925,14.196,12.106,-2.4118,-1.2042,-10.077,-19.313,0.85442,14.145,7.2155,5.474,-6.5082,-20.874,-9.9594,-1.3621,-2.012,10.094,11.785,-4.6255,-9.2746,2.7383,17.483,17.004,0.32654,-4.3128,3.044,2.1703,-2.0175,-7.5484,-8.8187,2.5122,4.917,-2.0534,-2.4993,-9.688,-5.1695,20.2,9.2277,-21.374,-6.751,7.2345,-14.042,-12.613,9.8854,8.5961,-0.79413,1.8187,5.2236,2.225,-1.3147,5.265,13.785,8.4516,-1.4511,-7.7728,-11.144,-4.1801,2.4388,-0.082278,2.6579,-0.41013,-13.64,-0.065794,24.368,9.5019,-14.378,-7.7003,-0.757,-8.7155,-10.364,-3.7645,4.286,8.0969,1.251,-7.5804,-10.679,-4.5324,13.922,20.203,4.5101,2.7244,11.725,1.0737,-4.387,9.0915,9.5129,-4.5014,-14.966,-12.673,3.6121,1.2047,-20.861,-12.649,4.2353,-8.6116,-5.3979,15.582,5.2809,-8.7505,-0.12892,6.3118,8.9061,2.3768,-11.536,2.4713,19.861,2.9785,-3.9035,9.8305,4.6237,1.3119,12.488,5.5259,-8.0651,-9.4708,-10.479,-3.1752,5.4316,-9.7047,-21.369,-7.6401,-2.6326,-10.237,-1.5849,12.321,11.289,1.7137,-6.5704,-2.6077,9.0085,0.78124,-17.381,-6.6013,20.162,27.866,23.116,17.277,7.3614,3.8969,8.3539,0.90235,-18.721,-29.134,-26.757,-25.755,-22.906,-3.256,16.009,6.5727,-8.2357,4.8536,16.21,-0.36165,-4.6026,16.011,11.518,-14.226,-10.596,4.7899,0.64114,8.3523,29.634,25.266,10.222,5.1249,-10.916,-21.82,-4.6046,-1.0216,-23.904,-21.673,2.0529,0.081559,-9.0319,4.3731,8.2935,-4.0168,4.5247,14.939,-5.2225,-18.46,-5.5556,-1.9161,-2.093,16.108,24.793,10.791,2.0852,3.1419,0.053755,-2.2209,-0.30349,-2.888,-8.9958,-10.416,-4.5061,7.4023,12.556,-1.2949,-11.928,0.17621,5.7274,-7.9572,-10.567,-4.4899,-7.3225,-0.19471,14.008,5.9487,-7.0057,1.0505,3.4563,-10.592,-1.1774,23.844,10.204,-17.028,-5.9172,7.4662,1.7473,7.9951,5.7459,-7.9152,4.5505,8.0377,-10.396,-4.9311,-5.893,-15.754,16.647,24.25,-18.546,-15.2,4.1268,-12.586,1.9249,19.247,-8.9218,-11.862,-1.5169,-14.263,10.187,32.341,-3.0687,-8.7176,18.784,0.40465,-19.066,2.1592,12.328,-4.5325,-13.96,0.86974,9.1705,-12.019,-13.142,14.334,11.874,5.8078,22.301,1.9203,-26.718,-3.2295,9.5321,-12.571,-8.709,3.6986,-14.739,-26.734,-3.4737,20.452,10.523,-5.4184,6.1673,13.254,0.23421,0.72429,10.941,17.633,22.175,2.9938,-18.191,-8.4789,-10.564,-25.146,-10.253,0.50168,2.3262,19.554,1.071,-30.803,-2.126,21.104,-1.2171,0.3951,10.329,-2.0799,-0.021429,-1.7057,-14.227,4.1496,21.586,11.229,7.1864,0.62344,-13.804,-8.3671,-2.4708,-10.031,-6.1628,5.0714,7.9051,4.3233,-1.8441,-4.807,-1.5078,8.8784,10.783,-13.59,-21.91,5.4106,1.8784,-20.644,3.2097,20.748,0.14693,5.3625,21.24,3.1827,-10.277,4.3961,17.146,2.7827,-18.749,-3.8223,14.303,-12.973,-27.699,-5.1065,-3.8706,-10.387,7.5844,16.739,2.4106,-19.16,-19.84,14.66,33.717,16.655,7.234,1.3732,-9.6507,-4.7335,-1.48,1.4709,12.992,-6.6453,-33.012,-15.908,5.1034,10.247,15.077,5.5029,1.0394,5.6587,-9.4719,-5.8832,16.74,-0.91098,-18.632,-5.5089,-11.07,-10.409,17.062,12.491,-9.9563,-3.8903,5.9283,7.0469,10.5,9.3276,3.0398,-7.5283,-12.771,-1.9234,0.60541,-6.2547,5.655,11.445,-5.5173,-3.8378,14.696,11.465,-4.2146,-9.9113,-6.8938,-0.081777,-1.1483,-14.238,-18.14,-5.7993,3.7777,8.3723,13.318,6.3689,-3.561,4.9915,9.3166,-6.9448,-9.6783,4.302,2.5793,-4.1217,2.1641,4.8154,3.7765,10.685,11.833,1.8267,-4.4913,-5.1087,-4.9274,-4.1735,-7.8094,-12.041,-6.7659,-1.2155,1.3091,12.612,13.127,-9.782,-15.949,-1.2587,-5.0265,-9.7996,3.6699,2.813,-2.4296,13.979,19.603,8.1512,7.754,3.3295,-8.0961,-2.2736,2.1618,-5.1819,1.7682,9.6957,-1.7666,-10.054,-9.0163,-6.8286,3.0216,3.3493,-8.0552,3.982,14.831,-11.679,-19.542,8.5082,3.9913,-20.132,-7.9175,7.6257,-2.2071,-6.2571,2.9904,12.408,17.89,12.432,3.3209,3.3125,3.4686,-4.4074,-8.7155,3.3911,18.468,11.875,-1.5299,2.2406,1.9562,-11.033,-10.886,-6.8994,-16.845,-18.494,-12.437,-23.886,-25.188,8.3545,23.152,-0.83811,-2.275,17.111,12.13,15.653,33.26,13.226,-7.4069,9.8136,8.552,-10.245,1.9194,16.493,5.7163,-10.424,-21.092,-22.942,-20.92,-16.401,-0.26146,2.241,-17.841,-16.076,4.9314,7.9362,7.7777,20.304,20.258,-4.6702,-16.651,13.076,30.394,4.0245,-0.78954,15.659,-2.0838,-15.23,-3.2047,-7.2693,-7.6114,1.1608,-14.348,-19.592,3.2371,8.4424,-2.3035,6.2595,25.321,14.462,-20.687,-19.948,5.3666,2.6083,4.7719,12.17,-16.85,-20.443,13.011,3.3822,-12.276,8.4286,8.8699,-4.4539,-0.75656,4.478,11.535,1.0845,-19.014,2.8915,19.607,-5.6053,-0.72998,18.42,-4.999,-18.075,-0.047562,7.0496,5.3881,1.4611,-5.4448,-2.9839,-0.80807,-9.6625,-19.754,-13.338,12.74,17.302,-10.581,-12.208,13.62,13.033,-2.718,-1.786,3.6986,2.8931,3.3882,4.3841,-2.0666,-5.1363,2.5648,-0.79126,-6.0772,8.9771,11.401,2.7452,16.899,11.264,-19.518,-13.024,3.8797,-5.758,-8.9972,-11.203,-19.654,-12.715,-7.6599,-4.492,9.147,6.0113,-3.383,5.7948,15.414,22.653,19.412,-3.7051,-8.7108,3.2337,1.8578,5.8577,8.2118,-3.3154,5.0887,14.657,-4.5364,-17.088,-13.188,-6.18,4.5241,-1.0707,-14.866,-13.356,-14.058,-12.099,-1.5827,-7.562,-3.0889,21.743,12.852,-7.1795,9.4191,21.993,10.418,1.6088,-2.0982,4.768,16.596,7.6631,-5.2434,-2.6579,-2.0125,-1.4976,2.744,-6.7578,-14.215,1.2574,8.0495,-12.99,-23.685,-7.2055,0.54076,-9.661,-6.8272,4.3953,-1.592,-5.6315,9.1337,13.135,-0.87601,-3.4264,5.6334,8.7553,8.8566,9.2752,10.622,16.268,18.556,13.509,2.4586,-16.478,-24.762,-13.562,-9.1686,-10.414,-2.643,-3.3616,-8.0745,-5.6535,-8.1693,5.5378,24.224,-5.1457,-24.709,15.293,18.287,-23.82,-14.148,10.672,-0.89719,7.029,29.333,17.989,1.4497,2.226,-2.4106,-15.285,-16.574,-0.43936,6.5237,-5.8677,-0.25283,19.328,9.4178,-4.9308,9.2078,15.289,-1.0769,-12.534,-15.507,-12.954,-11.299,-24.71,-30.668,-13.17,0.1596,11.618,29.544,23.485,7.467,7.9725,-0.61091,-1.9119,18.347,5.8666,-10.656,16.021,11.414,-17.012,7.1873,14.168,-20.23,-9.5247,6.5704,-14.453,-13.206,-7.4685,-14.649,6.8733,15.384,-8.7581,-7.615,6.2344,7.1766,6.5453,-5.8619,-7.6522,6.8004,-11.29,-27.034,2.778,19.631,11.53,13.061,6.087,-2.0317,10.119,15.517,9.2551,5.9505,-2.8274,-10.117,-5.2123,-0.39646,-3.5093,-9.6204,-9.7992,-3.8097,-3.8254,-12.2,-18.719,-12.121,4.1972,6.8251,-1.132,3.1902,6.663,5.1331,16.171,17.902,1.3767,-3.2148,0.24858,-0.85482,0.62068,-1.0359,1.5997,11.106,1.107,-10.796,3.6361,9.2123,-7.3163,-11.301,-4.3233,-5.2204,-6.7606,-3.986,-1.905,2.2324,10.267,8.5336,-5.2783,-7.4857,-2.3745,-12.639,-13.621,10.929,23.892,10.552,-8.6415,-14.443,1.3298,10.381,-3.9153,-4.8857,10.078,10.825,7.8506,6.443,0.24597,3.5665,2.4172,-12.053,-6.8638,5.4293,-7.6769,-18.715,-10.588,-5.523,-4.345,4.4143,14.003,8.393,-4.43,3.6817,12.219,-8.7444,-15.375,6.9825,7.86,-3.0868,-2.8319,-14.11,-12.745,16.76,22.656,8.5216,9.9999,6.1441,-4.7198,-3.258,-2.3536,-3.6347,-7.2083,-15.329,-0.71459,16.156,-8.2041,-22.252,6.9833,12.246,-15.251,-15.943,8.0549,20.544,14.308,0.35623,-6.9394,-7.9598,-7.3536,1.5052,8.3778,0.63597,-2.9261,7.7894,9.9745,-6.7428,-18.499,-6.9069,8.9387,10.104,10.047,14.338,9.3229,-2.2482,-9.866,-12.163,-11.496,-14.232,-16.768,-7.7165,5.7823,11.095,10.717,12.789,17.201,10.973,-3.2136,-4.1031,-2.3808,-11.283,-7.0493,1.1233,-13.801,-19.758,0.82327,10.091,0.68191,-3.6655,3.2344,13.207,12.802,6.1205,7.6984,9.2816,7.3678,3.5225,-17.435,-32.733,-7.1903,19.211,5.8542,-10.836,-1.3548,9.5655,3.3112,-3.3918,0.76501,-2.6471,-15.241,-10.051,4.7146,-0.39052,-8.7227,2.5995,8.6993,-2.3288,5.5288,27.921,12.986,-16.385,-5.4692,6.8703,-6.6525,-1.6297,7.7579,-3.2102,1.2498,4.3983,-13.408,-4.007,12.515,-5.9711,-12.898,-1.2036,-3.3256,4.2413,11.887,-3.9809,-2.9852,12.267,1.3669,-13.337,-8.884,1.8272,5.0948,-9.8487,-15.02,11.835,18.785,-7.268,-9.2396,7.5208,8.6585,10.821,14.274,0.32088,-11.142,-1.6005,10.03,3.4854,-11.175,-13.042,-6.2201,-0.0032828,8.7978,4.4719,-15.456,-13.981,3.7348,2.2814,1.6294,9.9056,-4.6022,-13.401,8.6113,6.9411,-13.423,8.6582,30.262,-0.60828,-23.469,-5.5143,8.0512,6.8524,6.2765,3.7087,-0.34988,-9.212,-15.848,0.21696,13.979,-3.6812,-14.419,3.6154,10.099,-2.9406,-1.6544,13.465,17.023,8.5511,1.3424,-5.2869,-13.752,-17.736,-14.761,-4.3595,7.0518,1.4115,-14.344,-14.546,-5.4204,-1.6694,2.6168,10.741,21.797,22.684,2.4535,-4.1879,12.843,5.3402,-14.645,-1.9832,15.306,12.025,5.3732,2.5182,8.877,6.5288,-19.306,-22.131,-4.3407,-15.425,-17.572,0.3129,-18.807,-36.339,-15.873,-8.8823,-3.397,18.913,14.887,10.734,31.125,27.778,19.457,39.015,36.401,5.5895,-6.442,-7.9826,-18.59,-18.003,-2.1813,-3.6157,-24.423,-26.614,-16.391,-19.775,-15.15,-5.6724,-10.989,0.47722,18.293,6.9624,5.8565,18.492,6.5676,5.8723,22.921,10.526,-8.3013,-5.6241,1.2559,9.7823,8.3702,-5.1028,-4.986,-2.3987,-3.233,11.806,16.218,-3.9089,-15.462,-13.479,-6.8988,0.96588,-0.094495,-1.6997,-4.4358,-13.848,-4.4642,9.8002,-4.7054,-14.631,-5.6006,-9.3042,-12.335,1.2432,14.611,25.046,25.23,8.3557,-3.9439,1.2401,15.258,21.31,12.146,6.5886,2.2374,-18.941,-31.12,-22.807,-17.732,-7.6998,5.6347,2.6215,4.6326,11.053,-2.0389,-3.5421,14.409,6.9169,-16.085,-17.47,-7.03,-1.9546,-1.1103,0.47973,0.46001,-9.1108,-10.884,12.008,29,21.705,15.596,18.31,21.112,21,5.149,-17.828,-22.035,-19.137,-22.086,-19.219,-19.877,-22.675,-5.368,7.97,0.056676,5.1755,16.377,6.4112,-0.81053,4.0737,8.287,12.602,0.59843,-14.835,-0.75221,6.2441,-1.7472,18.44,19.136,-19.425,-14.053,11.961,-6.0143,-9.0889,18.957,19.778,7.8365,5.7782,1.7123,2.8624,-2.8124,-24.386,-32.374,-24.617,-17.852,-13.169,-14.151,-6.6573,14.544,16.485,4.1704,9.5502,15.91,10.675,16.265,28.113,23.593,10.557,8.0352,7.3142,-7.0244,-18.517,-13.32,-12.274,-23.82,-28.084,-16.261,-2.4787,-2.9146,-5.2741,6.852,9.9165,0.21319,9.76,18.315,3.2898,0.50806,4.1715,-12.637,-11.51,13.776,16.1,3.8274,2.345,0.66542,0.076601,3.1341,-1.8629,-7.1363,-3.5568,-0.24517,-4.9496,-12.628,-4.5161,13.651,5.2338,-14.249,-1.982,12.825,3.7773,5.0967,10.82,-4.2161,-9.2741,0.58128,-8.9024,-24.718,-19.266,0.25326,13.783,6.0604,-4.7625,8.975,24.095,18.419,9.7539,2.7243,-3.0905,-2.6056,-6.8847,-8.2697,-0.003838,-6.839,-17.157,-5.8591,3.4099,4.3828,10.984,8.6964,1.1122,-0.35755,-8.5307,-12.977,-5.3253,-7.617,-10.967,4.3349,15.505,4.9207,-4.1871,6.9128,14.872,3.3749,2.0908,11.49,-0.89547,-12.74,-3.5191,-4.2851,-11.737,-2.1224,9.5766,6.7977,-6,-7.5853,4.6248,-1.5229,-7.6163,15.765,15.262,-16.038,-17.382,-1.7895,5.3769,6.525,-10.387,-4.2678,29.167,8.6486,-25.572,0.14379,17.499,5.9348,6.4002,-10.738,-25.585,-0.90831,9.4652,-3.698,-4.0892,-1.886,3.0788,6.3125,-5.1663,-2.816,9.5126,4.5218,1.6172,5.8127,7.6618,9.8927,-2.6694,-14.412,-4.0608,-5.0559,-16.587,-10.587,0.079044,14.151,19.054,-6.1231,-12.113,14.764,15.323,-3.8429,-6.4351,1.0254,6.7562,-5.9001,-24.046,-16.828,-9.3168,-5.9347,19.481,29.689,11.449,3.2776,1.7877,4.0396,6.1071,-15.23,-23.756,-4.5086,-4.0288,-1.9841,16.414,7.7396,-2.6364,8.5416,2.0233,-8.3636,0.4543,6.2373,6.3707,-0.60038,-13.627,-14.195,-11.236,-2.0825,17.466,6.5029,-16.214,-0.75585,10.783,-3.7028,-4.3334,0.30849,-0.90942,7.6221,12.979,6.6647,-4.0565,-6.9082,9.7912,13.164,-3.5241,7.3363,12.728,-20.963,-18.115,15.845,-3.2556,-33.748,-16.179,4.0838,3.6166,6.7457,11.324,5.9686,-3.0063,-1.1505,9.1676,7.6723,-1.4121,-1.1193,-2.6732,-12.353,-11.845,-0.51381,3.0698,2.2298,12.62,19.974,7.8426,-1.7678,0.73017,-5.1965,-12.068,-3.066,8.4661,8.79,-2.9681,-13.957,-7.1175,1.1459,-4.9663,-4.0672,4.8598,-0.14097,-11.353,-8.6268,7.8702,15.081,1.2548,-4.9916,2.7619,-4.263,-11.851,-2.6299,-0.49712,-1.9837,5.7065,10.714,19.594,26.128,11.942,2.458,3.4993,-8.0994,-11.847,-3.7492,-11.251,-14.651,-4.0018,-11.086,-23.324,-10.801,5.1238,2.0874,-2.169,5.1944,6.4348,-1.5388,2.8843,12.888,10.567,5.8443,3.2269,5.537,17.982,15.754,-0.48962,-2.6991,-13.003,-29.675,-8.7594,14.729,5.6079,5.0036,4.5289,-18.679,-19.128,0.48382,-2.5559,-6.9457,0.35358,-4.5635,-7.0623,12.569,30.47,23.607,4.077,-8.1684,-15.004,-17.053,-6.7639,-1.6843,-8.7635,-1.6809,10.373,2.5561,-0.85512,13.104,17.718,12.299,13.846,13.751,-0.5135,-20.332,-30.01,-24.488,-7.9435,3.9249,-5.1028,-11.193,11.428,21.843,-2.9332,-9.3629,12.961,14.698,-2.9513,-7.8555,-3.0404,-4.0166,-6.5239,5.3424,20.089,8.6067,-11.785,-8.4125,7.0399,14.834,5.6582,-13.269,-8.8113,2.4204,-18.099,-21.32,14.726,19.205,-2.3592,1.501,1.7117,-7.0241,4.939,4.922,-13.165,-5.4289,11.837,6.1959,-6.8104,-12.906,-8.1717,8.1645,17.939,10.035,0.13408,2.5956,1.6472,-12.836,-6.0591,17.449,1.3401,-20.231,3.0377,4.2651,-24.92,-9.5926,10.146,-3.5434,7.8385,19.139,-7.2692,-8.5643,14.791,16.401,13.066,-3.3113,-29.998,-11.246,21.675,9.6022,-9.2991,-9.2398,-8.8498,-1.3055,7.0262,2.2226,-0.56235,0.6844,-4.3473,-9.7343,-7.0967,2.6466,6.4025,2.182,2.7454,-1.1271,-6.5259,8.8471,16.977,1.5116,4.9229,15.831,-1.2704,-12.265,-5.3194,-6.8237,-1.0101,9.0525,-6.4938,-16.553,3.4953,5.3859,-21.7,-19.153,13.995,16.297,-7.5301,-7.9492,5.7598,11.269
-24.297,-21.434,13.031,20.824,-3.5447,2.4925,14.196,11.045,18.522,12.909,0.69243,1.1209,-14.381,-12.972,18.853,11.702,-11.722,-5.7864,-7.6565,-7.7758,3.7537,-6.2419,-11.501,-6.9327,-8.9947,19.471,32.957,-12.597,-17.238,16.323,-11.907,-37.003,0.55868,16.847,-4.9057,-10.823,-3.601,1.9131,8.7156,9.0712,-6.6597,-19.231,2.4296,31.47,29.112,21.652,22.247,26.015,45.819,26.197,-44.146,-51.902,-24.257,-57.249,-50.991,9.5716,-11.998,-37.271,17.175,13.465,-28.717,18.363,54.061,11.609,2.4232,27.876,16.374,0.16062,13.319,20.411,-0.81429,-13.192,0.63262,-4.8609,-17.625,3.7272,4.3367,-19.142,-1.859,3.5907,-19.628,4.7616,18.283,-24.134,-31.689,-11.719,-5.6813,16.064,9.5516,-26.736,-5.6624,27.606,10.426,5.7478,29.295,33.619,9.3303,-20.159,-18.348,1.208,3.794,8.75,7.1894,-9.2541,2.3234,3.6047,-30.965,-18.611,15.92,1.35,-5.7368,6.1349,-7.5828,-18.943,-16.556,-2.8601,24.867,14.059,-19.311,-4.4772,16.011,3.552,0.8966,6.1698,0.5898,-1.8644,5.2442,16.491,11.215,-2.1976,6.8261,5.6221,-12.172,-4.427,-9.003,-20.547,25.39,39.989,-23.811,-33.085,-3.8866,-35.868,-36.129,24.504,19.587,-19.005,7.1777,27.106,-5.22,-4.0629,29.487,11.434,-23.117,1.5678,31.012,2.9567,-21.17,5.0257,24.649,5.354,-13.2,-11.202,-0.92147,8.1586,-1.2108,-22.448,-16.656,4.6189,-4.1844,-22.907,-0.67308,40.932,27.986,-27.14,-24.361,16.635,-2.5457,-22.861,10.316,0.89082,-37.185,-9.7669,32.505,29.822,-2.6881,-26.027,12.782,45.573,2.6491,-0.2536,36.572,2.7675,-13.256,16.566,-0.34907,-7.4596,-9.9645,-47.906,-9.9014,27.92,-40.747,-41.181,7.1027,-35.615,-19.31,41.547,-17.519,-41.191,34.566,40.186,15.502,31.151,26.112,22.005,28.419,12.66,3.0611,-9.9446,-27.196,-6.8827,7.3283,-11.707,-11.304,2.75,-10.743,-40.824,-34.276,12.267,8.6911,-29.279,8.7555,45.05,-1.9373,-16.427,8.5294,-12.521,-19.397,8.6687,6.1982,-6.0187,0.55146,14.371,28.311,18.936,-0.096321,-2.8398,-9.5985,-2.9097,20.602,8.5149,-2.0887,23.857,13.662,-20.079,-8.6205,6.9549,-1.5085,-7.5996,-22.606,-32.645,-18.02,-17.704,-22.962,-1.6902,-2.7338,-26.032,2.2446,44.974,30.152,8.5746,12.143,1.0481,2.6477,28.08,10.37,-19.492,7.662,25.821,-4.4839,-8.4363,13.585,-2.8323,-35.863,-27.759,14.41,29.608,-11.496,-40.543,3.7475,46.874,12.961,-22.934,1.0917,7.2371,-26.046,-19.501,-0.28422,-25.811,-32.886,-6.3679,-0.13766,11.77,28.439,6.9238,-9.5735,0.55879,12.14,32.862,21.533,-18.611,5.9633,41.178,8.8994,-5.7872,9.6618,11.793,22.338,-3.5003,-29.211,31.816,27.961,-55.907,-2.3275,57.807,-47.985,-98.029,-38.37,-41.207,-60.602,-46.923,-48.277,-31.369,1.8655,37.288,80.288,65.787,40.969,80.246,76.354,46.518,87.563,73.037,3.1539,34.32,51.571,-43.883,-96.887,-90.084,-112.43,-109.3,-72.721,-75.479,-75.881,-29.431,-5.966,-5.1101,54.011,104.35,52.889,9.6521,48.426,69.134,50.937,42.113,31.122,32.936,42.723,7.5486,-36.649,-33.466,-14.738,-27.976,-64.033,-52.559,-1.9666,-18.824,-48.456,7.5459,27.159,-24.625,-7.0961,36.931,11.987,-14.548,-10.696,-1.4355,11.637,7.0189,1.2676,8.9211,-8.6396,-12.595,27.701,31.48,1.4913,4.886,11.871,10.453,22.166,3.0396,-26.771,2.9341,22.707,-16.988,-8.2872,35.646,-8.978,-60.97,-21.159,5.9001,-11.062,-10.477,-25.089,-25.936,28.93,32.4,-18.337,-14.898,8.6971,13.111,19.741,2.3257,-5.6909,22.349,11.922,-12.433,7.2138,10.167,-2.0104,8.3346,-9.6979,-28.682,12.76,34.374,-10.156,-32.104,2.5229,33.987,28.309,1.7501,-9.6972,3.3062,-11.334,-56.285,-44.028,-7.2121,-34.943,-14.486,81.34,44.557,-62.435,-12.894,58.155,4.7479,-22.953,17.736,29.394,15.939,1.0335,-10.514,-16.137,-29.448,-14.73,27.211,22.549,-4.7642,0.11362,-2.2289,-16.148,0.42193,23.223,14.618,0.22601,4.9612,-7.593,-35.2,-14.703,19.221,1.9419,-23.549,-27.768,-5.6703,32.866,-4.4714,-63.304,-4.8541,45.419,15.445,34.953,30.039,-31.347,10.395,46.995,-26.152,-24.666,35.904,10.339,-29.029,-19.106,11.041,15.363,-32.83,-26.967,35.669,9.158,-26.075,6.4176,-15.323,-30.503,27.111,16.101,-33.391,-11.677,21.534,36.065,24.557,-23.522,-28.952,6.0648,14.353,3.4669,-23.493,-18.155,32.74,4.8147,-37.623,32.904,46.419,-21.359,22.709,49.684,-56.297,-72.275,13.76,8.444,-27.351,6.1694,30.183,12.549,0.47578,2.6399,11.517,9.2742,-19.174,-22.241,23.728,24.018,-36.713,-29.534,33.149,6.0213,-74.959,-65.617,11.951,43.018,27.497,35.288,42.682,2.4949,-17.229,13.516,17.935,8.7577,20.931,-4.2206,-34.412,-3.5576,5.1173,-35.355,-23.301,22.328,2.8175,-44.455,-25.896,27.782,27.512,-11.928,-23.131,-3.1641,17.618,6.4251,-33.825,-25.898,34.613,46.328,15.055,21.715,30.024,-20.982,-56.538,8.9209,66.342,-5.8504,-61.796,8.961,42.291,-3.051,-9.5766,-10.084,-17.859,-2.8679,-39.091,-56.842,23.401,31.642,-28.746,11.38,49.261,11.148,16.589,24.566,-24.326,-35.213,3.8926,21.074,-2.5247,-21.766,4.5245,3.6516,-36.831,9.323,64.98,-7.1956,-53.525,5.3407,26.55,12.85,22.887,8.3626,-26.198,-39.497,-13.6,34.654,25.485,-16.886,-3.0243,1.2124,-27.632,-5.9154,5.9315,-25.199,-4.667,18.363,-12.251,-4.2174,27.144,14.596,11.872,14.33,-21.49,-24.472,25.261,35.449,-5.5173,-21.453,6.5197,22.622,-4.2165,-32.059,-21.284,6.9653,14.237,-8.276,-30.5,-17.343,16.274,28.73,15.904,6.0383,9.6782,2.3614,-21.433,-27.637,-20.463,-19.816,8.7901,46.102,23.748,-5.5815,16.468,19.9,-7.8308,-9.6931,-11.764,-27.024,-17.772,0.24841,7.4601,5.6749,-2.9044,9.5966,9.3836,-40.997,-37.557,30.616,28.369,4.9653,40.671,25.388,-26.654,-0.12229,32.286,13.193,3.3221,-9.4363,-42.846,-61.241,-46.479,9.1889,45.438,8.0154,-17.825,-2.4848,-4.2963,14.481,34.016,-15.607,-33.389,15.717,12.39,-9.5813,20.293,29.354,1.5508,-7.8613,11.676,32.726,5.3593,-24.784,16.047,18.616,-47.566,-19.746,40.918,-23.649,-84.317,-29.411,27.956,18.412,-17.6,-18.485,26.598,42.145,13.681,-6.1027,-21.506,-13.702,22.667,18.039,4.0242,19.68,-13.593,-48.352,8.5157,56.376,25.786,-11.92,-9.5467,16.465,-8.0546,-66.308,-28.355,34.54,4.8742,0.60367,24.14,-12.864,15.723,76.469,0.88192,-55.317,4.5047,-2.6393,-60.658,-47.929,-23.551,-27.383,-26.726,-1.1675,39.371,26.662,-12.748,14.388,41.165,21.162,36.395,60.205,37.212,15.943,9.2428,-1.2397,-3.1998,7.3583,10.907,-23.458,-50.72,-20.548,-22.394,-61.055,-37.049,-24.568,-50.845,-24.075,-25.491,-55.097,7.5526,45.47,14.543,27.361,9.0345,0.51035,98.987,92.657,2.9604,63.65,102.75,35.174,54.65,53.177,-40.933,-45.769,-30.084,-97.289,-126.23,-99.916,-80.996,-84.196,-92.064,-13.485,82.46,28.775,-36.432,24.651,64.579,49.102,67.885,84.655,74.774,54.513,19.137,10.287,28.866,8.301,-41.518,-57.035,-29.242,-3.948,-13.647,-29.23,-16.648,-4.5921,-38.614,-75.71,-27.17,31.529,-20.849,-55.055,18.139,34.764,1.2242,36.157,26.719,-32.044,25.646,104.21,43.448,-48.925,-39.013,22.716,24.417,-21.76,-19.003,21.505,36.029,11.935,-43.316,-41.97,41.743,50.915,-18.167,-32.262,-31.3,-29.511,13.294,-0.48899,-50.501,-21.91,9.6368,-11.478,-23.68,-12.719,24.619,45.541,0.035035,-25,16.76,51.407,43.875,9.2047,6.0007,38.943,13.673,-29.614,-15.532,-9.1067,4.9741,25.589,-28.751,-42.785,12.922,-13.082,-28.706,6.484,-41.611,-41.019,35.066,-12.053,-47.252,28.476,15.216,-35.586,11.55,64.64,67.01,10.941,-43.026,8.361,35.958,-23.835,4.8696,67.756,25.382,-18.295,-8.8802,3.7067,3.0629,-26.87,-37.19,-24.257,-60.537,-68.451,-16.005,-26.979,-47.415,17.347,57.796,28.616,27.938,75.795,82.974,17.783,-10.353,31.332,29.872,-16.465,-44.847,-51.427,-13.093,3.2861,-44.057,-10.518,45.819,-30.769,-59.568,11.78,-17.635,-41.223,43.617,39.571,-23.167,19.852,49.154,-13.886,-27.284,31.129,39.633,2.4063,2.5036,-2.8643,-39.414,-11.433,37.04,-3.0585,-29.875,16.836,16.375,-29.591,-15.369,38.782,33.748,-34.678,-49.493,4.9663,4.4848,-32.383,-19.466,-2.1301,14.828,38.457,0.19113,-31.434,12.348,18.489,-14.806,13.752,54.592,43.926,10.216,-9.1184,0.51986,-9.7613,-54.165,-48.546,-4.4675,1.8752,1.0268,10.474,3.1033,5.9863,9.7236,-15.083,-14.961,16.212,4.2699,-27.508,-6.0167,24.246,6.9456,-0.45794,31.643,38.53,-1.0733,-40.318,-29.728,25.895,27.806,-37.08,-27.092,37.822,15.474,-26.725,-12.898,-10.483,14.331,54.898,-11.08,-68.588,5.0227,15.241,-62.51,-13.876,66.239,12.891,-21.924,30.731,42.533,15.624,-3.2535,-18.554,1.573,15.915,-16.74,-16.697,0.070335,-21.866,-13.157,-8.4617,-53.712,-15.81,55.58,-3.0656,-46.365,37.232,73.63,15.822,-14.537,6.0217,20.23,-10.368,-37.81,-6.0514,16.786,-4.0195,-4.969,4.1286,-0.99571,3.5142,4.0736,1.3808,8.3753,5.7233,-1.8909,-27.374,-60.188,-21.152,30.475,-3.8504,-20.553,23.958,30.899,13.581,-1.4638,-17.448,28.336,67.279,-1.2926,-43.57,12.103,26.033,-26.235,-45.103,-9.8699,27.421,8.9497,-38.68,-23,31.58,20.559,-30.282,-18.364,26.147,3.3322,-30.348,17.684,40.283,-26.992,-31.877,37.666,26.548,-21.76,0.56252,19.279,-8.4783,-19.955,-17.11,-14.34,8.6626,20.583,9.3581,20.414,32.61,6.8244,-9.0756,-0.98242,-22.868,-48.998,-23.779,8.9886,5.1755,-7.2906,-15.624,-12.185,26.859,51.058,10.755,-15.898,6.9094,-2.8791,-19.588,25.347,40.707,-10.192,-23.069,-12.114,-36.711,-38.162,0.12587,36.34,51.933,4.7003,-58.364,-24.014,40.256,31.456,7.5424,2.2312,-5.3599,-3.2452,-9.1234,-14.04,3.3929,-10.688,-26.56,18.727,30.839,-14.53,-20.939,-15.177,-16.214,18.238,25.683,7.1203,29.495,25.565,-6.6695,3.9696,-10.852,-41.875,-9.9648,-1.1767,-13.373,31.694,18.395,-45.958,-14.869,12.266,-22.059,0.44898,17.87,-2.8563,35.479,34.243,-34.571,-10.977,27.612,-17.162,-13.185,26.834,11.75,10.474,17.462,-11.696,-13.417,0.73924,-8.7496,-7.2349,-16.094,-38.541,-19.672,0.06413,-13.607,-3.0687,23.726,13.795,-9.2222,1.2368,31.433,29.005,-3.7865,-8.4857,22.584,44.781,25.299,-22.079,-30.497,-2.5642,-14.356,-23.756,17.003,9.759,-42.87,-30.47,3.4612,-5.5895,-4.0292,17.291,23.609,17.537,-3.3289,-27.312,-24.327,0.89913,22.181,15.399,-9.0678,-6.637,12.12,7.4861,6.2487,30.824,35.535,-4.899,-37.923,-13.515,19.618,1.942,-16,-1.1908,-7.803,-21.875,-2.4172,3.3099,-11.058,1.8229,10.7,-9.3786,-9.2735,12.885,8.3352,-13.93,-5.6614,18.64,0.69083,-28.325,4.3795,39.734,7.248,-11.355,18.619,8.8517,-21.943,-0.61442,15.878,-10.239,-17.274,-4.9748,-4.3372,8.7249,20.343,3.2397,-2.4731,8.3041,1.5024,2.6893,6.067,-32.268,-44.468,13.8,24.698,-34.618,-32.444,22.099,24.92,4.8285,3.8104,-12.386,-24.202,2.5633,30.467,37.624,36.875,16.445,-19.986,-31.2,-11.577,-3.8255,-10.759,4.2895,16.889,-4.2668,-6.917,18.966,14.081,-5.4828,-8.0444,-15.038,-16.323,-17.707,-41.617,-35.003,8.3394,23.484,22.191,24.867,20.66,18.734,-11.468,-33.657,38.635,73.038,-25.358,-57.924,14.826,21.534,-8.7273,-4.7036,-11.9,-11.047,4.2844,-2.8923,-3.5715,-0.41884,-6.4695,4.0236,-10.943,-41.006,-3.9621,32.333,-1.7169,-19.512,10.776,38.06,33.437,-10.609,-29.084,15.349,32.163,1.5354,-10.408,-17.794,-23.17,3.2902,14.039,-4.5654,2.1239,11.51,-17.873,-37.618,-14.356,5.9728,-2.4389,-12.846,-2.1515,41.056,83.755,49.587,-30.575,-48.741,-25.101,-18.218,-3.708,4.9429,-5.3794,2.7635,1.6514,-8.9068,16.081,6.1188,-37.816,6.3343,60.377,8.9144,-34.095,-12.46,-6.1747,-9.3795,-0.787,1.7788,9.4379,8.7417,-8.6552,-4.8147,20.861,36.469,13.934,-40.492,-45.607,9.8889,21.905,-6.766,-1.9632,5.7121,-5.172,-0.96288,4.7299,4.5263,8.9032,-4.8031,-18.723,7.0528,38.102,24.515,-24.11,-51.148,-13.347,35.453,18.32,-25.011,-30.409,-14.375,-1.7636,-5.9616,-16.29,20.305,55.86,2.4434,-23.912,57.774,69.146,-22.238,-36.401,-3.5386,-26.236,-29.666,-2.3537,-3.8885,-4.1427,-1.7298,-9.5052,-1.609,-3.9102,-4.9021,17.772,-5.1387,-23.272,42.289,54.834,-8.5216,-3.7157,16.514,-7.0294,-3.8287,-11.778,-36.877,-13.404,-6.2245,-19.847,15.694,22.734,-24.444,-28.047,16.837,46.51,8.2507,-44.35,10.042,58.118,-15.828,-18.688,54.07,2.3693,-40.744,28.874,26.103,-23.348,1.6279,3.4941,-35.995,-31.674,-15.161,-18.553,-13.772,2.2814,10.511,9.8974,23.458,23.85,-21.265,-40.163,-12.532,-0.68554,19.073,41.332,19.407,7.3263,1.6012,-17.554,31.399,65.551,-7.8096,-21.114,33.315,-8.339,-54.6,-22.392,-14.045,-22.084,-10.387,-8.6881,8.2812,18.235,-19.263,-40.758,-22.53,5.3081,34.583,23.104,-18.466,-12.49,23.441,33.64,17.877,-12.142,-16.24,15.758,16.585,-2.2683,27.36,43.413,-15.887,-42.286,21.436,40.284,-32.997,-52.913,18.729,45.371,-23.315,-78.088,-24.637,57.237,25.219,-51.579,-29.062,14.617,-6.2406,-15.567,-3.6661,-8.2732,-5.744,-11.869,-16.093,23.365,33.859,-3.0362,16.94,61.482,39.448,10.195,20.919,12.692,-17.977,-5.9926,32.684,19.7,-17.564,-9.2145,-1.7769,-17.686,-9.9547,-29.638,-76.236,-43.564,-3.0716,-40.489,-43.566,-24.212,-60.534,-25.287,64.457,29.181,-26.447,23.515,58.082,72.368,115.01,79.688,14.956,48.453,82.042,55.592,27.243,-34.801,-94.415,-76.714,-68.079,-88.983,-75.397,-80.277,-80.164,-14.844,-0.5099,-37.036,2.954,42.616,27.315,47.614,60.739,30.367,35.213,47.189,35.791,37.742,11.297,-15.645,29.137,46.049,1.2144,-0.1381,2.154,-35.151,-32.877,-15.561,-23.831,-12.231,-21.312,-60.548,-38.109,-6.7988,-42.839,-42.316,21.271,25.82,-24.457,-17.349,37.655,34.942,-7.6284,25.216,80.2,34.437,-17.516,19.082,40.782,14.218,6.8077,5.0836,-3.0631,-6.1651,-17.793,-12.351,2.4902,-20.411,-38.002,-26.513,-27.226,-15.851,-1.774,-33.234,-33.173,29.336,32.682,-23.494,-9.8545,50.944,33.589,-22.265,-1.7645,23.977,-17.782,-9.1816,45.916,20.608,-2.1555,34.6,11.457,-27.639,-5.1211,-11.845,-25.27,14.072,11.968,-17.936,3.4794,0.99403,-36.59,-16.529,22.499,5.2032,-26.644,-14.261,27.168,30.179,-28.443,-51.404,26.718,63.183,-39.054,-78.369,36.386,65.993,-9.3072,14.885,39.579,-33.002,-34.942,9.535,-1.9323,22.593,26.585,-47.762,-10.554,86.822,21.031,-70.633,-21.816,30.049,1.8346,-22.645,-16.382,-20.449,-25.381,5.7389,23.151,-13.364,-19.22,22.308,26.997,3.8977,-7.6662,5.2192,46.569,19.726,-69.144,-38.388,44.856,8.1803,-11.402,40.02,1.4529,-40.117,20.113,16.545,-56.636,-35.286,31.196,36.768,12.826,0.52419,8.579,12.33,-12.767,-17.251,1.1647,-23.03,-45.05,-4.5823,35.548,27.157,-8.5422,-25.289,14.729,36.562,-22.262,-40.132,31.932,54.064,-5.9519,-41.328,-12.631,20.212,-3.2982,-26.3,17.424,33.063,-17.645,-23.632,6.1047,4.9962,6.5186,3.9725,-15.678,-6.5747,9.2778,5.316,11.957,17.071,3.335,-11.038,-5.8324,15.885,-3.4506,-43.857,-13.031,15.627,-15.125,0.23994,16.495,-21.81,6.8899,36.344,-26.723,-20.57,37.76,2.6014,-17.712,21.207,15.836,2.6953,6.6749,-11.01,-20.542,-19.388,-2.728,40.43,34.445,-3.5299,10.639,9.9579,-39.817,-53.991,-27.967,-0.99661,7.3077,-14.778,-9.6153,37.369,37.388,-7.5658,-15.712,10.472,24.301,17.945,12.513,12.318,-9.0066,-39.593,-33.095,-4.3636,5.0153,4.9103,4.0016,-10.272,-8.3066,23.827,24.254,-9.6753,-6.5702,19.461,25.296,12.956,-25.245,-33.693,8.2571,-10.194,-27.746,43.583,11.387,-80.705,9.9459,69.239,-46.037,-51.834,31.613,28.611,32.682,25.381,-17.32,0.48967,-19.113,-50.708,39.96,56.064,-34.582,-14.258,11.29,-21.295,7.9096,-8.3451,-49.816,25.157,51.535,-13.782,-9.9249,8.8082,12.279,35.526,-4.9069,-51.102,-20.252,4.6985,19.949,21.519,-22.985,-13.04,18.547,-21.653,-13.733,29.556,-7.9253,-22.318,2.6741,-13.833,10.326,48.287,5.6481,-19.121,4.5602,3.9363,-2.4774,-7.1447,-0.85177,16.795,-24.446,-42.379,44.531,55.784,-24.908,-9.269,29.562,1.963,4.9457,-0.68408,-42.139,-15.617,5.6955,-44.859,-37.051,18.933,12.818,-9.4824,-1.6102,15.997,38.122,30.417,-10.705,-30.395,-13.991,24.777,39.607,-7.214,-26.094,21.82,20.22,-24.754,-10.782,19.236,6.3542,-14.255,-10.553,20.18,26.521,-21.091,-30.872,13.7,7.5505,-21.775,-2.113,-7.1387,-50.78,-23.699,44.601,28.909,-25.529,-18.672,-8.2363,-25.253,6.9523,44.984,18.649,1.2254,10.748,3.9605,17.823,31.276,1.3257,-6.785,15.425,20.84,21.759,-0.0092368,-36.972,-18,26.554,21.642,-31.696,-80.661,-50.348,15.173,5.2272,-17.173,-5.6478,-36.074,-37.263,34.316,40.727,-4.8061,-10.177,-17.82,-7.4408,48.148,53.202,10.132,7.7462,30.834,24.23,-0.13847,24.525,85.441,63.842,-21.557,-36.303,-4.8816,-17.224,-50.518,-51.49,-24.267,-41.177,-106.22,-86.348,12.414,28.727,-26.437,-48.028,-34.146,2.6641,29.194,13.264,25.207,73.987,75.127,66.511,96.808,88.397,50.316,64.866,76.935,41.875,21.167,-19.141,-115.03,-158.64,-136.68,-127.54,-101.58,-73.84,-82.231,-38.649,26.754,18.6,29.427,68.123,48.067,62.797,119.88,85.255,14.184,6.1283,29.632,39.819,17.3,15.483,42.557,-12.861,-72.803,-9.5567,20.412,-41.802,-48.762,-21.744,-20.076,-22.149,-48.288,-51.745,-5.5536,0.25754,-24.89,-20.692,-0.51912,17.021,-2.2613,-17.302,36.815,47.995,-6.6308,9.0354,45.363,40.852,52.276,29.223,-6.7558,34.457,46.624,-8.8843,-23.632,-19.728,-26.853,-9.1024,0.12636,-19.247,-36.211,-29.947,-23.247,-54.502,-53.959,-1.5509,-17.255,-28.047,51.11,40.817,-32.478,11.306,55.664,29.916,23.917,10.802,20.445,60.125,4.9281,-54.534,-3.8367,19.561,-9.6482,3.7244,20.617,1.1549,-24.916,-24.407,-7.8034,-19.449,-11.439,21.875,-19.452,-47.054,17.963,22.235,-16.163,10.373,-0.78751,-37.207,-2.6369,10.896,-16.908,-5.5871,15.942,21.172,22.689,17.323,6.8212,-10.524,6.5201,50.39,21.065,-26.577,5.5772,29.634,9.9671,-13.653,-54.749,-48.259,11.709,11.836,-21.158,-26.309,-11.344,29.738,13.55,-49.995,-8.2242,37.606,-9.1737,14.036,43.497,-33.403,-25.231,52.501,16.682,-25.229,-1.2138,2.4921,16.797,29.911,-19.671,-44.691,1.8337,35.035,14.287,-21.251,-16.817,11.558,-1.6002,-21.383,9.3101,25.135,-14.845,-30.212,10.192,19.126,-26.222,-25.144,28.862,33.239,2.2941,-5.0781,-16.245,-14.464,13.204,-2.2034,-28.368,-0.57354,15.437,10.031,32.139,23.522,-22.77,-31.868,-19.751,-3.5418,25.909,15.913,-14.292,-1.7154,5.9072,-3.3601,16.396,18.615,-6.4259,-1.057,1.6158,-14.53,1.7196,14.685,-11.387,-16.293,4.0449,-8.8252,-30.643,-6.5547,20.715,-7.9398,-40.748,-11.384,43.776,51.783,-4.6071,-46.732,-1.0474,46.046,21.992,8.9384,8.8762,-17.126,6.5474,36.456,-19.193,-52.134,-11.678,15.889,18.033,-12.631,-52.1,-19.391,27.552,18.196,2.5372,-2.2976,11.585,24.201,-22.25,-38.764,9.4273,-0.3916,-9.7241,39.163,19.563,-20.881,7.6751,15.863,3.7223,-3.4882,-40.896,-31.989,24.661,28.352,10.817,4.2595,-8.5333,-1.5598,6.3595,8.9742,22.609,7.6281,-11.018,-8.0087,-19.153,-5.947,1.1703,-55.794,-51.432,18.383,19.425,12.428,33.577,12.062,-11.62,-15.933,-7.482,25.978,16.913,-3.5126,28.406,13.975,-24.16,2.1775,15.717,14.083,12.647,-32.782,-28.157,3.9906,-37.885,-17.562,50.816,13.676,-18.277,-7.5475,-23.025,-2.5843,-14.193,-47.958,46.347,73.874,-46.915,-29.731,55.594,27.567,19.861,10.2,-45.88,-4.9135,40.856,-17.151,-41.546,-24.97,-26.916,8.4157,43.449,23.205,6.2449,9.6728,-6.5213,-33.721,-25.144,14.463,24.305,3.346,-6.4716,-2.4611,11.869,9.7577,-24.239,-26.907,7.1527,15.451,6.6208,3.7139,8.8705,12.649,-20.077,-35.635,11.999,20.489,-12.017,1.4331,-0.56504,-25.609,5.2383,24.538,-9.4208,-16.41,12.471,39.708,36.083,-15.934,-42.93,4.3908,38.468,7.1625,-17.45,1.4505,-0.77161,-29.421,-14.57,4.9558,-15.021,-1.257,14.895,-31.651,-32.159,29.332,28.162,-8.5805,-3.7825,9.2657,-3.847,-15.935,19.528,53.216,6.3142,-35.198,-10.114,5.5914,15.576,15.521,-20.15,4.7338,45.441,-6.3354,-26.588,-0.27491,-19.951,9.882,40.804,-33.878,-54.84,-15.671,-31.557,-1.1285,41.566,-5.0901,-16.521,8.4813,1.5845,35.478,38.097,-36.435,-37.201,15.579,27.754,29.42,5.1796,-16.218,10.404,4.8199,-8.1454,25.021,13.434,-10.518,13.388,-9.454,-43.944,-13.126,-0.87969,-5.3093,14.721,-11.305,-51.118,-19.721,27.032,26.062,4.5345,4.7706,10.799,-14.09,-19.378,11.251,0.20288,-7.2924,27.854,-3.7306,-44.53,15.57,38.285,-13.779,-4.5921,28.663,30.603,33.929,2.3498,-16.813,40.211,38.78,-48.993,-64.366,-14.448,0.41264,-9.9338,-24.12,-31.028,-5.7214,27.924,19.522,-34.783,-65.312,-22.407,24.576,20.32,8.3364,4.7257,4.5029,22.124,32.778,27.801,24.633,13.699,21.48,43.508,1.6943,-54.588,-20.651,36.861,35.58,6.534,-15.524,-8.838,9.0856,-19.538,-58.476,-42.777,-20.613,-35.303,-48.871,-39.448,-21.527,-17.349,-29.29,-7.2494,52.109,48.168,-14.496,13.62,109.54,101.13,30.783,38.821,68.893,47.976,18.445,-4.3904,-16.716,-17.572,-49.562,-80.36,-55.844,-41.829,-78.036,-98.268,-59.766,9.6766,30.585,-18.47,-31.543,18.97,32.149,12.734,32.103,53.668,40.134,43.591,70.477,47.828,-5.0716,10.053,50.185,23.126,-15.163,-30.906,-49.178,-8.4984,42.071,-25.242,-80.447,-10.816,5.3112,-74.744,-81.733,-23.64,5.635,21.462,15.169,-18.779,-7.6054,38.196,33.539,0.74759,9.5581,39.457,35.023,3.1428,1.91,36.32,37.527,1.7903,-17.062,-22.741,-5.3038,24.272,-22.333,-64.467,18.405,53.671,-21.533,-4.6693,40.01,-27.93,-56.19,-10.021,-7.7384,-18.662,-30.659,-42.195,4.6678,27.692,-7.1178,9.5188,34.1,10.858,15.761,24.43,-1.7398,-3.9883,10.583,3.8038,-5.3097,18.528,61.916,30.337,-55.506,-49.658,0.27187,-0.35592,23.838,39.451,-22.534,-35.985,19.06,5.9004,-50.156,-37.405,10.938,-2.6347,-32.744,9.7197,29.432,-18.621,-3.448,26.554,-14.859,-8.2021,23.231,-1.7568,18.022,30.258,-40.817,-30.328,47.876,28.133,-22.974,-10.666,29.591,39.939,0.29657,-9.3581,15.002,-16.735,-18.117,42.056,13.795,-50.19,-39.418,-16.771,8.2364,20.705,-14.952,-19.42,-25.517,-65.169,10.899,97.104,-12.341,-98.963,0.93062,52.978,-9.7409,8.8113,81.4,28.967,-51.927,4.6904,43.458,-24.596,-1.7989,69.077,9.0437,-43.705,8.0654,31.781,-5.6788,-38.618,-9.6641,44.394,-2.9826,-63.092,-8.8974,4.3106,-46.759,-24.182,-10.859,-24.265,18.422,11.044,-38.799,-16.435,-4.7331,-14.86,33.819,58.752,17.393,-13.666,10.467,66.835,47.181,-22.513,22.199,75.204,0.6731,-20.664,37.279,-0.44944,-56.298,-28.479,-12.571,-23.533,-5.4241,1.9161,-38.447,-77.412,-59.917,-14.338,-4.4165,-27.026,-30.893,1.0408,7.4232,-33.673,-3.2422,84.674,56.521,12.033,86.81,81.723,10.192,104.44,159.65,4.8449,-49.284,39.694,-5.6718,-105.18,-94.743,-86.749,-109.76,-79.437,-47.972,-60.572,-61.378,-30.429,9.7145,41.681,49.503,35.563,23.603,43.547,82.253,77.712,47.472,51.903,40.286,1.6884,7.1825,-5.2198,-48.614,-3.0494,31.469,-44.738,-51.748,-1.4504,-48.107,-54.926,14.452,-10.87,-48.245,-4.6066,3.1376,-17.742,-8.0208,-0.83169,17.321,26.101,-0.48145,5.6451,21.379,5.2868,23.769,33.923,-18.607,-24.137,27.675,31.572,4.1805,6.1521,33.128,39.508,-6.9656,-31.798,13.852,16.243,-48.609,-49.609,-0.7329,-8.9321,-39.487,-43.085,-37.879,1.8266,42.531,0.25885,-25.93,32.525,14.604,-49.514,25.266,89.01,2.1123,-30.507,37.955,47.417,10.92,-18.37,-27.942,16.065,27.933,-27.849,-21.645,13.206,-27.15,-38.357,21,24.98,-29.892,-41.669,-3.1599,13.301,-10.666,-14.481,6.967,7.196,12.819,23.19,-10.234,-19.443,30.958,33.517,2.3995,24.291,23.507,-25.82,-17.706,14.423,-12.776,-32.975,-4.7757,14.877,4.0991,-22.516,-34.802,-12.446,7.143,9.8902,9.2438,-8.4236,2.445,44.615,7.7949,-34.46,44.973,69.139,-36.824,-50.996,11.809,-6.0876,-23.106,-7.7859,-23.23,7.7885,50.101,-12.937,-42.779,34.309,31.628,-38.138,-10.925,30.143,-6.2451,-18.799,10.453,16.631,1.9414,-28.848,-23.97,46.091,40.135,-48.262,-32.612,32.841,8.9869,-15.321,-1.8367,1.5022,17.773,1.9576,-39.63,5.3771,57.77,9.639,-37.894,-19.03,21.498,20.528,-45.059,-47.932,48.252,55.97,-26.432,-33.417,15.399,34.184,4.893,-38.793,-18.552,21.582,-3.3539,-26.173,-12.69,5.5782,28.959,3.0577,-38.642,5.3015,40.477,11.638,9.7721,0.61794,-20.92,10.085,15.429,-10.182,3.8602,-11.487,-39.711,1.3496,37.251,25.779,-3.6885,-37.095,-15.525,21.729,-1.553,8.6271,57.326,20.496,-51.518,-65.052,-44.72,-21.131,-5.6865,19.41,44.56,8.7999,-29.204,0.019532,19.883,25.21,61.246,61.62,9.5921,-38.704,-46.995,1.8411,14.28,-54.648,-47.381,38.28,33.01,-7.7405,18.312,16.022,-34.555,-27.138,9.2626,-18.444,-38.785,18.579,30.645,-28.999,-15.394,24.44,-3.0267,12.372,56.319,14.957,-25.421,-16.368,-24.037,-25.628,-15.529,-3.6233,33.308,30.072,-3.3055,25.018,38.146,5.6939,22.169,28.855,-8.6078,-12.276,-23.665,-42.774,-12.732,-17.968,-41.055,6.4992,10.403,-42.962,-20.951,0.94543,-29.681,6.0943,61.739,30.61,-12.994,-6.9209,10.323,10.68,2.0637,5.7404,4.8248,-3.7791,31.742,56.739,-1.4947,-24.663,31.01,28.345,-12.345,4.7786,9.4764,-30.896,-36.699,4.4274,31.305,-5.8194,-55.432,-32.603,-17.709,-73.216,-75.999,-28.547,-37.045,-32.483,16.605,32.05,43.558,53.999,24.116,39.33,102.63,109.28,92.044,91.016,62.436,28.884,-1.1454,-61.864,-102.68,-98.451,-108.28,-116.06,-76.862,-52.809,-74.807,-52.047,13.835,18.582,9.6691,59.526,74.472,41.748,38.577,26.813,26.381,81.817,73.869,6.9135,12.191,26.883,0.20321,3.1281,-1.1773,-37.791,-48.772,-34.595,-8.2243,-6.0634,-46.085,-40.843,-17.034,-43.841,-14.463,35.976,-16.2,-28.297,33.175,3.1814,-34.163,13.617,29.232,13.001,12.92,-7.4791,-7.6209,34.17,54.899,32.041,-9.821,6.2234,77.896,52.154,-41.604,-33.039,7.3703,-16.453,-24.479,-16.354,-30.72,-26.198,-16.228,-20.006,-19.055,-39.128,-48.867,6.4714,41.052,-1.9698,-31.53,-14.589,4.7037,36.421,62.693,32.153,9.9432,54.524,66.343,13.365,2.2175,20.847,-11.708,-53.622,-51.034,-16.329,7.6137,-28.029,-58.268,-6.9387,12.427,-38.744,-12.251,55.674,23.644,-28.314,-9.0438,11.074,-0.60894,2.2661,24.975,19.66,-14.295,3.4341,57.336,28.204,-46.822,-49.463,-13.931,6.7876,30.127,32.597,1.4934,-18.859,-5.5245,18.143,5.2153,-30.284,-19.561,2.5577,-17.778,-15.322,11.476,-0.77267,1.4307,35.601,22.707,-11.556,-11.372,-6.4988,-1.3328,6.2338,-18.31,-39.449,1.4256,47.081,18.414,-27.709,-10.821,16.215,11.296,17.577,1.4852,-37.063,13.904,72.768,-6.5029,-69.071,-5.5002,20.918,-12.986,-5.588,-9.2411,-29.224,15.628,46.473,-8.4307,-32.422,11.98,19.572,0.76746,7.3171,-12.939,-31.703,9.6708,23.51,-1.7366,4.628,-12.27,-24.43,32.412,20.076,-47.577,-10.268,22.589,-11.198,6.9707,12.036,-8.4583,43.846,50.367,-13.825,-12.001,-11.42,-44.598,-25.237,0.49866,15.04,13.496,-37.604,-6.6234,66.38,-20.357,-79.769,24.428,40.594,-22.275,-6.5581,-8.575,-14.037,37.388,33.463,7.2325,27.008,11.551,-6.7987,13.586,2.4316,-3.5844,15.07,-19.258,-50.299,-7.9556,23.11,-17.552,-69.857,-43.197,38.763,38.715,-24.669,-10.315,23.598,-9.8501,-14.125,15.067,1.649,13.07,53.663,40.242,23.737,18.931,-18.167,-8.1835,21.034,-32.747,-51.029,7.3368,14.361,5.8495,0.95834,-50.383,-46.777,-7.7018,-23.954,9.7035,40.755,-31.869,-32.615,25.709,9.1568,42.705,72.779,-27.349,-56.9,18.361,42.684,47.136,16.808,-23.168,24.97,1.4341,-74.135,21.934,61.136,-76.829,-60.766,32.678,-33.846,-46.543,39.887,19.237,-20.391,14.45,5.0044,-35.351,-7.0574,36.82,25.288,10.295,12.872,-21.334,-38.877,16.081,44.052,24.258,25.092,6.6702,-19.839,-2.0622,-7.9697,-21.748,12.07,-4.4936,-49.381,-6.7439,16.626,-36.815,-21.46,46.833,39.5,-7.2055,-20.282,-6.9149,9.3912,2.7288,-8.789,1.4529,-17.24,-41.563,13.471,49.372,-0.74218,7.4411,48.999,-0.99464,-25.188,13.519,-1.004,-5.432,19.304,-9.8947,-13.527,11.266,-14.094,-14.04,-16.463,-60.309,-6.6792,58.636,2.6114,-10.688,28.207,-0.95245,-18.467,-17.919,-15.572,43.995,33.008,-41.527,4.0362,35.556,-38.162,-25.577,30.373,13.63,13.316,18.663,-7.536,-3.8594,5.9873,4.7376,13.103,-0.53522,-8.6108,9.1149,-0.34109,-27.738,-50.428,-55.089,-9.7167,19.81,-12.368,-25.397,-1.5084,30.11,70.688,67.908,9.4273,-31.171,-21.459,19.293,38.984,9.9306,-16.973,-22.114,-18.4,-3.4189,-12.318,-21.939,11.515,11.067,-19.239,1.5252,12.263,-1.7512,8.3588,-14.836,-35.36,0.58132,-12.246,-38.698,15.366,38.889,13.373,21.12,1.456,-29.112,19.157,56.78,10.097,-20.048,15.625,17.034,-38.967,-16.742,55.513,5.6884,-58.796,-0.065118,19.689,-33.769,-31.979,-21.216,-10.306,31.043,1.3467,-44.775,2.0318,27.809,3.9725,18.602,26.42,10.578,10.307,-1.5845,-11.568,-1.7347,-5.3191,-8.2255,5.1302,18.802,16.882,-14.249,-16.843,25.21,6.1123,-38.316,0.92973,30.511,-10.209,-22.947,1.0562,3.41,-14.205,-20.398,7.9338,32.766,12.268,-24.118,-49.467,-34.686,23.955,41.475,10.593,-0.25553,-1.7076,14.958,38.361,-2.535,-25.776,21.812,9.547,-41.18,-32.909,-15.746,12.669,42.771,-0.96276,-26.387,27.388,50.78,25.501,-12.562,-35.195,7.8967,27.976,-34.77,-52.732,-13.138,-3.4817,-15.455,-32.809,-22.139,14.196,5.7685,12.743,52.249,11.91,-15.039,33.301,-0.18086,-49.881,-0.059459,17.477,3.2291,35.264,27.45,-9.9904,-4.7345,23.606,66.815,55.91,-30.767,-41.468,9.889,-16.625,-56.429,-46.107,-42.57,-44.015,-41.319,-36.896,-11.358,-4.0815,-26.161,-10.835,39.985,61.028,41.862,40.577,77.053,76.115,35.244,39.256,45.253,-0.14612,-17.773,-13.689,-50.813,-62.971,-31.68,-40.346,-63.968,-44.986,-33.757,-39.032,-2.2564,31.318,8.4304,4.8458,36.789,28.731,4.8892,0.29048,-4.7807,20.447,42.29,-0.6954,-9.5544,49.24,57.185,15.894,-15.078,-34.377,-16.425,11.323,3.8638,-1.2336,-7.5083,-20.24,-4.7442,-14.633,-49.421,-24.518,11.127,8.3918,-0.80998,-36.412,-43.721,25.289,32.74,-29.333,-11.687,35.435,22.044,18.715,45.992,38.374,-15.078,-45.443,6.5117,53.233,0.22937,-36.53,22.699,45.568,-1.1711,-9.3322,-10.127,-57.349,-53.544,5.4747,5.5423,-10.569,15.902,-5.1881,-46.411,-5.1799,31.798,4.2307,-1.8384,7.4807,-3.4777,15.313,36.882,0.79677,-21.569,19.94,21.325,-41.01,-26.276,44.081,19.537,-18.111,26.303,31.449,-9.5321,-12.415,-14.591,-8.0711,-1.68,-40.05,-16.582,34.226,-20.558,-21.877,43.176,-14.839,-30.775,47.438,-14.509,-58.548,35.562,15.138,-31.954,39.119,3.9825,-69.723,25.815,84.031,8.7848,-14.496,9.3696,6.8546,15.648,15.32,-19.915,-33.965,-11.295,-0.34999,-7.3842,-9.0214,-12.305,4.6406,38.304,-1.7492,-59.053,-4.046,34.542,-24.935,-21.124,14.175,-30.667,-26.685,47.408,49.847,9.4435,11.077,33.295,23.858,-24.313,-30.725,11.616,-2.7004,-32.587,-1.002,12.168,-4.8094,-1.603,-16.438,-25.812,11.955,30.698,13.478,1.1318,-12.695,-19.089,0.82072,16.967,-3.3785,-32.502,-17.306,7.6707,-9.051,-6.6242,32.061,38.206,22.403,3.1566,-15.732,11.162,19.006,-45.483,-54.06,9.4574,24.991,-2.6771,-26.117,-6.706,57.919,43.127,-26.933,8.5243,45.765,-26.416,-58.626,-11.834,15.613,16.288,-0.87354,-12.85,-4.3124,-20.715,-30.126,-3.8875,-1.8017,7.181,31.412,-16.964,-64.188,-13.177,45.461,53.716,31.707,-10.65,-8.003,46.401,46.293,-7.8664,-8.9103,30.216,1.7977,-52.078,-3.92,55.207,-4.5096,-51.682,-11.993,-21.059,-73.517,-60.747,-8.4388,15.199,-10.344,-43.861,-25.184,14.673,35.23,47.929,44.437,39.598,28.545,-11.435,15.719,94.096,47.23,-32.006,20.328,55.845,2.4066,-12.537,-16.693,-64.832,-69.564,-22.546,-21.178,-60.987,-55.84,-37.776,-64.059,-40.807,24.363,-1.1026,-25.016,31.439,32.505,15.701,73.044,99.332,85.2,76.466,47.033,52.938,56.879,-0.62629,17.588,39.648,-98.795,-175.97,-91.974,-66.286,-79.413,-32.301,-10.943,-26.159,-33.511,-23.097,21.13,51.85,52.127,63.405,67.056,61.592,40.585,-18.563,-29.682,12.751,11.997,12.794,23.053,-12.541,-12.264,10.665,-14.843,0.96563,26.035,-25.922,-48.305,-35.358,-45.328,-17.264,-7.0147,-30.589,29.936,56.435,-33.058,-32.476,42.318,17.841,-14.542,10.274,-3.6853,-19.022,28.266,50.395,0.56242,-28.5,11.805,40.565,9.3084,-18.338,0.88021,27.565,13.406,-25.241,-21.253,20.383,21.469,-23.19,-61.131,-63.648,-16.782,34.757,14.733,-44.754,-44.532,15.77,44.302,17.995,5.8749,15.789,17.778,45.1,62.181,-1.0681,-46.32,1.765,27.699,-17.402,-37.504,-2.6018,11.362,-24.913,-30.728,12.453,13.117,-15.25,-18.919,-37.953,-28.118,32.202,13.448,-26.995,37.352,54.081,-19.105,-1.9802,45.845,5.7773,-11.488,12.964,-10.59,-20.766,18.231,12.225,-27.341,-18.657,-5.0578,-17.463,12.102,41.953,-3.4765,-30.654,2.3829,9.4328,0.34416,-13.539,-50.791,-22.918,39.82,19.492,2.9804,8.8195,-51.613,-34.193,74.482,42.237,-36.767,12.22,42.432,17.685,18.773,-22.567,-47.5,11.046,3.4118,-36.977,21.155,39.419,-21.564,-9.6286,21.125,-18.404,-47.908,-32.691,5.4838,35.363,8.1299,-13.852,18.337,15.974,-9.9832,11.379,24.128,9.8457,-10.683,-63.681,-71.675,0.79222,14.174,-23.26,13.217,54.92,23.769,5.7878,45.786,72.307,39.021,2.8772,7.7132,-3.1871,-29.84,-19.397,-23.811,-50.6,-28.282,-0.71699,-9.3394,-19.625,-36.89,-28.742,1.8331,-34.599,-52,31.998,47.929,-30.183,-35.588,17.24,50.912,70.071,61,38.982,30.893,30.688,36.437,12.376,-20.977,1.4533,3.6939,-31.29,-1.0877,8.5366,-54.535,-46.162,-12.794,-50.313,-36.614,24.756,1.1667,-64.684,-85.164,-56.342,-11.14,-7.4368,-31.786,-12.245,40.591,60.119,35.416,38.669,105.69,149.77,128.83,102.8,86.565,65.706,23.411,-56.119,-108.78,-115.07,-143.48,-158.1,-111.62,-66.726,-56.215,-58.519,-28.997,29.633,23.465,4.5943,70.099,81.671,25.74,52.618,65.122,23.983,58.564,69.551,11.928,22.498,38.618,6.5678,1.8125,-18.23,-44.669,-24.367,-25.053,-32.684,-23.016,-46.576,-31.105,14.711,-29.415,-60.411,8.406,39.802,-7.1057,-48.613,-51.876,-24.639,4.7458,16.761,12.632,23.55,69.615,59.078,-12.535,0.76803,48.367,29.974,30.907,35.472,21.576,57.293,27.003,-62.77,-32.722,-5.682,-54.147,-30.199,-22.06,-60.619,-23.242,-24.369,-69.503,-29.028,-8.5329,-6.1817,49.004,29.046,-8.1662,37.912,43.035,31.114,38.251,-14.266,-10.599,46.874,-0.33313,-22.45,40.829,27.513,-10.432,-1.0395,-10.778,-11.089,5.8059,-0.0144,-8.7888,-25.857,-23.136,4.8643,-22.593,-30.859,27.187,-18.794,-105.69,-35.201,46.96,13.486,9.8139,50.915,40.334,21.444,14.739,-22.285,-23.02,41.531,43.421,-26.569,-32.009,2.348,-12.954,-15.914,22.362,31.312,11.632,10.575,22.516,1.7105,-47.366,-42.309,14.647,27.618,-1.5895,-23.651,-38.749,-42.153,-35.717,-10.164,34.302,31.194,-1.2567,9.5616,21.133,20.106,12.422,-43.894,-36.923,66.857,63.157,-13.504,-2.1776,3.6005,-16.052,9.842,-1.4206,-32.831,-2.8677,28.261,31.8,5.7335,-45.174,-37.747,-2.8088,-7.7355,0.68209,-5.7855,-34.39,-0.59817,12.045,-24.202,15.358,46.262,0.61173,3.7783,16.743,-14.444,4.6705,16.106,-33.369,-21.104,32.797,27.609,13.191,14.469,3.5632,10.088,6.0564,-38.017,-26.528,32.259,1.1849,-52.159,-1.6262,27.636,-33.772,-46.561,-1.7104,14.977,16.2,8.0953,0.61321,16.689,7.5575,-18.34,0.68201,29.784,26.614,-3.6184,-29.321,1.485,32.138,-4.5883,-22.729,8.3623,25.158,14.027,-38.011,-59.848,18.776,43.875,-16.742,0.078836,14.874,-37.488,-1.3143,45.398,-26.272,-41.61,39.029,26.415,-44.881,-21.821,23.823,-9.0611,-20.145,28.613,26.673,14.299,39.094,-8.7715,-52.667,11.902,19.695,-32.222,0.34236,20.949,-9.6722,-7.0843,-8.9854,3.2774,34.794,0.010487,-21.391,-5.7435,-42.546,-22.056,45.588,4.5088,-17.943,28.738,2.0021,-4.4513,34.614,-19.767,-47.554,21.522,26.299,-7.5033,13.938,27.575,4.2582,-30.331,-42.017,-3.6816,17.74,-5.2155,0.75505,21.93,4.6545,-20.407,-20.06,4.9618,29.921,14.556,-22.914,-29.767,-10.06,6.0911,14.208,11.791,0.70118,8.4358,31.98,28.013,5.2394,-8.9631,-24.732,-13.462,16.873,-17.98,-60.653,-9.9515,36.618,7.8395,-22.645,-30.646,-8.3516,31.091,3.201,-29.045,37.796,65.34,-6.2669,-5.981,33.972,-26.751,-51.794,32.268,32.99,-40.616,-16.161,35.822,20.833,-5.3528,-36.614,-34.626,27.738,17.901,-34.92,3.9544,14.896,-30.368,12.817,41.745,-24.656,-41.015,2.0589,21.324,-0.89164,-43.853,-10.518,53.895,14.45,-11.76,24.107,1.787,12.664,52.913,-21.958,-45.006,45.162,22.634,-52.104,-26.878,12.211,15.546,-9.0806,-34.341,-2.3078,15.008,-5.2963,14.861,5.3907,-32.459,5.0778,20.84,-25.558,-19.746,2.5673,-5.0828,0.12415,4.5146,5.9444,2.6554,-5.7224,24.942,19.884,-45.07,-6.5465,76.006,38.194,-4.0753,7.3759,-3.1997,25.887,50.743,-37.253,-86.69,-12.262,20.713,-24.654,-39.715,-9.244,14.83,-6.1488,-40.91,-13.713,20.597,-24.086,-30.931,49.155,32.274,-49.867,1.057,65.674,18.535,10.637,41.731,11.228,-3.8048,6.5152,2.8477,29.325,29.857,-14.393,-8.591,4.8891,-12.631,-5.4478,-8.7366,-21.535,-8.8068,-31.444,-63.27,-52.684,-46.957,-23.335,10.802,-8.9624,-9.6129,19.134,-0.13432,1.7276,41.319,43.467,43.192,51.542,49.69,58.869,36.386,12.711,52.736,48.863,-14.467,-21.585,-16.583,-44.38,-66.528,-100.77,-105.85,-53.68,-35.856,-45.9,-28.506,-22.36,-11.254,41.634,74.607,47.397,16.42,37.836,63.434,43.91,47.538,68.31,25.3,-10.387,-0.039264,-14.089,-8.0584,12.001,-32.736,-41.123,6.2466,-33.049,-79.062,-15.004,25.227,-34.454,-75.154,-30.691,20.241,9.1077,-5.1969,13.972,9.6541,8.7936,45.629,40.714,2.3283,9.1451,24.54,10.324,-8.8749,-24.241,-5.575,50.868,60.333,5.4184,-21.597,-5.5966,-11.922,-27.219,-16.483,-12.936,-14.193,-5.9459,-22.544,-23.147,14.951,0.014032,-30.424,7.5169,16.915,-18.483,-6.3106,5.1974,-7.6998,2.6917,2.5214,9.8456,48.184,30.927,-19.37,-7.2589,23.705,12.961,-8.6852,9.056,38.823,-3.5161,-55.076,-10.539,21.807,-17.417,-5.6502,42.762,18.869,-56.865,-82.486,-0.67899,67.129,0.53192,-44.971,17.843,22.447,-22.843,5.377,15.982,-47.918,-55.324,19.782,47.419,11.863,14.417,27.783,2.343,17.221,35.624,-12.967,-8.9658,35.075,-1.4689,-26.805,-2.6953,3.621,11.297,-32.311,-78.526,5.2438,27.975,-58.162,-4.7965,43.928,-35.281,2.1436,54.306,-27.103,-15.487,53.051,27.989,15.086,-4.4072,-30.219,20.733,5.66,-50.118,14.473,34.753,-28.308,-5.6826,3.1948,-47.885,-13.349,55.131,41.562,-19.975,-26.834,41.977,37.771,-45.568,-29.121,19.683,-1.8783,3.552,-3.6202,-48.115,-15.194,16.395,-9.1448,4.0777,1.9881,-21.917,22.602,52.046,26.156,7.8009,-10.395,0.37067,7.7736,-50.061,-42.904,20.819,-14.366,-31.715,37.505,42.721,5.8877,-8.2748,-13.042,35.969,50.355,-28.621,-29.509,14.485,-33.037,-24.216,52.338,6.7445,-64.63,-21.498,17.861,-6.2053,-24.824,-22.116,5.319,41.009,29.452,1.6059,19.17,33.186,4.8485,-13.042,-11.031,-11.863,3.2205,14.194,-6.8669,-19.362,-7.6973,-0.86588,-7.4429,-16.014,-5.1981,-1.7429,-29.076,-2.0182,63.031,25.898,-39.158,-3.8047,37.068,21.825,-0.37678,-10.568,9.1007,9.5499,-36.531,-25.356,11.632,-6.2816,4.2519,-0.060012,-68.066,-31.046,56.748,21.385,-11.242,14.42,-1.2345,1.3578,31.802,19.363,5.8671,-3.8183,-18.54,-4.8637,-3.941,0.039809,35.939,11.353,-30.558,8.4432,19.974,-26.216,-19.096,8.0777,-9.0772,-25.885,-16.677,-6.6908,-4.7958,3.4341,-1.7527,-26.673,-6.3791,28.511,11.058,24.106,45.662,-11.86,-17.846,22.186,-23.426,-12.887,50.984,-6.3929,-15.355,67.386,15.077,-41.073,19.073,4.3921,-40.007,-2.6694,6.1548,-19.211,-38.427,-57.192,-15.496,20.381,-24.188,-37.288,-10.737,1.7024,49.953,72.704,19.567,-2.9924,11.206,11.644,23.088,23.846,4.445,-1.0511,-6.5089,-3.3656,5.9415,-25.059,-41.845,3.9545,24.158,-4.5298,-7.5498,2.5105,-22.355,-38.002,-5.1813,11.329,-18.545,-14.546,25.283,13.115,-23.016,-7.6672,14.845,-11.819,-33.381,4.6634,38.862,24.366,32.543,47.948,0.93103,-13.316,28.515,5.152,-18.459,14.116,-17.475,-45.356,15.999,14.274,-31.259,1.8981,4.0873,-34.24,-1.1645,21.73,-2.2295,-4.1071,-27.167,-49.237,-10.351,-2.1186,-28.073,-6.9365,4.3803,0.28893,39.998,53.261,23.175,24.706,29.664,15.958,13.739,2.2908,0.63586,24.577,15.19,3.61,24.144,0.79216,-32.196,-20.502,-53.775,-94.034,-49.608,-31.213,-56.843,-20.969,7.1842,-0.059566,38.195,48.715,15.114,47.05,72.045,24.782,16.6,38.012,10.372,-9.702,5.9837,6.2925,-14.359,-20.06,4.3136,0.54604,-58.205,-64.436,0.035364,14.333,-10.308,-1.7359,6.5745,2.6406,-5.3708,-25.43,-7.1619,31.325,7.3226,-28.61,-23.137,-14.282,15.178,44.745,19.104,23.613,62.893,7.6984,-54.714,1.0048,40.943,-6.1619,-33.155,-18.786,8.5684,34.98,11.502,-35.19,-37.115,-20.213,-16.639,-13.447,2.8481,28.069,11.447,-25.498,12.949,48.759,-4.9249,-20.542,11.728,-14.014,-18.906,7.6017,-22.697,-9.2986,52.03,15.232,-29.057,9.2764,13.396,-13.817,-5.2974,6.3945,25.08,33.49,-0.86416,-20.787,-35.187,-55.166,7.0037,68.559,9.7436,-30.498,8.9253,3.9855,-9.3064,27.103,8.6572,-57.611,-46.906,15.735,31.923,8.3401,-12.952,-18.553,4.552,24.058,-0.34607,-8.9233,23.104,12.423,-19.676,-1.4755,11.973,3.447,8.9341,-9.3958,-18.963,23.788,29.903,1.7024,3.9808,-17.924,-35.525,7.6406,7.0135,-29.238,1.2379,19.173,-12.953,-11.634,-2.7056,-9.6191,3.7817,8.3553,-0.21097,-4.5646,-10.872,25.592,55.1,-18.505,-59.157,19.159,44.044,-9.7336,-25.67,-20.682,11.3,63.055,16.965,-52.793,-7.9371,20.206,-27.378,-3.0247,47.669,2.2575,-47.251,-22.313,16.789,20.797,-14.199,-31.067,14.777,33.896,-12.604,-24.987,-8.2645,-16.225,8.8934,33.113,-20.243,-31.43,44.869,53.309,-0.84468,-10.141,-10.463,-7.9691,15.826,-8.3069,-30.395,20.311,23.975,-36.441,-35.428,4.2132,33.762,45.592,-12.434,-41.721,43.13,49.912,-52.971,-47.177,23.666,3.77,-34.291,-21,-1.3029,-13.549,-38.951,-0.10772,55.133,3.418,-37.574,41.181,80.033,29.233,-2.6042,-14.187,-6.4884,17.05,0.14513,-10.378,6.6418,-16.165,-32.239,-14.522,-16.253,-2.7804,6.5121,-26.234,-9.5647,16.273,-17.426,9.4735,34.332,-46.759,-30.23,60.125,-6.0011,-50.001,54.05,68.664,5.1272,10.03,-0.47706,-27.787,-20.085,-32.225,-0.27983,77.82,31.505,-62.85,-25.38,26.69,-10.592,-22.505,10.347,-1.821,-29.885,-15.427,-4.1024,-6.6066,26.01,36.086,-15.884,-21.427,22.743,20.036,7.4933,0.27799,-35.488,-17.155,35.572,7.4633,-26.277,-4.6794,-1.3413,-1.4706,12.302,11.114,15.489,-4.8957,-30.391,27.214,59.495,-5.0954,-17.768,8.8596,-23.469,-40.55,-20.36,1.2907,23.566,-2.2906,-20.84,26.211,7.6615,-43.526,10.186,36.49,-13.676,-6.905,-8.0162,-44.79,0.5484,38.435,-11.74,-7.46,59.688,46.069,-37.971,-63.915,8.8625,72.163,27.408,-38.264,-12.516,29.654,6.041,-6.5818,20.479,7.3794,-21.714,-14.423,-18.162,-21.281,-7.9929,-32.774,-33.386,2.9801,-30.944,-31.819,37.263,-2.4814,-13.364,100.5,42.646,-76.558,32.536,88.518,-17.279,-6.2517,36.533,0.21331,8.8848,-12.819,-61.598,10.069,47.5,-45.443,-64.631,8.3611,22.439,-12.168,-15.803,6.3011,10.368,7.5244,12.181,-11.41,-29.765,-3.9026,3.2557,-6.0434,0.025723,-19.25,-25.376,1.5313,-6.5441,1.4287,46.518,35.219,10.16,17.433,4.0301,7.4314,29.799,19.039,32.298,51.614,4.2029,-35.874,-28.938,-16.474,-3.1797,-18.76,-38.519,-11.226,-21.299,-74.248,-59.087,-24.915,-43.432,-51.668,-16.307,36.601,54.818,15.359,5.8246,53.731,86.337,104.9,95.205,42.733,49.857,84.049,18.352,-48.173,-41.97,-67.501,-95.432,-76.155,-95.656,-110.63,-49.104,-18.1,-30.337,10.183,42.65,15.04,14.681,49.236,51.364,24.276,5.484,27.784,67.022,44.622,5.6168,38.509,43.73,-37.785,-55.601,5.828,-2.3117,-43.193,-10.692,14.406,-21.846,-24.358,6.9443,-8.215,-20.145,7.5032,-14.779,-60.281,-18.462,40.277,20.383,-19.4,-34.413,-20.375,30.618,41.971,-9.4571,-10.742,41.165,53.418,36.262,11.877,-20.311,-14.103,10.421,0.44328,-1.913,7.1598,-19.995,-29.466,12.469,25.155,-18.922,-54.79,-27.136,40.598,47.706,-13.663,-27.762,3.0095,-8.4571,-30.174,-15.227,11.166,17.499,-23.656,-55.942,0.41525,51.841,16.47,-11.895,6.2222,30.915,48.47,27.027,3.1797,18.431,-9.2018,-34.707,30.52,23.165,-68.766,-21.378,58.765,-15.109,-68.784,-12.348,17.429,12.563,-2.7242,-48.353,-46.491,16.039,44.387,36.761,19.758,-14.653,-20.909,-1.5639,-14.487,-12.641,20.894,-2.4324,-27.331,36.694,60.329,-15.404,-35.398,20.006,41.056,25.881,-2.1669,-26.961,-5.1286,16.798,-12.792,-23.354,3.2612,-5.4228,-27.311,-6.113,3.05,-36.64,-46.611,-5.934,17.709,31.44,40.872,-3.0009,-29.25,17.736,25.34,-8.007,11.158,13.981,-27.551,-15.067,23.002,10.992,-10.05,8.1982,38.978,27.362,-3.9145,3.3811,-3.7774,-35.83,-6.6884,9.8411,-48.978,-45.52,10.834,-7.4028,-29.751,6.1879,27.098,18.2,4.7674,4.0809,29.11,26.495,-21.769,-36.597,3.0583,30.288,7.0853,-22.409,-1.9503,25.965,-0.38583,-30.91,-4.3648,42.806,38.092,-17.891,-33.67,11.508,18.027,-23.911,-25.849,9.176,18.971,-6.4512,-37.343,-40.32,-6.6948,30.715,24.436,-5.6748,10.526,32.737,-4.0246,-19.569,2.6653,-16.458,-18.305,17.909,7.2421,3.0916,28.701,4.6252,-8.47,17.03,2.2885,-11.169,-10.239,-37.472,-21.405,20.402,6.485,1.3606,16.947,5.3473,7.1111,5.1496,-13.741,7.8957,12.701,-26.521,-14.309,18.181,1.7558,-19.341,-29.293,-22.855,16.499,29.988,6.0535,8.8461,20.043,-4.6982,-21.175,8.3547,27.978,3.5669,-2.4713,7.9347,-23.924,-29.485,16.324,4.6851,-22.931,6.3685,-7.7111,-35.622,30.853,63.597,-4.0696,-24.174,10.773,9.5894,-2.1371,-8.6515,-27.764,-28.082,-2.7677,20.074,19.971,-10.084,-24.361,5.0098,20.719,9.806,10.297,-0.6895,-23.953,-16.61,2.8733,18.069,35.872,16.974,-26.911,-26.826,6.0136,19.722,0.42616,-22.879,-3.1344,21.497,-3.6694,-19.183,-6.0451,-5.9198,9.9864,17.514,-13.921,-0.26163,36.618,14.974,-14.274,-31.693,-25.202,36.632,28.681,-52.146,-34.748,9.6604,-1.3359,20.216,9.6058,-29.363,19.212,21.864,-35.096,18.534,46.603,-18.358,4.2537,32.632,-24.108,-26.511,5.1987,2.8309,12.784,7.4113,-7.3995,8.6357,10.379,8.8824,8.8012,-25.534,-26.377,-1.037,-19.63,-10.312,11.702,-39.416,-58.231,0.42437,20.011,-5.3583,-12.591,10.947,44.828,40.935,16.658,29.372,55.485,54.92,15.78,-36.883,-31.849,9.1007,5.7438,-15.25,-18.685,-27.334,-44.498,-49.723,-13.677,12.073,-39.176,-43.856,40.669,32.05,-30.336,6.2558,30.559,-11.764,-18.635,-5.2661,13.792,46.937,35.757,13.038,26.901,36.6,42.76,40.506,15.317,3.0289,-15.138,-33.62,-18.893,-45.481,-76.6,-22.55,-15.587,-61.938,-20.384,-6.724,-58.228,-11.624,47.939,22.592,20.025,32.451,31.823,54.099,35.43,3.9667,36.888,41.486,4.6393,-1.7799,-25.349,-37.696,15.78,26.935,-17.774,-19.835,-23.036,-66.616,-63.104,-0.46409,27.874,2.3425,-9.2579,2.5836,2.4953,8.4597,10.6,-14.494,2.3777,49.686,21.066,-24.89,-3.9225,10.588,-2.1891,-4.2892,-15.92,-6.5322,34.584,30.604,10.1,26.697,7.1407,-36.169,-9.9837,23.325,-4.4295,-22.967,-12.542,-13.019,-14.627,-21.518,-23.071,11.312,15.343,-22.785,0.5752,32.076,-13.719,-29.105,4.1803,2.04,12.481,23.882,-11.727,11.669,67.113,21.578,-27.775,1.2797,17.397,4.7309,-12.382,-25.927,-0.29431,12.611,-26.438,-39.325,-14.916,4.6949,6.3826,-29.263,-29.326,52.059,71.725,2.2852,-11.849,12.375,-12.043,-38.338,-24.203,-4.1737,-2.4071,-1.9406,7.6922,8.51,10.07,17.992,5.9167,3.8153,16.908,-5.5683,-5.0256,36.096,5.612,-44.349,-11.077,18.627,4.3099,-8.5765,-22.81,-6.5387,16.681,-20.445,-29.699,23.551,23.73,-16.275,-22.637,-6.6332,20.451,17.249,-22.737,-9.3695,34.489,22.839,6.8095,26.272,24.867,-21.079,-68.762,-46.281,30.112,37.552,-20.657,-17.181,35.94,30.673,-21.081,-30.818,0.84262,5.4445,-10.656,2.414,21.439,13.69,1.211,-2.1523,-5.5968,-13.62,-11.539,15.675,26.459,-11.509,-39.225,-21.133,4.2769,20.741,22.697,-2.9063,-19.588,8.6915,34.294,-3.8906,-57.171,-32.726,33.549,41.684,5.3557,-6.8031,7.2489,11.263,0.12081,7.6573,25.777,3.7176,-32.999,-34.09,-15.625,13.71,30.797,-6.1265,-39.455,-22.263,-9.1655,-0.62446,24.133,17.196,-15.664,-21.329,-3.5157,14.498,29.475,38.496,20.778,-15.049,-7.4825,21.382,-0.16653,-13.882,11.923,-2.8996,-32.126,-17.491,1.7853,9.9421,-4.4572,-39.272,-24.273,16.38,16.846,12.947,2.2837,-23.183,-11.707,6.2379,11.22,32.805,23.919,5.971,26.707,4.9523,-35.622,-10.461,3.9659,-10.15,2.707,2.3462,-10.012,-14.509,-24.806,1.2226,18.422,-22.904,-7.6018,39.396,4.4212,-7.1869,31.631,5.7417,-27.206,-13.921,-10.245,1.4921,7.1233,-21.896,-0.82014,51.074,18.072,-28.553,13.534,35.26,-28.909,-38.726,23.919,18.16,-9.8502,18.42,-4.6817,-53.054,-15.136,12.184,-5.2332,11.508,2.8747,-26.921,-2.1729,3.6088,-12.363,25.092,40.162,-1.5747,-18.955,3.114,33.18,25.903,-21.748,-28.395,6.6659,22.607,16.818,-16.351,-33.976,4.6332,14.645,-2.9775,5.8808,-24.184,-28.43,46.977,9.4209,-85.533,-15.629,43.907,-30.753,-30.432,33.812,21.431,2.85,14.689,12.743,6.9576,-3.3116,3.3202,40.164,44.03,10.997,-14.567,-29.56,-16.97,5.0575,2.2915,8.9095,-5.1262,-59.261,-27.215,53.875,9.8743,-56.822,-9.5279,20.059,-25.879,-44.339,-24.216,4.0278,29.149,21.027,-3.8749,-12.759,5.8474,56.436,69.295,16.938,6.3894,33.175,6.8484,-10.775,18.805,17.84,-14.665,-38.468,-30.026,6.1407,-23.234,-83.295,-28.359,21.346,-45.799,-40.001,35.567,-4.3695,-54.133,-4.3949,34.479,35.327,19.932,-4.9009,33.052,71.232,14.951,-0.50705,60.649,42.22,-9.5757,9.9658,16.181,-11.515,-13.605,-18.198,-18.158,0.33173,-24.964,-55.488,-33.55,-44.439,-81.764,-44.146,6.9401,2.4818,-5.212,-11.083,-7.3002,35.103,40.44,2.0493,25.171,75.633,75.632,65.546,62.479,53.24,50.171,26.906,-20.242,-50.543,-64.189,-71.35,-82.035,-96.117,-58.526,3.1318,-13.979,-48.199,-1.3513,35.082,0.60248,-6.0214,33.188,24.934,-9.9436,22.467,66.941,38.174,20.024,55.041,50.585,23.7,20.217,-24.333,-60.975,-10.284,3.8844,-56.659,-40.084,26.722,5.6872,-36.168,-12.197,-8.2068,-43.17,-19.335,18.195,-21.05,-34.392,30.169,33.076,-15.43,16.28,54.76,17.381,5.0655,31.732,12.032,-15.457,-2.7423,3.7987,-6.5678,-13.098,-11.821,17.434,39.213,-4.5958,-39.107,-3.2501,10.183,-18.023,-11.395,-7.2845,-33.804,-15.408,22.288,-1.9599,-25.377,13.161,17.241,-40.346,-10.858,82.132,37.449,-52.311,-2.2035,35.716,-4.4318,12.571,0.36131,-42.01,30.342,43.921,-46.765,-18.082,1.1003,-46.762,51.611,90.212,-44.155,-33.409,18.649,-55.007,-11.933,49.576,-29.159,-17.042,14.538,-56.559,-1.2125,75.064,-9.9179,-19.637,49.434,1.579,-45.307,-3.5236,30.303,9.2455,-32.995,-5.7797,32.893,-26.542,-24.041,57.309,15.087,-11.269,68.185,16.464,-74.471,-11.064,18.263,-39.337,-21.052,19.583,-17.178,-57.545,-3.712,72.954,19.671,-57.163,0.9323,37.872,-10.397,-7.1787,5.9635,15.287,55.278,2.7977,-55.341,11.285,7.9968,-50.396,3.3026,23.554,18.153,80.157,2.3868,-107.52,3.3831,59.514,-39.838,-20.672,23.51,-24.95,-21.464,-19.311,-42.661,24.163,60.08,5.7558,1.0157,9.0553,-13.664,8.2397,20.997,-14.057,-15.989,11.52,18.253,11.6,3.4555,-12.339,-22.981,8.8631,30.402,-29.98,-44.05,32.111,5.1293,-63.833,7.2814,55.603,-0.72721,9.3215,42.764,-8.3981,-51.088,-19.672,32.815,17.129,-43.04,-5.0682,47.931,-34.442,-69.656,26.64,45.913,-7.7301,-1.0759,24.876,12.184,-34.361,-37.58,49.31,71.644,-11.064,-23.446,12.417,-3.7313,-17.85,-22.967,-13.422,27.466,3.0394,-55.349,-31.032,11.472,23.432,23.788,-4.4127,-2.1201,19.331,-14.711,-4.6453,40.644,-8.3253,-31.735,13.369,-19.614,-34.815,37.432,35.21,-12.699,-0.035168,8.0751,1.7984,11.091,10.219,10.236,-1.8942,-27.939,-18.496,-17.7,-34.889,9.2814,36.246,-15.211,-13.515,34.998,15.702,-9.2904,10.47,15.912,13.521,3.4556,-35.392,-33.159,9.9232,0.82841,-21.294,-3.3341,-12.797,-25.189,23.685,40.44,-6.8593,-8.4241,22.9,14.909,9.2238,16.76,-4.0038,-14.888,10.417,16.779,-7.7955,-14.166,2.9232,6.8304,-8.1196,-20.935,-17.914,0.92043,9.3341,0.32515,9.6488,6.952,-46.216,-55.721,-2.4481,-5.5605,-22.229,25.699,31.389,3.6252,45.83,58.394,5.836,6.5451,8.3943,-30.117,-4.4334,23.337,-19.097,-11.702,26.945,-4.5621,-23.433,-2.3337,-2.5283,10.104,2.8759,-43.99,-4.7423,49.315,-22.05,-47.91,22.535,-16.131,-78.899,-11.015,20.665,-36.538,-29.632,15.006,25.728,43.473,55.911,46.984,52.278,42.308,-4.5611,-18.1,25.263,49.167,17.143,-13.941,-12.747,-18.578,-36.692,-34.095,-33.935,-56.996,-49.068,-18.567,-53.18,-88.278,-13.727,36.4,-22.521,-15.757,48.562,25.339,28.791,91.652,57.716,22.193,78.926,74.016,24.617,50.409,74.026,37.763,-22.151,-79.786,-100.91,-104.18,-99.244,-53.906,-42.379,-83.251,-54.583,15.288,17.874,3.8217,42.13,71.826,11.833,-35.739,60.391,119.38,21.909,4.7171,67.474,12.555,-25.637,21.129,3.7876,-16.842,-0.84099,-37.951,-48.57,-1.4383,-6.1252,-38.671,-14.507,41.433,18.546,-77.96,-66.185,19.511,5.5664,2.605,34,-30.604,-25.759,66.793,12.707,-48.286,21.027,33.677,-3.2846,5.5256,19.723,37.715,0.072441,-58.933,17.803,74.807,-2.7469,6.9229,55.948,-26.115,-72.632,-19.113,2.1203,1.316,1.8278,-14.202,-11.743,-1.0332,-23.11,-58.596,-33.597,49.591,41.521,-55.569,-43.59,40.711,31.094,-9.0489,1.0787,12.755,16.547,30.732,34.169,18.332,19.321,32.338,-3.5623,-29.049,19.305,14.414,-36.198,5.1809,24.477,-37.924,-34.071,-8.8451,-26.954,-15.292,-24.636,-55.814,-24.197,-1.8709,-2.7098,26.219,13.848,-19.216,1.5123,37.38,69.097,52.58,-18.658,-14.302,31.628,19.199,28.437,28.88,-26.845,-4.2635,48.732,3.9564,-43.656,-41.102,-20.464,11.969,-6.7822,-52.512,-51.367,-47.139,-32.651,-12.596,-48.389,-22.527,77.279,52.536,-12.591,38.96,72.225,37.799,16.549,-4.1053,11.246,54.315,18.657,-33.782,-20.668,-12.401,-5.3732,21.276,-5.7865,-39.977,2.0456,21.333,-41.89,-67.151,-16.687,-0.056575,-28.921,-18.933,0.88509,-25.05,-18.977,44.414,49.449,-9.7458,-20.592,14.42,27.459,26.708,35.126,48.323,59.325,56.729,34.739,-14.473,-69.347,-61.664,-16.162,-19.391,-31.687,-20.052,-32.262,-26.465,-2.6708,-15.187,31.028,79.826,-43.226,-106.52,42.704,64.233,-53.128,-4.9022,60.965,-6.583,-3.3938,55.122,24.232,-9.8376,-2.1455,-8.781,-18.754,-14.384,14.136,33.872,-4.7673,-13.399,42.549,32.922,-11.702,15.344,24.283,-20.955,-37.43,-43.751,-48.115,-37.267,-69.682,-86.875,-22.249,17.307,34.989,88.333,72.345,21.588,31.72,5.8104,-8.2054,50.138,5.7638,-40.111,60.064,39.642,-60.884,22.694,40.563,-78.366,-34.747,22.445,-48.774,-41.854,-23.434,-47.725,31.526,61.719,-26.915,-24.635,21.411,11.763,10.19,-7.0515,-8.4665,27.803,-18.42,-59.084,18.746,59.02,35.17,35.887,0.99439,-35.577,2.4389,28.36,12.365,0.29697,-21.904,-32.082,-1.4326,23.324,10.598,-11.931,-9.329,5.6226,-4.3326,-31.853,-48.111,-30.289,13.435,16.106,-19.82,-17.283,3.8308,14.806,43.525,41.095,-5.0497,-11.584,10.36,9.076,1.618,2.2089,21.316,35.654,-2.6694,-32.182,3.9536,25.332,-5.3953,-26.079,-18.645,-17.503,-30.61,-27.921,-9.4983,2.9523,28.849,37.893,-9.1871,-16.829,22.834,-12.898,-49.878,9.43,42.576,5.1124,-18.274,-8.7842,26.705,32.248,-23.091,-24.793,30.455,27.585,6.9309,5.4773,-13.099,-2.5103,7.6423,-36.032,-25.565,30.468,6.1613,-25.78,2.9909,-2.5891,-35.279,-5.179,43.887,21.22,-20.936,15.858,43.806,-28.013,-55.248,2.7195,-2.5354,-22.251,7.0678,-22.845,-41.977,35.544,59.356,24.145,37.952,32.464,-2.5185,-8.2154,-22.728,-25.509,-9.1218,-20.465,15.253,59.567,-22.727,-70.985,22.165,35.679,-52.757,-54.543,7.7952,37.165,32.159,7.3529,-13.455,-28.798,-31.602,12.971,43.337,2.8379,-19.029,16.318,30.413,4.4413,-14.99,-8.4238,2.1562,1.1814,9.5384,21.703,11.244,-5.0786,-16.324,-21.667,-7.7249,-5.319,-22.932,-7.9979,24.606,22.707,3.6606,4.2469,20.293,8.6695,-28.249,-27.988,-22.199,-46.164,-8.0501,50.039,0.80347,-40.877,19.723,50.243,15.925,-1.1816,5.1154,20.522,25.106,3.0633,-13.789,-16.224,-4.7395,11.823,-23.518,-63.47,-4.5984,62.991,25.881,-27.62,-9.964,18.317,-3.1217,-23.17,4.6668,11.239,-26.194,-16.964,19.181,-5.5356,-31.246,1.1009,10.699,-21.256,5.9599,69.706,35.132,-36.144,-4.5388,25.91,-17.684,-9.3437,20.361,-2.2485,10.091,8.8856,-47.299,-8.7732,51.578,-5.125,-27.168,10.978,-9.5487,-4.6988,24.592,-21.147,-32.893,25.192,18.231,-37.695,-42.682,4.8258,27.059,-26.535,-42.15,41.955,53.874,-25.395,-20.796,28.623,20.594,21.943,40.913,16.91,-11.966,-0.71386,16.896,-4.4287,-39.615,-30.157,-8.755,-13.607,7.0906,22.311,-24.082,-30.435,19.597,8.9056,-10.236,14.44,-13.984,-28.49,41.077,14.873,-79.117,-9.6169,85.705,5.7041,-64.918,-9.8554,27.622,13.699,10.188,22.625,34.269,3.4908,-36.35,3.5463,39.648,-15.101,-30.192,38.344,43.182,-25.278,-38.179,10.208,26.772,1.1338,-8.322,-4.4297,-22.985,-48.144,-55.501,-36.233,-1.2269,2.6819,-16.844,-11.151,1.4251,11.693,27.243,20.797,29.102,47.824,-1.953,-16.583,65.438,57.119,-17.048,19.629,65.203,31.509,0.21294,-14.167,3.0055,12.011,-59.051,-75.995,-27.672,-79.574,-101.31,-21.726,-41.058,-75.515,-13.971,-15.676,-23.574,45.081,43.186,34.114,95.773,82.713,58.566,119.5,110.82,37.289,35.522,42.888,-0.51142,-23.024,-18.09,-58.831,-122.75,-117.32,-89.199,-105.15,-83.456,-39.101,-41.223,-3.9388,41.335,12.068,30.747,77.482,40.495,43.764,89.734,47.719,4.8915,15.262,29.431,59.174,38.104,-27.804,-18.58,-3.1032,-27.542,-2.6813,9.8574,-29.669,-46.271,-52.224,-38.156,-5.4286,-22.136,-30.715,-17.843,-47.635,-18.923,53.067,22.703,-5.762,29.589,7.6434,-18.492,13.841,32.482,46.226,54.711,19.509,-7.3305,1.428,12.308,1.3361,-18.637,8.4224,32.104,-20.642,-41.059,-9.2207,-21.359,-5.9025,27.838,-21.183,-35.256,-1.2654,-46.956,-48.362,33.268,15.397,-38.864,-3.7049,27.068,13.115,0.076364,2.848,26.159,18.753,-3.779,47.695,83.059,16.952,-23.453,-0.21353,1.9481,-9.462,-24.24,-41.589,-23.51,-8.9298,-23.33,-20.692,-27.306,-30.057,34.97,59.997,-6.3611,-5.8622,50.528,30.9,-8.2418,-10.114,-3.7935,3.6636,-35.936,-76.834,-19.204,7.0495,-35.423,25.63,70.356,-19.663,-11.783,68.826,12.169,-21.98,52.792,53.225,3.775,-1.9945,-8.2118,-2.1863,5.6577,-34.485,-57.006,-28.731,-9.9817,-21.102,-41.226,-22.911,25.669,10.939,-32.572,-4.1035,23.216,-4.1422,8.1632,54.471,46.717,18.022,26.421,33.068,5.3027,-19.805,-13.301,3.7317,-2.9224,-31.057,-31.563,1.7309,3.8991,-19.494,-14.764,-13.601,-15.483,21.202,18.134,-36.872,-17.601,27.74,-4.7475,-8.3801,48.495,38.185,-12.015,-10.711,-1.1675,-7.9798,-0.27592,-2.4662,-24.575,-18.314,19.201,24.714,-11.556,-7.9664,39.386,23.662,-26.826,4.135,41.047,2.6258,-5.5644,15.319,-28.498,-49.266,-5.8233,-20.691,-68.735,-39.458,29.419,57.172,21.178,-22.736,7.4624,52.489,28.341,-0.21156,2.0388,-2.8443,-7.1692,-13.916,-12.448,17.003,8.4838,-32.885,-20.424,5.1982,4.8766,21.197,23.125,1.7249,0.16788,-14.007,-30.068,-1.8909,5.1538,-23.021,-3.2495,30.165,0.35123,-27.639,12.892,40.971,4.3326,-8.5174,13.909,-11.114,-35.755,-2.8052,8.0957,-21.535,-19.878,13.822,22.711,-3.5994,-0.044172,28.755,-4.2285,-23.509,43.479,42.147,-35.103,-33.192,6.2258,21.615,9.9546,-49.186,-19.636,83.224,16.609,-80.719,-4.0363,38.173,3.8064,15.968,-32.018,-85.022,-8.8047,36.35,-7.4431,-13.647,12.408,27.534,10.662,-24.623,-3.4636,30.455,17.001,17.024,24.856,26.395,42.944,9.7544,-40.398,-25.64,-25.463,-51.624,-35.294,-2.2283,43.674,56.308,-19.921,-45.425,20.144,24.365,-22.9,-31.164,0.36937,29.885,-11.96,-58.913,-20.824,-10.885,-19.128,58.938,83.741,24.494,18.162,10.756,-13.063,-1.1754,-26.456,-34.732,19.28,4.7758,-19.415,26.816,17.511,-14.206,15.008,10.114,-27.943,-28.957,-9.7348,10.317,1.6846,-17.858,-10.314,-26.914,-23.655,39.957,18.519,-45.02,2.7121,27.488,-29.616,-20.132,23.73,24.774,25.806,28.52,17.038,-5.9352,-6.5051,44.782,42.668,-14.458,19.451,26.51,-78.201,-50.676,60.533,-11.376,-108.49,-48.664,4.9211,-8.8821,8.7678,39.364,25.462,-5.5746,2.2824,29.226,8.7733,-26.891,-17.059,-4.1835,-15.496,-9.728,7.4311,1.2894,-3.0793,29.378,56.737,34.294,3.6812,-8.0955,-21.218,-11.608,24.487,42.15,36.143,4.1952,-37.377,-26.478,0.62486,-22.268,-30.188,2.6039,-10.136,-66.936,-69.751,-3.5613,23.889,-23.717,-33.558,4.0813,-7.832,-20.077,15.894,27.896,26.84,45.625,60.433,95.489,114.3,66.045,39.139,38.456,-9.6657,-36.106,-28.212,-62.419,-82.485,-68.155,-99.98,-129.31,-80.281,-25.757,-30.422,-25.538,34.959,60.596,26.396,37.23,73.632,60.538,51.278,55.492,50.927,67.702,44.228,-12.397,0.70155,-16.798,-88.431,-37.993,29.288,-21.137,-22.38,8.3322,-47.124,-47.878,0.24949,-41.179,-57.021,-1.2827,-8.7938,-32.32,16.802,56.676,34.638,4.5271,4.2399,13.228,16.2,31.506,32.491,-3.5166,-5.2597,30.213,11.939,-25.297,-4.5962,14.726,-2.4546,8.1697,31.033,0.049057,-42.943,-47.436,-39.502,-6.698,35.878,-3.0026,-50.823,12.532,48.441,-28.106,-49.685,9.2145,24.399,4.2458,-6.3613,-7.434,-3.0526,-10.024,7.3401,52.601,33.729,-19.39,-10.128,25.289,41.453,18.728,-31.126,-2.6048,42.635,-38.213,-75.324,22.973,33.189,-26.234,0.42891,12.832,-8.7868,10.513,-21.43,-78.735,-35.215,23.154,17.272,3.3095,-11.556,-12.682,33.29,64.765,32.755,-1.3562,15.505,16.254,-38.384,-26.014,37.928,-22.361,-73.123,38.571,56.424,-51.722,-14.975,44.879,-5.8796,22.474,45.314,-62.583,-68.907,27.271,29.001,11.032,-4.8098,-67.115,-34.139,57.184,26.907,-32.694,-15.589,6.4527,15.248,21.31,11.42,7.0457,2.3925,-8.469,-1.3647,7.7995,2.6632,-5.6348,-6.8702,2.8514,-8.1431,-23.05,22.104,50.257,0.83396,-8.3388,15.985,-23.191,-37.394,2.9781,0.44821,0.45608,22.622,-20.938,-47.541,22.699,33.461,-60.291,-65.873,37.728,59.931,-9.2141,-23.699,15.178,38.168
4.9972,9.5209,-25.562,-24.399,16.579,12.72,-2.0896,5.1435,-2.458,-2.6392,9.8694,2.8248,-1.7498,-0.066684,-5.7832,0.57316,4.8969,-1.2004,4.1708,-0.61139,-15.345,-8.5327,-3.2716,-7.4697,-5.2407,-16.081,-17.464,11.028,13.068,-1.6348,23.467,37.166,0.81937,-17.68,6.6954,27.231,28.186,18.624,-3.3138,-22.213,-12.45,5.7109,-5.3375,-25.567,-25.027,-21.482,-25.607,-33.772,-43.529,-19.157,30.736,32.495,14.444,42.553,49.245,12.999,19.92,29.038,-15.893,-20.065,16.089,-8.4672,-39.576,-12.008,3.9885,-8.3849,-0.93978,11.616,7.0015,-2.1408,-9.252,-14.115,-11.454,-0.73119,-3.7057,-23.147,-14.317,12.061,4.973,0.32841,17.884,8.9881,0.87673,18.352,13.463,5.5399,14.755,0.84812,-3.828,16.337,-1.3347,-25.723,-6.7688,-0.40527,-18.836,-11.469,9.4622,7.5351,-5.8016,-5.0371,-5.4632,-21.645,-13.428,15.451,11.222,6.1359,24.407,7.2523,-21.669,-8.5592,0.59719,-8.4372,1.4185,16.706,20.124,8.7193,-11.556,-4.2757,19.028,11.322,-5.3373,-0.69955,2.9766,-5.8738,-11.255,-6.1407,-9.2586,-23.23,-14.011,2.1806,-12.184,-13.682,8.3787,2.3151,-1.7844,12.559,-9.4738,-18.525,36.594,59.823,28.141,24.526,17.992,-27.659,-30.172,5.8112,-8.0771,-30.728,-7.3333,-6.0666,-35.13,-21.913,10.564,13.253,10.738,13.77,9.3669,1.1551,-11.703,-15.442,3.4061,15.337,2.5264,-10.989,-6.1165,9.1964,9.5554,-4.6629,-0.051087,17.675,9.6902,-13.995,-9.1855,18.107,17.471,-1.4468,9.5576,13.264,-19.154,-17.24,17.227,9.3002,-22.884,-29.473,-6.6961,14.236,-11.166,-33.056,1.0715,6.9134,-21.738,-8.9245,-2.907,-4.5198,30.924,23.373,-2.3786,25.827,10.464,-17.85,32.571,33.952,-7.3672,27.851,23.427,-32.82,-1.8095,20.49,-29.639,-30.601,-7.8442,-27.135,-34.011,-24.432,-21.303,-10.586,1.3978,14.945,23.836,13.626,9.8929,14.392,2.9683,-4.3634,11.662,30.538,18.573,-13.169,-6.4565,13.484,-11.45,-17.931,14.305,6.6623,-10.037,7.0353,2.9528,-13,-5.1203,3.0705,10.872,9.6919,-14.031,-21.914,-10.398,1.6684,19.256,7.7059,-25.103,-18.426,-8.4226,-25.121,-12.543,10.834,-1.1458,-10.665,4.5233,25.849,37.425,21.672,3.266,15.612,23.899,4.7793,-2.315,11.326,5.9891,-17.826,-20.892,-9.0714,-6.9361,-0.80237,1.6941,-11.092,-2.7237,5.4904,-28.715,-36.048,5.4163,7.564,-19.466,-9.7938,15.284,22.924,5.4904,-19.752,-6.1822,19.047,-0.8663,-19.221,3.9998,21.108,14.187,13.282,20.529,15.789,7.812,19.586,27.061,9.4063,0.33719,-3.2205,-22.418,-21.213,-4.4242,-14.506,-31.696,-32.719,-16.218,8.1807,-2.4695,-26.768,-8.6121,8.3011,-5.6901,-17.411,-20.863,1.9593,18.392,-22.453,-13.293,56.378,25.967,-21.627,38.969,60.253,21.139,43.707,65.522,47.547,43.186,26.414,-2.2379,-29.565,-67.254,-65.873,-55.981,-91.034,-83.782,-52.759,-78.396,-63.564,-14.295,-40.831,-42.156,43.914,101.17,117.09,121.94,89.975,67.355,78.539,64.214,29.812,16.674,-3.7138,-53.14,-77.779,-52.942,-39.542,-49.586,-39.149,-37.431,-59.5,-52.73,-33.919,-35.173,-18.705,16.086,32.043,30.387,35.107,51.274,39.349,7.4066,28.661,56.728,17.918,-6.8109,8.3771,-5.0794,-16.4,-6.9784,-9.3048,-0.93521,0.52133,-16.441,0.5458,8.9014,-16.37,-0.34634,9.2398,-32.675,-27.521,6.192,-7.913,-12.679,-6.1218,-24.527,-4.5901,29,-0.84054,-18.638,11.522,1.1327,-18.446,25.578,51.73,14.516,-5.404,1.9233,1.1001,13.295,20.627,-1.4777,-7.4385,4.0817,-0.48062,-1.1533,0.10531,-11.592,-12.282,-14.211,-27.562,-14.7,7.3136,4.0681,2.5405,6.3514,-2.6344,-5.098,-3.1508,-13.815,-8.5378,20.378,22.215,-11.354,-28.006,-16.146,-1.0509,10.812,12.633,20.477,47.552,36.306,1.4518,21.78,13.595,-56.394,-27.681,45.641,-6.315,-59.109,-16.59,-2.8254,-20.461,-11.268,-9.545,-1.9872,19.084,19.479,17.316,6.1849,-18.25,-2.3501,21.687,3.8578,3.8893,24.771,1.3058,-30.479,-19.878,-7.1089,-8.7724,7.5723,20.211,3.583,-4.8737,-1.1132,1.2269,23.214,16.219,-25.964,8.3118,51.141,-15.356,-46.428,0.41462,-12.585,-18.377,21.311,-5.1333,-24.808,12.721,-0.49416,-22.944,2.0646,11.989,12.819,10.088,-1.2974,17.442,13.088,-19.909,3.2382,14.071,-18.476,2.7246,16.014,-21.551,-5.4663,28.043,9.3793,-8.3343,-21.428,-29.679,2.4671,26.065,4.9212,-17.72,-8.174,16.367,1.9491,-20.508,19.449,31.176,-27.388,-19.164,24.394,-12.054,-19.661,42.627,29.567,-30.907,-9.7637,28.355,-5.8102,-36.984,-13.413,1.1652,-5.6298,0.22016,0.14796,0.54497,10.146,-13.23,-26.85,15.4,23.707,-6.7438,20.247,61.874,46.809,7.0772,-25.727,-31.601,-15.739,-17.212,-18.573,-9.2214,-25.494,-37.595,-14.556,6.9806,16.796,14.823,-2.5176,4.7226,30.88,18.328,-11.3,4.056,42.416,35.031,-10.907,-27.257,-10.113,-2.1607,-9.0869,-25.126,-24.99,12.868,24.188,-15.133,-18.89,13.609,7.4841,-12.739,5.714,27.801,2.4416,-25.378,12.155,41.451,-6.7733,-31.935,-6.5489,-15.261,-20.815,4.27,8.9034,26.013,36.615,-17.569,-34.987,9.5357,3.5473,-12.958,9.9667,0.052779,-17.321,7.6285,19.663,4.1493,-5.4478,-3.6092,1.4146,-0.95882,11.223,28.627,-8.4128,-36.354,13.617,28.527,-17.815,-15.642,0.85367,-21.177,-17.147,14.48,24.681,5.2201,-28.13,-23.727,4.358,-11.787,-12.52,35.109,29.967,-4.9966,7.2025,5.5328,-14.05,4.6393,16.233,7.529,12.145,4.3691,-2.5846,10.765,-5.1819,-30.626,-15.524,-2.0346,-7.9492,-5.7446,-8.7971,-10.068,9.2236,13.529,-7.7493,-13.311,5.4071,18.263,7.92,-12.288,-16.063,2.5068,15.526,0.75835,-8.7087,13.488,22.552,12.785,23.132,5.6703,-43.219,-22.02,25.772,2.8301,-12.31,14.218,5.9907,-8.4946,0.75604,-11.601,-27.153,-19.89,-5.869,6.6673,-1.8991,3.2062,50.032,32.948,-39.84,-25.012,8.4118,-29.59,-19.731,32.804,14.953,-12.817,-0.059268,3.391,8.0834,26.545,36.603,26.614,-19.891,-49.111,-4.9651,26.829,3.6643,-4.297,-10.686,-29.998,-2.5019,30.033,2.8769,-23.698,-11.103,-2.2518,-8.3713,-5.8415,1.2383,-12.912,-23.101,14.565,37.587,0.46431,-0.60345,34.494,-2.1184,-44.326,-1.3122,33.727,7.2122,-16.828,-4.8599,32.841,41.639,-5.1542,-24.666,3.2593,6.0181,-4.6002,-6.9101,-22.159,-20.578,-6.1911,-7.6646,10.265,18.262,-26.687,-41.537,-0.52827,16.84,-0.92721,-9.7018,22.187,52.703,7.8034,-26.186,22.435,22.726,-23.075,-8.6083,-29.684,-81.924,-21.823,44.931,21.977,29.686,60.181,36.867,14.882,18.205,20.537,10.69,-18.644,-23.387,-3.6059,-22.918,-44.421,-31.203,-33.915,-41.506,-27.055,-15.537,-2.0681,7.5283,-9.4428,-26.919,-16.717,18.019,39.504,25.497,28.873,48.887,38.389,44.342,59.921,36.118,43.857,58.275,-0.23783,-27.804,-10.569,-32.943,-31.641,-42.36,-113.62,-84.809,-13.509,-69.022,-98.395,-51.651,-67.491,-52.192,35.694,63.587,71.998,113.62,122.4,100.34,77.021,81.224,97.84,28.544,-52.479,-15.423,6.3067,-54.617,-65.877,-47.59,-64.16,-70.842,-74.15,-72.008,-47.359,-50.395,-46.632,12.761,48.163,49.215,61.723,35.969,-2.6689,27.197,50.638,15.291,22.565,62.14,20.541,-28.684,20.357,51.401,-2.6386,-23.222,-9.2791,-32.008,-24.548,16.047,-13.029,-69.581,-51.081,-1.0956,-5.5094,-35.179,-16.851,22.628,26.274,10.515,-15.567,-23.677,31.545,43.633,-35.099,-32.992,40.369,32.485,15.794,31.805,0.8516,-4.7031,33.065,9.8029,-21.9,0.28954,19.007,14.209,-14.069,-32.882,5.2579,19.27,-28.367,-37.3,-9.7403,-11.306,-26.05,-31.262,-15.86,5.2589,1.6768,1.1802,4.4701,-5.5864,15.322,37.31,16.773,16.199,26.45,17.101,32.349,22.393,-19.608,2.1646,14.749,-32.426,-19.546,18.043,-12.875,-46.488,-40.627,1.7879,45.088,5.8923,-38.202,1.3056,2.8454,-45.636,-25.329,14.675,8.5093,-6.435,-9.3862,12,30.352,18.249,36.269,67.036,39.899,17.307,22.943,-12.161,-49.561,-40.953,-36.229,-45.777,-31.772,-3.9694,-1.4939,-21.182,-21.463,2.4922,27.819,38.241,15.627,4.5665,40.141,32.684,-15.667,3.3315,20.99,-20.675,-13.471,7.1263,-35.822,-33.915,14.23,0.36737,-11.675,26.345,23.057,-13.28,-3.7357,14.432,-6.9328,-10.401,17.709,-3.5308,-44.929,-13.243,18.639,-16.155,-16.898,30.884,28.382,-7.9319,-6.6735,24.626,34.24,3.137,-13.453,7.0743,1.7106,-23.941,-20.721,-12.198,-1.0769,16.27,-3.3189,-20.07,10.481,11.893,-25.686,-21.453,8.4144,11.552,4.0677,11.849,28.38,23,-0.76627,-1.6285,-1.3589,-24.907,-19.706,2.506,-13.546,-19.253,4.8506,3.3208,5.7496,27.859,5.6831,-18.313,15.505,26.052,-10.281,-15.405,3.5111,10.476,5.2446,-27.345,-36.607,18.619,31.124,-19.292,-8.2158,32.082,13.723,-8.5654,-27.492,-49.038,5.8579,52.76,-13.32,-34.731,32.068,16.249,-28.356,14.641,36.847,3.6812,-3.0299,-0.38021,0.55323,7.9283,-9.3919,-13.804,2.4732,-21.78,-33.465,-1.3658,-5.7659,-9.4294,30.119,22.218,-8.3041,23.077,40.346,-4.9177,-34.415,-15.884,9.3562,3.4667,-14.67,-1.0564,12.914,-7.388,-17.253,-1.5095,13.969,18.456,-4.3645,-25.141,-2.7108,15.513,1.8544,-7.2744,-6.4383,11.798,33.499,4.2195,-27.952,0.47784,19.191,-3.9267,-16.252,-16.161,-5.6717,10.971,-7.077,-22.754,12.921,30.46,-5.0075,-20.217,9.4856,32.543,15.224,-22.157,-28.751,3.0436,15.455,-13.057,-22.025,11.281,21.004,-1.5524,8.6736,20.197,-20.28,-29.172,20.353,12.201,-38.509,-16.62,24.174,1.9651,-12.069,15.291,21.638,10.445,8.182,-2.0355,-2.8901,9.6775,-7.1856,-23.911,-0.29263,3.8375,-23.378,-13.244,13.644,5.2657,-4.7975,0.12889,-4.9036,-0.77225,14.254,-2.2527,-18.972,13.904,30.106,-4.5019,-2.8393,22.392,-7.8981,-22.926,14.307,9.0656,-14.61,5.0901,7.2965,-8.3081,-7.0411,-23.641,-17.142,28.305,15.795,-20.221,-0.63579,9.5267,-3.6594,-2.858,-14.263,-7.0166,25.179,12.913,0.6513,18.85,-7.8942,-34.854,-4.3608,12.873,12.442,17.798,-4.8973,-16.123,2.3609,-5.1917,-13.24,-1.726,-1.5766,15.131,28.109,-5.2547,-15.827,0.3365,-14.685,-6.2039,19.798,-7.3133,-17.415,17.246,15.733,3.9527,4.1498,-23.597,-17.184,30.255,14.005,-24.068,-6.4307,-0.89805,-18.634,-1.2632,14.346,1.2245,-4.2265,-6.32,-9.7416,6.683,22.968,17.753,7.4433,0.19816,-1.3787,8.6827,11.112,-3.7163,-2.7894,18.256,10.038,-29.037,-39.666,-18.056,-13.999,-28.035,-24.554,0.83423,23.724,23.796,15.185,21.399,19.58,-3.2833,-2.2954,22.292,16.397,-7.1895,-7.8321,-3.9233,-8.9124,-8.7116,-7.1629,2.0566,21.968,12.929,-26.411,-36.416,-7.7972,12.403,7.4821,-1.8693,1.3679,3.2704,-14.531,-21.721,5.5123,22.539,4.358,-11.465,-3.7148,16.955,30.096,17.305,1.9289,7.4674,1.5473,-22.796,-24.734,-8.0574,-1.7992,-2.8024,-4.7225,-1.8944,7.3033,-0.73489,-13.671,12.113,36.773,4.4247,-23.315,-1.22,2.5407,-20.984,-8.4306,13.32,0.81622,-4.8535,10.787,15.463,10.546,2.456,-10.059,-12.873,-9.0122,-8.9016,-5.7465,-3.1742,-4.1285,7.2892,26.355,19.262,-12.243,-12.044,19.57,9.3378,-22.413,-7.1224,2.9243,-18.26,-1.0895,23.289,6.0951,0.053399,-2.8273,-25.236,-7.4896,23.666,1.9078,-17.556,3.6347,14.289,-3.0332,-9.8827,13.873,21.133,-15.406,-26.862,1.6193,4.616,-3.7448,4.2596,5.9969,16.087,26.513,3.3424,-17.159,-12.839,-10.522,-15.439,-18.277,6.5695,32.287,-12.329,-44.229,21.258,50.006,-4.3021,-20.223,-3.5598,0.87511,14.933,12.467,-2.2429,0.90177,-7.4668,-11.003,5.1466,0.2648,2.5463,17.441,-8.0549,-26.268,-4.8252,0.15682,-7.4698,-14.789,-20.425,15.644,42.038,0.15353,-21.846,9.1752,20.058,10.81,3.1365,-12.282,-13.908,-0.37174,0.37814,-0.39002,15.815,25.132,3.6313,-18.374,-6.3984,14.597,13.495,-15.168,-52.825,-39.226,13.446,14.125,-8.5114,6.8105,7.2161,-7.4247,5.3725,13.421,19.368,23.885,-4.6622,-1.3795,33.61,-2.695,-41.943,-2.021,15.431,-15.119,-20.917,-8.7436,2.5617,4.9849,-4.2216,10.225,28.549,13.777,-3.3796,-19.191,-25.489,9.1764,20.948,-14.233,-12.031,9.9021,-3.3218,-8.9042,1.2335,2.3584,5.5637,-1.106,-10.719,3.2719,9.5673,-4.589,-13.234,-15.924,4.3126,39.39,21.312,-27.955,-20.742,19.253,25.608,11.86,7.8166,11.294,9.2315,-13.274,-32.849,-9.2993,9.7059,-30.003,-47.832,2.7419,23.936,-0.66437,1.7642,8.9687,1.5532,11.016,8.7654,-8.8116,-1.1524,10.364,9.671,2.7713,-13.001,3.3051,25.78,-18.815,-44.586,4.6207,18.5,-0.69449,15.087,18.491,8.5635,15.841,6.0808,-1.3552,4.7,-16.579,-22.938,7.2356,3.9304,-32.808,-41.866,-6.2319,24.759,-1.8256,-18.798,20.928,12.359,-28.931,5.8553,28.811,-11.555,-5.0966,22.123,0.55251,-7.2641,11.008,12.829,8.7632,4.1348,3.237,15.108,16.77,-0.21874,-18.156,-15.323,12.136,21.079,-0.18828,-12.467,-19.14,-25.861,-20.464,-19.117,-10.174,-1.4059,-28.947,-22.54,31.285,13.559,-23.186,23.471,46.745,11.968,8.8214,7.7143,-7.2662,3.7093,-3.8192,-21.254,8.7887,36.138,28.814,12.783,-20.528,-27.399,28.981,49.146,-10.253,-44.904,-18.825,0.84128,-11.362,-31.132,-34.065,-18.739,-16.319,-22.699,4.5956,27.45,-6.7073,-23.491,22.878,39.511,-3.4401,-19.924,21.674,57.307,25.259,-26.32,-6.0891,33.9,13.2,-4.0588,10.501,5.7121,8.0485,23.218,10.71,2.9312,-3.7183,-38.641,-33.562,2.993,-22.078,-55.856,-31.422,-18.064,-34.04,-19.42,11.424,7.642,-13.981,-5.9637,16.967,12.404,1.3571,6.5472,11.253,31.673,59.718,50.076,41.117,56.845,41.43,30.27,55.617,23.23,-42.227,-30.351,-11.977,-48.974,-63.921,-72.05,-106.47,-88.906,-41.721,-54.114,-79.651,-62.777,-16.877,53.317,99.331,87.204,81.108,89.89,71.837,64.665,69.458,42.879,27.834,32.535,1.9382,-27.723,-30.208,-51.968,-62.901,-38.795,-41.581,-59.192,-49.783,-44.639,-29.968,6.4276,-3.2984,-36.78,-22.16,-5.8329,-11.567,9.2019,34.552,38.565,43.057,43.821,48.339,55.097,29.53,16.162,46.781,34.167,-23.095,-25.452,7.1758,-3.0707,-36.848,-35.577,-10.669,-25.729,-58.251,-29.303,15.812,6.6864,-17.134,-33.483,-37.933,-5.3166,13.529,-0.14382,12.196,18.014,-3.0382,13.444,34.865,19.047,15.26,15.598,9.5258,32.737,29.32,-28.212,-32.417,27.628,29.72,-22.951,-14.868,21.883,-12.444,-32.145,22.533,17.179,-34.267,-6.9736,5.93,-43.324,-35.241,-9.0206,-25.561,-11.478,1.0116,-21.726,2.4096,32.832,8.4917,15.185,48.762,22.043,-9.9508,13.775,28.58,7.2025,-5.9351,-2.7465,18.351,37.684,-12.115,-56.358,22.777,61.894,-43.925,-66.525,9.9682,-15.356,-47.873,-1.9674,-4.9209,-17.158,6.6322,-15.713,-2.5739,60.738,13.678,-58.341,-2.6359,54.239,15.672,-19.235,5.0542,30.172,16.279,9.7106,20.744,-2.0192,-15.216,12.172,-0.35098,-31.772,-16.668,-4.4388,-4.9112,-5.0751,-29.695,-12.853,43.988,22.158,-19.709,8.583,10.373,-23.004,-8.2552,-3.8165,-36.104,-16.336,36.57,32.053,-10.677,-17.343,11.236,19.966,7.7012,13.121,14.891,-11.08,-18.49,0.60781,-0.22886,-9.522,-7.4463,-8.6155,10.14,34.261,2.1817,-23.288,22.565,34.106,-25.969,-44.409,-5.5427,13.63,-7.3287,-31.125,-12.343,18.568,4.4363,-9.2796,8.5413,13.968,13.158,8.7682,-11.859,-2.3903,19.475,3.8435,-4.2014,-1.7691,-16.721,-1.1808,28.779,17.013,-8.629,-19.923,-7.8325,9.5976,-11.738,-19.15,10.474,-5.4272,-18.35,16.847,-1.7688,-23.363,33.185,42.447,-5.4954,-1.8751,4.6057,-20.153,-22.294,-9.2856,1.6093,5.6009,5.2218,23.14,17.771,-23.692,-24.172,-4.769,-18.307,-14.094,11.427,18.332,14.866,-2.5891,-7.7898,29.112,35.288,-12.776,-24.349,13.508,27.259,-1.4414,-23.329,-13.859,-13.905,-30.134,-12.499,21.276,19.455,1.8055,-1.0368,3.3924,6.3015,5.1552,-6.586,-27.184,-27.084,4.2755,22.43,11.738,-1.6909,-7.4815,6.5329,16.952,-0.98124,9.6682,25.598,-14.795,-9.7131,28.977,-28.149,-43.733,48.537,42.673,-26.991,-23.916,-26.201,-21.51,15.608,0.55755,4.8463,33.54,-29.362,-54.129,19.602,26.288,4.9188,21.551,2.4041,6.7536,34.232,-13.976,-40.252,0.44715,4.4796,-3.7968,-1.5312,-15.784,2.9148,27.178,7.0802,-10.662,-26.411,-25.979,21.534,27.813,-5.9745,6.879,5.9311,-18.424,6.254,19.339,5.5215,22.284,16.38,-14.964,-11.156,-8.4835,-21.363,-27.212,-31.817,-7.8867,15.987,-2.2702,9.8648,30.369,-15.494,-20.522,33.448,18.589,-10.994,8.4472,-0.82341,-13.3,7.5603,0.88777,-2.6253,27.556,24.991,0.0021394,-2.0802,-2.8712,-12.15,-24.221,-28.132,-6.7335,14.995,22.99,18.548,-18.709,-32.72,14.572,17.643,-33.072,-29.029,0.24644,-1.0931,4.2416,12.188,14.673,21.93,1.4402,-15.76,9.4431,6.8337,-23.687,-7.4415,16.128,9.0578,20.971,37.668,10.554,-19.307,-4.5375,10.862,-8.3459,-9.7762,11.74,-7.5614,-32.918,-12.463,-1.7405,-10.09,-1.2422,-4.8166,-12.393,2.7263,0.86111,-14.378,-17.431,-22.307,-6.149,23.318,14.728,-3.408,1.6166,22.107,54.634,43.056,-8.2058,-3.7183,14.556,-6.6865,9.7505,22.807,-27.656,-30.531,18.734,24.221,21.192,17.124,-27.839,-47.182,-19.747,-16.173,-37.471,-40.167,-20.884,-16.972,-45.584,-47.531,-6.7983,3.6246,-6.1706,24.646,57.254,45.75,31.661,67.612,121.68,95.59,0.87581,-27.887,19.981,39.033,17.28,-9.3107,-32.269,-33.743,-38.415,-71.6,-79.17,-65.936,-88.646,-92.313,-55.589,-62.722,-78.965,-39.889,-6.3824,36.191,129.16,170.98,146.31,135.73,107.78,70.273,64.842,20.752,-33.767,-22.417,-33.001,-67.778,-48.437,-62.586,-119.15,-92.334,-23.647,-13.081,-37.152,-40.033,-11.227,-10.045,-36.682,1.4267,46.223,12.53,9.7027,59.488,61.635,43.1,33.07,20.03,38.629,48.116,12.612,-1.0822,13.368,16.013,-0.50997,-27.413,-16.692,6.556,-25.021,-38.196,-12.579,-33.935,-50.822,-33.825,-44.129,-27.264,10.431,-16.19,-27.45,11.999,9.5851,-1.759,25.169,32.504,17.051,22.709,44.664,48.641,36.326,39.698,29.799,0.64636,14.285,10.97,-50.147,-42.229,6.8144,-21.871,-46,-26.171,-23.539,-13.311,-15.695,-38.194,-2.6032,27.286,-10.531,-15.112,15.802,9.8803,-2.3741,12.829,40.075,35.517,-1.0585,5.7397,21.348,-13.608,-6.8769,23.884,-10.965,-16.512,15.999,-5.6815,-5.0624,21.046,-14.013,-20.456,22.543,7.5238,-17.175,-1.3835,-9.6615,-25.036,-4.1958,11.729,-8.6035,-33.155,-14.987,22.807,15.958,-15.197,-14.59,11.21,30.2,18.369,-10.944,-12.509,11.538,23.429,3.6619,-25.483,-5.6264,34.337,13.929,-9.9932,5.8874,-11.05,-17.33,31.634,18.653,-38.844,-17.144,19.822,4.0633,-10.32,-20.623,-23.622,7.7244,15.137,-20.757,-29.597,-5.1985,14.059,19.489,10.399,8.3481,18.648,3.3744,-15.566,7.3932,16.971,-22.092,-27.697,18.553,27.114,-1.5793,6.5451,30.285,20.147,-4.5541,-27.531,-32.492,1.2156,16.725,-14.707,-23.077,-14.361,-30.269,-16.654,21.274,22.621,18.043,13.745,-8.8414,1.8222,20.985,-3.5654,-10.971,2.135,-8.4515,-1.9443,10.484,-0.45876,10.749,13.647,-16.296,-5.6198,15.688,-9.8713,-18.645,0.14588,0.47075,-3.366,-3.8523,2.0312,24.181,24.647,-9.1496,-24.811,4.1073,26.989,-5.9453,-35.412,-15.393,-14.016,-16.323,22.42,11.143,-27.587,15.64,50.078,12.86,-9.1572,-7.3324,6.0009,21.946,-11.945,-39.548,-11.68,-0.45776,-3.3258,4.1443,-1.7751,12.195,27.46,10.32,16.119,10.801,-33.328,-24.134,2.2192,-18.209,-13.535,10.012,13.155,20.993,3.3591,-25.425,-7.9539,10.475,6.2781,3.8611,-4.2326,-0.080673,5.3365,-13.134,-14.564,-1.9168,5.4796,18.572,1.7876,-7.2353,31.159,11.28,-36.528,0.5918,24.896,-3.4505,-0.41519,1.043,-6.388,3.4514,-8.9671,-11.032,0.036913,-24.398,-15.683,23.713,13.533,1.6482,6.9136,3.6697,7.7789,-21.714,-40.747,21.673,37.629,-14.698,-11.836,0.19219,-8.4187,3.6766,4.5314,30.897,51.511,-24.631,-40.072,42.592,15.338,-48.462,-26.419,-24.535,-11.613,35.545,2.0533,-27.318,19.537,28.258,13.655,18.297,-10.656,-23.992,4.5151,-2.9924,-22.755,0.4554,19.762,4.2441,-9.7127,-7.167,-10.062,-11.633,-0.0066317,-5.3583,-12.477,18.261,33.146,2.9759,-7.1585,13.047,21.307,7.6342,-9.6843,0.26833,14.69,-7.3245,-19.142,-2.7215,-9.4185,-15.49,4.593,3.1809,-14.272,-5.9915,10.932,0.30769,-30.535,-27.83,18.975,36.955,3.33,-15.771,6.0365,18.994,-6.9831,-17.487,18.217,26.924,-2.2382,0.54154,8.9403,-4.6614,4.9731,8.023,-19.135,-12.194,16.995,10.014,-7.8632,-4.9178,-4.2034,-24.73,-32.599,0.21983,22.911,9.3519,0.97328,-3.7854,-3.7935,13.098,-4.5574,-35.335,-13.145,8.8985,12.094,24.982,-1.2321,-23.994,18.059,34.049,18.25,25.103,-3.4406,-29.431,6.5803,10.803,-14.258,-5.4656,-12.981,-15.555,20.062,15.951,-18.216,-24.892,-19.005,0.34965,9.5407,-8.2354,2.9058,14.755,-12.132,-12.451,-1.79,-13.933,6.0508,21.412,0.22127,11.591,17.989,-13.851,2.1409,35.906,11.27,-15.366,-11.695,-9.9071,-10.062,-1.4318,20.051,29.572,10.208,4.043,1.8928,-20.553,-3.2137,22.38,-20.893,-44.288,-5.5804,-1.1272,-26.923,-33.46,-24.433,9.824,22.006,-20.39,-18.287,39.974,44.105,1.838,-12.21,5.2972,30.021,33.694,8.7669,-8.9232,1.599,26.257,38.772,20.591,-11.499,-25.359,-12.168,1.0846,-16.249,-34.013,-20.687,-13.814,-18.652,-14.133,-28.981,-36.3,4.1484,21.28,-8.3926,-20.482,-13.649,2.0951,22.6,10.117,1.4663,35.258,45.756,24.743,22.7,23.844,25.971,37.827,27.344,17.3,32.285,13.726,-34.157,-29.018,4.6883,-26.754,-91.876,-90.72,-49.966,-50.264,-63.109,-44.41,-19.551,-3.5974,4.2134,10.869,41.677,73.222,69.773,65.089,81.015,88.516,65.008,11.504,-20.775,6.4256,23.296,-13.988,-35.455,-23.178,-35.933,-60.228,-48.793,-38.226,-60.123,-53.101,-9.257,-9.8016,-33.842,-13.132,9.4207,15.157,34.439,22.874,-1.9823,36.591,61.625,11.715,4.546,63.711,64.218,6.6354,-11.161,2.3256,-0.62404,0.66372,1.5259,-31.359,-46.105,-7.7892,3.3006,-30.904,-29.459,-0.70252,-9.5425,-32.854,-25.751,-7.3268,5.7937,22.012,14.85,-10.912,8.0424,25.508,-27.334,-38.607,22.669,17.385,-4.7387,50.939,59.596,0.41304,-7.0801,9.3415,8.5472,13.022,-3.6958,-18.622,0.92019,2.0955,-13.35,-7.7172,-3.1528,-5.6683,-9.2239,-18.356,-18.148,-10.905,-5.6916,-13.706,-41.201,-21.153,50.009,51.639,-1.1829,-7.6443,-6.6444,-19.62,0.84342,12.432,-13.201,-8.5856,36.91,42.874,-0.70425,-1.799,25.282,-7.9784,-23.693,24.196,15.761,-16.936,6.1873,0.040355,-17.778,3.6692,-14.83,-20.853,32.175,12.682,-45.969,-26.268,5.6496,3.7974,-10.962,-28.726,-9.348,10.39,-6.4492,2.4075,5.7628,-23.165,2.7462,45.385,30.556,4.5835,-14.577,-9.6142,27.077,30.499,32.119,47.791,-16.032,-64.887,11.642,51.381,-13.327,-35.019,1.3044,-9.8889,-53.653,-27.712,26.76,-4.0939,-24.257,33.955,8.558,-67.246,-26.888,21.044,-11.214,-19.93,9.3645,30.297,12.977,-23.616,13.263,56.293,9.5363,0.89931,32.585,2.2355,8.2587,34.923,-9.6164,-4.5014,33.097,-3.5506,-1.9686,27.28,-22.43,-44.409,-5.8023,-1.448,-22.285,-44.191,-36.662,0.92734,-24.2,-57.79,-7.1654,8.7214,-29.832,-4.618,27.852,6.3846,0.30654,17.21,23.466,28.406,44.252,63.178,53.749,25.806,31.633,54.597,43.508,5.6117,-10.727,4.8232,-17.061,-65.643,-38.718,-19.417,-94.272,-100.1,-42.47,-99.102,-133.36,-28.336,6.7384,-44.047,5.6784,90.958,96.234,98.172,128.13,117.91,78.668,69.627,72.174,37.458,-11.171,-31.371,-39.219,-48.265,-45.303,-52.553,-82.574,-88.635,-64.494,-56.624,-52.495,-29.456,-12.791,9.6868,33.039,11.492,8.0919,53.658,37.506,2.0748,51.472,66.118,8.3014,10.109,36.275,17.657,7.6982,5.167,2.9647,12.968,-9.2399,-32.359,-13.522,-7.6261,-9.077,-7.7509,-41.044,-38.628,10.701,-2.7507,-35.588,-11.651,4.0926,-8.8749,-23.51,-32.265,-2.9558,24.3,2.0771,8.8592,51.612,39.359,6.1205,15,24.559,21.821,29.225,11.598,-25.462,-15.337,5.5783,-19.281,-9.2698,34.112,-9.536,-60.795,-6.3688,25.034,-22.966,-39.712,-22.392,-6.0145,7.9184,-10.396,-10.87,32.446,21.915,-14.447,11.674,23.386,-13.808,-15.75,17.408,30.104,11.399,-7.0166,9.514,23.305,4.4766,2.3188,7.6074,-13.891,-17.775,-9.6456,-23.436,-15.257,3.4382,-14.377,-14.321,18.291,14.012,-8.6265,2.7478,14.194,-5.5303,-24.854,-11.519,18.402,22.242,2.7775,-4.3884,-1.3822,8.5168,26.743,9.9765,-26.05,-5.3026,17.631,-27.771,-38.758,20.139,27.669,-8.9689,-5.5611,0.67724,-2.3676,17.025,4.518,-23.813,14.779,34.183,-27.859,-32.008,26.439,8.3082,-25.311,7.4752,11.02,-20.801,-13.614,3.0956,14.934,19.424,-10.776,-8.7663,28.649,3.18,-24.589,2.6898,-0.48668,-9.5027,7.8955,-9.6994,-3.8783,34.237,-1.8577,-35.148,10.558,29.247,-1.4267,-26.719,-18.516,36.742,40.327,-33.381,-32.917,22.143,6.1526,-33.496,-38.893,-7.8817,38.817,22.043,-16.1,14.212,34.24,9.4042,-6.0939,-20.696,-5.5049,25.854,-3.6701,-23.906,-0.27051,-9.1934,-3.5152,21.811,-4.2783,-10.592,11.848,-5.9779,0.479,23.701,-10.034,-33.41,-17.191,-4.0958,8.306,0.24634,-5.8385,22.18,10.528,-28.338,-13.112,11.393,17.747,29.26,23.325,17.071,13.482,-16.173,-18.95,10.011,9.9559,3.418,-3.938,-36.176,-49.941,-30.312,3.7594,33.67,15.835,-5.7949,25.272,21.578,-35.019,-38.014,-5.7873,-10.603,-10.672,20.039,19.303,-9.8106,14.201,48.434,1.7353,-29.061,15.646,19.291,6.0148,40.822,16.82,-40.721,-17.655,7.108,-6.1107,7.5997,19.464,7.0629,-17.189,-46.341,-29.027,-1.9418,-26.24,-25.867,-7.1375,-28.339,-10.152,22.162,-5.1542,9.7457,48.559,10.861,5.9299,46.052,9.1764,-13.847,34.14,27.283,-4.4384,20.433,19.848,-15.639,-1.0755,27.612,5.8666,-29.757,-37.212,-33.171,-32.299,-13.817,10.148,-11.68,-45.212,-20.474,5.0925,-18.612,-14.887,14.754,-5.9478,-27.901,-2.3886,7.7284,-10.82,-6.3729,31.26,63.103,54.478,53.486,91.195,78.912,31.326,49.098,47.554,-21.027,-34.71,-25.321,-65.891,-74.218,-70.372,-114.7,-126.51,-104.23,-102.01,-73.593,-26.47,2.5902,54.988,114.11,128.71,124.89,120.35,100.81,78.854,61.477,28.606,-11.985,-16.103,-2.3278,-32.09,-67.05,-58.912,-50.041,-43.539,-34.852,-58.514,-59.22,-15.365,-12.875,-28.509,-12.184,-14.238,-18.768,10.513,31.013,27.67,12.749,18.678,63.369,64.643,24.01,31.653,28.976,0.44689,30.291,29.035,-34.793,-20.284,23.599,-4.3089,-28.457,-26.519,-26.761,-8.9327,-6.4583,-33.932,-44.983,-26.615,4.4657,-4.6081,-50.458,-26.488,33.498,15.059,-12.326,8.5462,12.256,12.219,34.127,39.128,27.939,15.332,16.139,41.479,34.989,-16.463,-31.467,2.5193,24.886,15.725,-9.7421,-33.72,-39.937,-25.394,-21.594,-48.75,-48.632,-3.9476,5.0572,-10.364,15.317,39.763,31.148,10.282,-13.477,2.2602,33.366,5.7001,-8.7505,24.804,0.6986,-39.223,-0.10733,38.468,20.131,-4.4069,-3.537,11.866,-1.5334,-23.721,4.9611,8.249,-48.276,-35.035,30.636,25.707,-3.0499,-2.421,-15.8,-29.188,-9.8283,18.316,21.179,-0.59649,-4.5002,6.1328,-8.4685,-7.927,18.79,6.1282,-13.806,0.94708,-3.6184,-9.513,22.069,30.069,9.8244,8.5331,-1.3586,-19.88,-2.3,18.568,-7.127,-42.11,-25.101,21.386,24.208,-12.602,-29.924,-16.281,17.383,40.227,2.8227,-40.01,-3.724,38.056,10.823,-9.4551,6.9581,-0.089531,-10.873,2.9424,-6.467,-20.032,10.972,21.733,-9.39,-5.4057,2.212,-26.271,-7.7847,29.853,-1.1592,-20.491,6.6621,9.9294,20.913,31.352,-11.69,-14.424,28.541,1.2788,-33.271,-13.998,-11.83,-1.3827,21.113,-17.49,-44.332,-4.9169,17.309,18.833,27.253,13.368,-7.9445,-16.498,-5.433,18.447,-4.2976,-29.783,22.641,38.512,-22.096,-16.036,23.151,7.0478,7.4321,9.2822,-27.015,-14.32,12.781,-23.648,-29.145,12.865,7.7559,-7.0297,6.9643,-2.7796,-9.4681,15.673,6.9329,-22.142,9.9442,54.173,17.341,-39.221,-16.665,25.553,5.8295,-12.736,7.5304,-1.7823,-19.359,12.226,25.22,-10.153,-30.038,-29.832,-12.544,18.763,1.8835,-29.232,0.71087,27.553,17.002,6.6437,-18.564,-17.269,27.553,22.79,6.8427,31.109,3.3391,-23.996,18.397,9.8208,-25.735,-1.1538,-9.7062,-31.897,6.1666,11.269,-22.114,-31.445,-32.369,4.4765,34.1,-5.748,10.219,54.776,-16.279,-44.302,42.059,34.112,-26.974,1.9698,13.296,-20.074,0.42699,23.074,1.282,2.1792,21.029,2.5079,-24.645,-24.718,-25.066,-18.238,18.981,31.415,3.0277,-10.783,-20.599,-28.544,-2.9198,1.4872,-16.209,16.358,35.698,3.0792,9.8478,25.428,-8.85,-7.4439,28.174,8.8507,-22.249,-12.089,-2.5821,-2.6832,-0.41332,-9.6476,-9.0393,7.6893,6.5682,11.449,25.998,-12.966,-46.89,-1.0906,11.988,-32.27,-7.7735,34.653,7.88,-11.719,-4.5443,-3.6552,5.6536,0.59043,-3.71,18.459,11.332,5.8601,33.602,5.1644,-33.697,-2.8047,6.6115,-12.915,-2.1515,2.9911,10.312,7.2105,-32.411,-12.746,29.024,-12.747,-18.698,26.968,-6.1476,-33.183,3.5303,6.9895,-1.7144,4.8569,-1.8062,4.7835,-2.5543,-25.05,5.8647,28.35,-1.9954,-2.9206,17.933,21.707,23.651,6.501,-1.9702,24.323,21.128,-7.3518,-20.09,-45.528,-58.193,-19.064,17.83,11.286,-17.383,-31.061,-16.14,0.6257,8.3414,11.592,9.3732,22.611,31.15,7.7642,5.1804,22.485,15.932,15.368,3.3849,-26.548,1.3037,24.611,-16.304,-10.917,13.717,-25.657,-31.676,-4.1071,-14.667,6.7929,30.208,-28.49,-56.521,1.1668,25.418,-4.74,-0.90307,34.586,14.37,-35.971,-8.6812,30.9,-7.7459,-16.513,33.305,38.981,20.66,5.5049,-19.882,-1.9599,22.916,-5.9072,-12.046,5.7014,-14.636,-22.086,-8.1589,-13.509,-5.9399,3.5682,-13.608,-7.4438,21.881,13.179,-21.297,-18.618,13.789,3.7054,-30.832,-8.1587,27.858,11.486,-6.4122,-1.338,1.9734,7.8478,13.991,28.519,42.986,12.651,-25.601,-18.495,4.4004,26.593,22.467,-27.862,-48.385,-25.917,-18.149,-4.3856,2.1541,-12.4,15.725,33.49,-11.012,-17.646,9.5661,6.5093,8.2635,-3.8723,-29.469,-4.9806,17.189,4.5105,4.2841,-0.1422,4.4686,16.218,-23.556,-29.564,35.24,32.226,-15.294,-8.9443,4.8656,14.063,25.41,17.058,22.197,13.798,-17.332,4.2149,9.7448,-41.012,-26.429,5.26,-29.125,-31.71,-11.439,-30.478,-27.44,-6.5299,-4.3744,-8.6986,-32.817,-22.73,44.656,51.602,11.353,30.619,57.427,46.327,43.938,45.725,33.536,12.534,-13.582,-19.398,0.57024,6.1436,-30.707,-71.344,-57.513,-34.924,-55.922,-49.325,-16.049,-32.549,-38.554,-3.5854,-1.3828,2.1482,36.063,38.544,36.846,66.271,74.599,57.324,46.058,35.153,14.517,-9.8134,-14.579,-6.0816,-19.704,-37.708,-33.564,-20.623,-10.726,-23.523,-38.704,-11.247,1.2801,-34.054,-37.764,-9.1316,6.315,14.943,-4.1826,-24.451,7.8001,31.471,19.373,16.274,6.9355,11.323,47.125,42.083,10.844,10.4,13.363,25.347,27.81,-26.676,-42.869,11.377,4.8431,-40.594,-22.293,-5.7701,-42.568,-54.27,-5.3077,30.211,-4.5247,-36.477,-0.39911,18.593,-19.222,-24.335,8.4056,20.843,31.743,47.766,37.089,16.129,6.0059,-4.4488,-6.8099,9.0957,16.198,0.24628,-11.095,-5.311,0.88198,4.531,1.29,-23.85,-41.984,-17.254,2.9282,-19.545,-12.426,38.004,21.26,-42.007,-24.064,20.356,-4.5964,-21.216,8.3361,15.205,0.59093,2.9318,28.165,45.353,9.4722,-18.8,13.051,8.9458,-21.132,7.6372,-0.080485,-40.863,12.503,41.892,-22.949,-18.597,13.911,-23.594,-1.7908,53.953,-0.51024,-53.43,-12.523,4.9424,-24.245,-25.126,-8.7348,-0.95098,10.337,18.879,15.704,12.787,16.391,20.971,12.943,-21.51,-42.037,5.1707,51.623,18.374,-12.278,8.6188,0.047952,-17.296,19.054,28.688,-24.212,-46.021,-19.042,-9.8071,-24.203,-12.169,25.962,24.518,-13.228,-10.331,13.535,-0.33086,-12.21,-2.6533,-1.8152,15.206,36.469,4.7774,-27.318,0.18566,24.502,14.982,11.67,-2.0599,-27.997,-9.3299,23.549,8.9636,-4.6473,9.2727,-2.2559,-25.92,-24.641,-15.55,0.47152,6.0971,-22.63,-21.291,24.896,29.579,2.8437,2.4899,9.1734,14.148,5.9313,-27.062,-18.914,16.384,-11.686,-34.842,16.654,43.316,11.004,-9.7908,-7.1934,3.3598,7.9879,-0.23566,5.5994,11.662,-4.5188,-4.0871,6.1071,-1.4693,14.398,39.208,11.98,-36.15,-56.79,-45.29,-6.7435,9.6559,-20.759,-25.745,14.51,17.327,-19.282,-7.0084,31.6,3.1466,-32.725,15.044,49.165,9.3713,15.344,70.989,53.094,-4.4802,-4.9332,15.396,8.4153,-2.6312,-16.612,-42.335,-44.8,-27.939,-34.832,-27.71,13.734,-1.2551,-56.734,-40.353,-6.1281,-29.456,-30.054,10.712,23.644,25.568,43.749,45.474,29.887,35.746,59.712,57.977,43.516,45.83,16.44,-23.293,8.7012,26.379,-29.791,-39.073,-17.632,-63.726,-100.2,-81.152,-67.255,-69.055,-79.547,-62.309,-6.4807,-4.8842,-14.837,82.253,164,125.45,85.254,81.966,58.354,36.146,34.023,29.447,4.8439,-35.089,-54.79,-54.014,-61.923,-71.589,-76.016,-60.612,-14.015,8.7873,-10.435,-18.575,-8.4286,4.9148,9.706,-3.3969,8.6952,34.615,12.565,-1.1906,29.384,32.82,18.442,21.102,24.691,43.489,36.469,-23.045,-21.062,37.003,18.401,-29.668,-23.514,-22.109,-34.041,-15.417,-6.1621,-32.66,-40.396,-3.4794,22.432,-4.841,-37.309,-18.853,19.524,17.977,-9.1055,-4.609,17.696,10.564,1.4357,15.791,25.921,39.537,52.802,22.117,-16.104,-3.1961,24.016,15.223,-17.563,-32.927,-26.024,-31.563,-32.688,-8.9291,-12.94,-29.841,0.72683,20.298,-9.7042,-19.867,3.2705,15.155,4.2924,-4.9399,17.084,36.713,17.089,2.5765,5.3802,8.4413,29.233,19.783,-28.129,-11.727,23.66,-21.128,-41.636,8.2252,11.765,-14.449,4.6861,10.43,-15.657,-6.2126,8.3934,-22.504,-30.851,2.0598,-2.0883,-13.266,12.934,0.75619,-24.74,16.113,40.971,18.942,19.998,12.085,2.6171,31.152,11.44,-34.552,-14.065,-9.1816,-20.994,25.594,14.139,-50.411,-8.1962,40.613,-8.9032,-29.319,-13.807,-19.077,15.77,36.539,-12.669,-15.714,11.038,-28.339,-32.842,28.191,28.33,-2.0119,13.726,18.44,1.6498,-3.7817,-12.087,-2.9497,18.162,5.0669,-6.6638,3.541,-1.7159,-2.9715,4.1513,4.8267,34.508,50.195,0.4014,-29.812,-20.978,-38.653,-41.472,-9.781,-12.619,-36.393,-20.624,17.403,20.105,-8.0039,-1.7497,23.85,9.7702,1.3591,14.949,-3.5597,-9.9308,23.577,33.475,24.093,14.896,3.3346,24.613,37.963,-1.7409,-15.851,9.2616,9.2537,-6.3195,-26.576,-46,-34.867,-18.672,-20.875,-25.153,-24.982,-11.195,-17.009,-52.431,-30.666,14.367,-9.5322,-5.714,49.523,37.485,18.894,59.467,52.878,6.635,24.19,76.761,82.447,37.492,8.5715,26.942,34.726,0.85112,-41.974,-62.257,-52.295,-63.768,-118.44,-139.38,-121.33,-116.38,-97.397,-58.18,-8.6516,71.094,127.33,138.24,160.75,161.74,109.4,59.661,36.631,31.691,7.5899,-40.801,-32.625,-12.971,-59.217,-58.972,-20.119,-51.744,-54.265,-24.495,-66.363,-64.399,-7.8495,-32.336,-51.104,-8.7476,6.3714,22.167,44.253,34.783,38.711,37.628,22.778,42.172,32.021,-2.7389,33.304,54.415,-4.0992,-29.389,1.2862,20.227,23.228,20.446,2.602,-25.371,-34.032,-32.179,-56.244,-50.874,-0.58033,-9.0039,-42.239,-16.881,-3.4371,-8.9942,3.8209,-11.149,-8.3801,30.912,14.929,-5.7944,20.836,26.039,31.438,40.251,13.848,24.588,49.67,14.846,-1.0194,4.1246,-22.474,-18.595,-3.07,-17.325,-15.327,-26.319,-36.999,5.7412,1.2346,-41.003,1.9255,24.452,-41.85,-50.751,2.7207,14.983,3.0461,6.6244,17.688,17.016,9.5734,21.103,22.027,1.3248,11.297,11.921,-23.332,10.561,76.702,37.892,-23.068,-10.198,-15.509,-43.385,-17.231,-3.4765,-30.199,-10.334,12.946,-27.538,-36.263,12.771,24.211,8.3608,12.55,7.7999,-12.455,-19.686,-1.1855,18.73,1.9757,-8.4258,23.058,18.216,-24.803,-20.555,6.4578,15.463,29.364,35.99,19.356,-10.235,-28.039,-7.7162,3.848,-17.309,-13.61,-4.2366,0.52006,38.657,19.177,-55.555,-33.765,14.359,-7.9583,-2.1766,7.7311,-27.102,-7.7317,34.408,16.524,-10.026,-17.779,-1.5551,27.242,10.773,-6.2168,11.03,2.5503,5.8403,25.986,-5.231,-10.004,20.814,-15.541,-37.223,-0.35572,-3.3684,-0.64434,27.608,-0.074307,-10.077,25.798,-1.9976,-41.649,-16.336,-2.7891,-10.505,3.7294,6.2393,5.5789,23.974,5.2166,-32.214,-4.5253,30.817,-3.6596,-21.377,22.953,32.854,-4.4862,-14.023,2.5358,8.3284,-0.20614,-10.579,-5.9719,7.9243,9.6948,-6.4865,-20.74,-0.14275,22.055,-9.4825,-30.361,7.101,22.85,-4.854,-30.659,-32.349,17.382,51.071,-4.7746,-29.269,21.925,19.409,-8.2377,10.478,0.56013,-19.435,14.389,16.03,-35.149,-27.452,24.201,15.287,-12.899,11.559,13.958,-23.46,-12.202,4.0168,-9.3089,24.977,35.871,-22.287,-14.026,19.919,-15.071,-15.591,11.301,-3.7567,1.9612,-0.18899,-27.485,-2.5532,7.9309,-4.1059,43.72,34.69,-37.13,-13.501,13.622,-29.053,-24.098,-7.7686,-15.355,27.237,46.768,1.3122,-10.418,7.3598,8.5261,5.4652,0.40427,6.5497,7.5629,-23.627,-30.183,-1.2345,1.8471,-5.0469,4.8538,11.939,13.979,-2.9913,-31.249,-14.23,28.486,26.688,-1.3854,-5.5153,2.36,-0.21445,-7.5964,-19.306,-25.185,-5.9235,7.0472,-4.7777,3.5776,15.026,-4.5391,4.9154,33.652,10.29,-10.102,12.481,23.03,21.237,5.6088,-27.254,-7.6799,26.006,-19.198,-51.756,-13.709,-13.009,-34.145,6.5503,25.274,-16.783,-6.3486,39.96,14.055,-28.087,-13.106,9.4999,22.242,24.847,-1.6042,-1.1843,20.2,-9.8665,-18.856,23.579,6.4401,-27.547,9.0214,32.386,2.8569,-16.908,-1.5404,22.127,-2.1601,-42.255,-21.504,-2.2461,-10.554,8.6711,-7.5229,-35.098,20.273,28.388,-41.015,-12.834,52.457,25.426,-15.435,-17.808,2.714,24.224,6.0739,-7.2157,6.7138,-2.3726,5.6093,20.234,-22.983,-27.834,28.294,23.867,-6.7214,3.3167,5.8814,-4.6935,-8.3892,-1.7677,8.7936,-10.942,-12.634,33.699,13.139,-55.453,-43.036,-5.3586,-3.8738,-4.6842,-32.32,-43.228,26.501,59.392,1.745,-17.199,25.207,34.265,2.2809,-9.0872,20.875,42.405,16.899,3.6015,40.79,38.067,-26.502,-30.972,15.597,-6.09,-44.322,-26.468,-22.451,-33.253,-18.317,-17.905,-17.809,-6.2368,-25.849,-26.455,2.6644,-9.7639,-13.187,18.746,17.302,15.493,29.894,18.562,29.704,61.364,59.091,54.75,42.619,10.02,9.212,11.511,-10.206,-13.957,-23.865,-46.143,-47.974,-56.553,-59.461,-43.97,-51.523,-45.862,-25.125,-50.872,-53.275,2.0492,23.914,26.125,51.523,70.598,90.743,98.49,69.029,49.386,46.276,32.502,25.939,14.517,-25.686,-60.981,-50.212,-18.465,-33.893,-65.738,-45.26,-45.409,-81.316,-45.596,0.7435,-17.199,-8.7337,12.422,-1.7353,14.158,25.574,5.2711,42.497,82.125,40.327,15.846,55.907,71.928,24.65,-23.8,-14.93,-1.305,-25.048,-21.83,-9.1287,-36.766,-30.6,0.88279,-21.333,-34.741,-9.0563,-3.3502,3.9359,6.4732,-36.44,-47.663,3.1938,19.899,-2.1047,7.8871,30.869,26.747,14.92,6.4034,2.3505,19.296,25.614,-0.81893,4.1632,32.836,4.7554,-27.641,-3.1132,8.482,-5.9395,-2.8987,-5.6525,-10.634,-0.49012,-8.4933,-19.24,-4.4313,-2.8482,-19.916,-15.432,0.96696,-6.7206,-22.697,-3.6133,23.563,7.9497,-2.3103,27.356,21.868,-25.932,-24.47,26.704,38.4,-6.493,-25.483,13.164,26.204,-7.9967,-5.141,24.915,9.6024,-4.5437,31.978,36.844,-23.332,-48.763,-26.293,-36.56,-39.824,6.0567,16.96,-1.6571,11.592,2.8631,-23.382,-7.8018,5.2993,2.7434,5.6575,1.6781,28.914,41.923,-18.438,-13.244,41.247,-15.125,-37.766,39.389,18.82,-22.124,28.244,14.64,-39.074,-21.033,-3.0832,2.2499,0.62032,-24.335,8.8203,37.384,-31.124,-48.006,8.0701,7.4634,12.381,47.283,13.133,-46.226,-39.123,18.672,38.823,-14.518,-25.126,31.012,24.174,-8.1104,1.37,-11.926,-5.9882,23.754,-20.967,-42.497,18.39,28.208,6.253,11.019,-15.377,-28.672,5.3653,17.402,8.7756,-3.7578,-8.2999,21.957,22.712,-8.5512,13.709,25.397,-27.918,-57.445,-39.242,-1.8306,19.457,-19.901,-38.255,9.2922,17.248,11.968,51.294,29.073,-30.924,-2.0576,44.627,20.303,-15.266,-12.722,8.6408,8.4538,-17.082,-19.431,1.5244,1.2051,-11.641,-12.838,-8.9962,-3.3727,4.9537,7.1601,-0.73955,-4.9913,3.0471,7.4234,0.52949,-8.1598,-10.249,2.4916,15.469,15.414,14.425,-10.872,-49.677,-18.462,41.528,26.331,-8.2116,-1.4213,4.7493,-0.43262,-8.9512,-6.7935,17.333,10.604,-14.737,-1.5539,-1.6103,-5.287,36.705,24.641,-35.22,-20.228,7.0281,-6.7598,1.0477,-0.59119,-17.882,-3.8396,-1.6036,-8.44,9.1069,8.5094,0.58649,-0.26848,-22.092,-14.096,16.852,-6.4075,-21.223,19.692,31.269,6.5767,5.2039,17.652,16.081,5.987,2.8804,2.3727,-0.66447,2.939,-0.069391,-4.8484,1.5416,-20.009,-36.907,0.54347,2.2804,-26.377,4.0486,3.4219,-32.789,4.7252,10.429,-39.059,-0.19648,35.828,-3.8241,6.7456,27.293,-11.017,-17.885,15.213,42.854,47.21,4.6202,-16.189,18.105,24.517,9.3282,-1.6861,-33.982,-36.267,-5.9833,-5.2758,-9.1856,-13.507,-29.748,-12.539,6.7979,-4.9905,-7.1073,-14.5,-16.575,21.537,23.036,-19.991,-16.575,7.6877,8.0402,16.354,32.477,35.684,19.995,1.7582,8.9271,6.2163,-19.808,-5.8317,24.43,10.957,-1.5534,12.03,8.946,-15.781,-27.374,-16.563,-21.535,-38.14,-18.062,-8.9253,-36.02,-16.056,13.596,-5.9689,8.6461,27.092,-15.5,-14.772,20.487,7.9439,25.357,59.144,27.754,10.159,18.101,-4.9518,0.90627,15.769,-16.09,-10.7,24.615,5.9352,-8.8454,7.9389,-0.23907,-10.398,-10.495,-32.511,-46.774,-39.824,-39.837,-37.705,-32.279,-30.845,-12.959,5.0731,7.3306,28.5,53.397,51.045,57.402,60.016,27,23.527,53.237,40.09,16.16,9.9614,-21.97,-40.826,-35.181,-65.206,-73.398,-28.241,-22.365,-34.297,-9.7309,-9.9925,-23.7,1.5162,16.758,-0.96619,-16.954,-5.1178,40.092,53.18,16.338,25.164,57.63,26.884,-3.8871,8.0195,11.981,11.354,3.711,-22.895,-24.964,-7.9758,-1.2132,4.9977,-9.7913,-24.842,-3.4996,-23.044,-71.424,-24.17,40.105,4.4407,-24.497,10.785,25.33,11.2,-5.7433,-24.187,-8.7729,27.029,27.225,11.054,15.633,21.34,5.4415,-9.0465,12.826,34.675,7.836,-11.554,1.8072,-20.202,-45.673,-18.732,-4.6533,-6.7263,14.26,-4.2301,-34.393,8.194,33.5,-5.811,-8.9836,13.791,5.888,-1.288,-9.8577,-21.313,-6.5302,4.323,12.758,36.406,9.605,-39.573,-13.372,20.955,2.7794,5.2371,13.57,-13.585,-1.9493,40.63,22.232,-18.353,-16.334,-11.41,-12.451,7.1259,7.311,-16.155,-5.057,13.337,-6.7086,-15.245,0.65997,-3.6212,-9.7962,-1.4726,2.4136,10.864,6.8227,-19.909,-15.736,9.0519,11.237,19.166,15.502,-18.386,-7.3942,25.756,2.9193,-10.923,14.766,14.876,6.4465,5.276,-11.444,-6.6662,11.621,-0.11042,-16.141,-35.493,-44.091,10.246,42.028,-10.369,-25.006,12.43,12.601,6.4992,-3.5114,-34.857,-4.4459,45.85,15.23,-3.3694,27.361,2.754,-37.084,-14.079,13.786,12.005,0.74545,-5.112,16.536,23.705,-23.504,-42.681,-2.016,14.458,4.6804,8.0912,-6.6777,-16.394,19.635,20.315,-31.688,-22.089,27.096,19.122,3.7115,0.35658,-34.211,-24.166,25.588,-0.83621,-25.058,26.399,29.167,-15.191,-14.536,-2.3695,18.719,32.97,-24.962,-46.387,25.56,30.23,-23.472,-5.7062,22.866,4.1157,-7.9236,5.5657,21.954,-0.38809,-34.563,4.0842,40.883,-13.224,-49.201,-17.408,4.7054,4.8989,-10.298,-22.265,-0.61734,5.9722,-0.80769,25.227,26.924,5.6896,13.297,-3.2359,-19.744,17.56,24.769,9.2906,19.619,-18.266,-46.006,4.2733,-6.4102,-47.966,14.745,44.602,-21.804,-26.093,15.772,12.516,9.1595,14.438,12.481,18.995,-13.029,-67.837,-38.713,32.547,30.217,-2.324,1.6215,-5.0346,-25.514,-6.0849,16.264,8.1874,18.351,24.924,-7.2975,-2.6214,33.794,11.421,-22.589,-13.741,-9.9827,1.0331,21.748,-7.8024,-38.005,-13.22,8.7248,10.565,4.9943,-12.607,-3.3996,12.255,-6.2347,2.4055,16.575,-28.106,-34.796,13.846,9.0761,-6.1389,16.127,18.817,17.278,11.134,-18.622,-3.7879,16.732,-18.092,-3.0098,35.712,-14.632,-38.667,11.501,15.133,12.431,37.871,0.69463,-34.352,3.9175,6.4279,-36.736,-26.008,15.422,22.218,-7.6532,-41.912,-27.149,18.512,13.596,-10.964,8.4327,8.9254,-26.002,-15.47,15.589,17.37,25.077,23.976,9.827,27.48,21.039,-10.501,17.524,19.05,-30.427,3.1003,19.457,-57.797,-34.584,34.21,-22.252,-48.523,4.7185,-6.7737,-23.519,-3.5935,-11.014,8.0668,31.491,-14.027,-23.436,37.149,48.359,3.5838,-19.812,-3.2861,17.05,8.3971,-4.1876,-2.9463,-4.2984,6.8213,23.077,19.643,12.233,-5.0104,-16.321,12.467,20.018,-2.9584,12.053,7.9371,-42.58,-47.134,-21.169,-12.975,-3.2208,-14.388,-31.335,-17.246,-21.495,-31.603,1.7723,26.327,20.467,12.545,3.7326,14.561,27.796,17.889,37.999,68.955,48.4,30.974,43.495,41.691,23.24,-17.772,-51.689,-27.168,-14.308,-54.16,-75.25,-82.087,-89.008,-67.635,-73.781,-94.124,-29.307,46.444,47.019,61.307,102.63,100.34,91.87,95.971,68.48,39.768,28.903,-3.702,-28.114,-14.643,-21.647,-54.39,-53.414,-31.043,-29.097,-42.903,-52.874,-37.742,-13.997,-28.699,-39.31,9.0332,35.085,0.076444,-0.13672,30.714,18.283,13.805,41.953,27.244,2.3801,26.653,25.998,-3.4274,24.801,44.961,-15.533,-49.021,-8.5404,19.224,17.818,7.055,-19.243,-21.317,5.688,0.47706,-32.423,-51.418,-50.197,-19.655,14.444,3.4175,-17.971,-6.7143,2.7013,4.9579,27.834,35.403,5.4333,-1.7125,37.479,56.287,18.581,-20.665,-14.89,2.2247,-6.3252,-16.906,-7.7443,2.65,-2.8213,-19.724,-19.185,16.346,34.596,-0.99609,-27.019,-6.0177,19.566,25.539,4.0336,-31.042,-32.156,-21.561,-25.647,8.2775,31.731,-21.781,-26.48,38.774,11.788,-44.061,10.54,52.089,6.8444,-11.306,4.3217,9.4483,32.434,40.225,0.87476,-26.846,-24.014,-11.495,8.0483,7.2922,-4.6249,7.8621,-0.7206,-29.697,-3.4846,16.839,-34.053,-43.294,13.071,17.52,-15.829,-19.905,-12.828,12.365,42.836,18.091,-14.694,7.0507,18.859,-4.1343,2.8332,19.843,-6.5504,-19.351,19.133,31.606,1.8195,-7.2515,-12.009,-22.59,6.3618,21.66,-17.603,-26.747,-6.6473,-19.3,-14.879,18.922,14.355,-10.194,-3.9702,13.408,5.8498,-10.967,4.4847,17.798,-10.546,-11.229,15.704,-8.1714,-17.703,26.011,19.411,-15.798,2.6135,19.565,3.0992,-7.5176,-6.7417,2.3407,2.0369,-16.937,-11.855,15.938,18.222,-4.5207,-21.137,-10.553,8.6251,0.66634,-6.5858,12.32,16.62,-7.3111,-31.451,-24.021,21.738,33.942,-13.921,-25.303,13.062,15.964,-11.441,-17.096,1.0363,23.615,31.419,16.892,-11.55,-25.105,-7.2443,-1.9606,-12.571,9.1682,16.607,-9.2085,7.4616,22.85,-9.799,-8.6538,4.9072,-19.502,-15.997,-1.6841,-15.074,-2.1156,12.601,2.5361,13.526,10.655,-13.704,0.7357,13.47,-2.2383,-4.0774,-8.9832,-8.7455,18.551,14.321,-11.825,1.804,15.914,1.7848,-3.3793,0.70951,0.33383,-2.5168,-11.526,-15.916,-9.7555,-10.295,-11.543,9.5744,29.128,11.01,-6.5987,8.4991,6.3555,-9.3913,7.359,6.2078,-19.538,1.7509,17.699,-16.049,-13.095,10.601,-12.324,-14.95,16.96,7.0429,-16.383,-6.3288,3.0478,7.4722,23.052,20.59,-6.0275,-17.693,-4.1324,4.0803,-6.19,-12.035,-1.3455,4.5752,-4.5253,-5.0857,13.867,26.546,15.112,-4.2208,-11.705,-5.8898,4.1414,5.2044,-10.726,-23.468,-5.9566,11.663,-8.6589,-21.937,1.8582,13.961,7.8926,2.5804,-13.873,-6.8737,21.896,1.7845,-26.975,-5.6145,17.456,33.475,32.632,-13.202,-14.939,28.242,4.2947,-24.156,-8.2967,-19.05,-4.1732,29.375,-7.9422,-15.152,21.901,-14.905,-25.844,25.459,3.3065,-22.323,14.424,4.7853,-30.117,-28.203,-20.634,-0.92125,13.178,4.5126,14.911,14.489,-2.3095,17.54,23.696,7.476,24.347,16.274,-11.607,16.566,25.527,-21.501,-30.175,-0.98555,8.894,-2.3496,-19.133,-17.057,-1.4602,-3.784,-22.75,-41.482,-27.234,17.84,18.91,-19.323,-25.766,-14.234,-1.5788,20.349,26.395,26.545,25.863,15.38,37.61,52.301,5.8896,-2.0506,31.893,4.4495,-21.53,-1.6128,-7.4715,-15.468,-9.2826,-31.283,-40.878,-24.212,-25.484,-32.838,-34.479,-31.951,-19.407,-10.844,3.191,17.79,16.877,41.463,58.551,21.704,26.509,57.558,19.751,16.599,60.549,18.07,-28.076,-0.74032,-0.5795,-24.813,-39.403,-59.409,-40.245,-21.883,-49.142,-30.124,7.7626,-11.14,-7.4207,11.208,-12.524,-0.9609,33.911,22.363,27.725,54.15,30.855,-5.691,-9.5635,0.12122,9.3362,11.806,7.7486,2.8517,5.973,18.785,0.018627,-43.219,-31.866,5.0645,-7.7734,-21.081,-2.3849,2.131,-2.8586,-2.0813,-7.4939,-10.361,-16.008,-22.944,-2.1233,20.394,9.0914,0.11228,12.746,17.239,10.789,6.4072,6.6791,18.169,18.828,-12.114,-18.179,20.054,16.666,-16.641,7.4805,25.465,-16.254,-28.155,-10.359,-14.01,-1.1833,-1.2508,-37.622,-19.487,21.702,0.33362,-11.481,11.61,9.7394,7.683,9.673,-3.9058,11.656,29.958,-1.9886,-23.67,-0.32349,19.998,12.776,-15.125,-27.327,-2.3553,10.313,-1.7664,5.3253,14.48,2.1051,-3.9215,-5.4573,-9.6848,6.251,15.362,-12.049,-23.436,-1.5906,-0.5643,-5.5659,13.883,8.9589,-14.026,0.3729,15.11,3.3773,3.4084,1.0488,-12.877,-9.2159,-8.6879,-9.4502,16.963,22.966,-6.6115,-12.88,2.0256,5.9831,1.1954,-6.1344,4.2546,26.466,15.407,-13.92,-14.029,2.6018,0.6402,-18.585,-13.928,22.298,22.89,-21.517,-29.837,4.0076,10.979,-17.955,-27.025,12.369,43.91,21.999,1.0911,3.4514,-15.882,-30.584,-8.069,8.1083,5.7694,6.9374,8.0245,9.3278,7.3445,-1.1078,0.68389,2.2281,-12.436,-18.151,-4.9949,3.7069,-0.8123,-8.7362,-12.975,-10.472,13.546,50.355,39.875,-16.539,-32.58,-2.7659,8.4452,1.2021,-3.1615,-9.696,-13.397,-11.492,-6.3991,0.67569,0.31812,-4.2368,-8.5088,-11.552,7.3516,33.838,28.331,15.31,13.882,-7.5219,-24.789,-3.5433,9.8545,-4.1525,-5.3515,-2.9835,-20.544,-21.156,4.7313,6.4493,-14.083,-9.0831,12.444,19.408,18.729,20.275,16.751,-3.157,-24.085,-8.6173,17.63,4.8535,-14.128,-15.389,-24.329,-21.293,-2.2721,3.7557,12.616,11.097,-15.123,-6.8124,20.052,8.1657,5.0066,19.894,9.0973,6.2566,15.083,0.27351,-10.258,-4.9172,3.8433,13.153,-6.2631,-28.069,-9.8283,-6.9375,-23.346,-3.0478,8.8486,-10.621,-8.2961,3.1567,4.7015,10.709,4.0699,2.378,23.156,8.2705,-28.008,-1.5796,35.733,-2.4604,-31.816,15.996,33.708,-8.297,-8.1462,4.0839,-26.324,-15.61,23.737,10.768,3.4738,14.149,-13.481,-22.862,-0.34374,-2.3682,3.9477,14.024,-15.878,-26.169,5.0058,16.762,1.3204,-15.766,-10.21,15.347,14.572,-7.6258,-17.572,-13.952,13.879,28.321,-3.2388,-8.8165,7.3479,-3.8351,16.962,26.856,-27.648,-3.9259,62.382,5.2099,-38.679,17.455,10.972,-31.562,-12.276,-5.2652,-12.94,0.62173,-5.6795,-6.1481,6.2294,-21.353,-45.724,-27.212,-1.7944,19.737,22.68,3.9367,-1.3796,0.017555,14.546,51.831,36.829,-14.345,4.12,33.194,-3.2528,-19.441,13.502,29.385,19.662,-4.3174,-28.722,-22.113,-0.67302,3.045,-14.045,-44.402,-53.195,-28.592,-17.073,-21.286,-8.5782,3.9744,1.8907,1.1796,11.235,27.428,19.139,-1.441,32.024,67.576,20.827,-5.283,44.407,35.622,-17.226,16.481,57.78,9.2854,-36.676,-28.467,-17.663,-23.702,-49.509,-64.284,-28.683,-14.982,-57.502,-49.77,1.1212,-3.8881,-14.234,14.101,18.172,14.084,29.267,27.084,32.366,49.109,37.065,46.437,73.622,39.428,4.134,18.624,12.389,-2.9878,-3.405,-31.626,-45.163,-25.947,-44.455,-70.291,-58.664,-56.63,-65.619,-63.719,-54.086,-14.848,32.7,49.333,56.672,58.226,55.533,71.63,66.723,33.965,34.013,37.62,1.74,-22.944,-16.562,-7.8941,-2.588,-0.53976,-3.2099,-21.687,-51.894,-51.211,-29.905,-29.653,-27.912,-20.985,-22.093,4.7821,25.486,-9.7003,-17.523,26.888,23.241,-12.304,5.0908,35.903,25.594,15.367,29.012,25.036,10.093,30.549,37.596,-14.541,-30.693,13.991,5.9484,-31.338,-9.3906,-1.9966,-39.26,-28.789,0.93876,-17.933,-32.923,-21.315,-11.241,3.3222,-0.35164,-16.503,13.462,42.421,16.823,5.7738,13.106,-6.8714,1.0347,34.436,19.623,-1.8931,16.788,19.006,-9.1722,-6.1567,23.253,-6.4986,-63.644,-19.206,43.325,-9.4094,-43.595,-5.479,-10.018,10.422,47.646,-23.331,-43.219,35.357,8.448,-20.546,29.429,-20.525,-57.074,18.687,11.515,-11.665,37.991,3.8859,-22.382,37.901,14.948,-10.998,39.73,5.3104,-42.647,4.1436,17.232,-6.1318,4.8172,17.267,16.122,-20.571,-44.667,4.498,2.6133,-43.156,-2.451,1.3525,-45.001,16.553,43.547,-30.008,-5.0002,50.663,10.588,-6.0947,15.563,1.5436,-15.988,-4.7545,25.941,11.531,-42.379,-4.8641,53.362,-0.35933,-27.044,12.016,2.9951,3.1397,3.9761,-35.7,1.218,34.521,-34.585,-26.959,29.105,-6.4702,-11.412,-3.2045,-49.046,7.0214,63.604,-34.269,-50.698,44.095,25.73,-12.024,24.06,25.345,23.822,33.073,-16.43,-34.63,12.786,16.407,-11.507,-19.977,-33.202,-29.454,4.3797,14.067,-2.8088,-1.8446,3.0736,-13.729,-9.3109,20.951,6.0715,-17.05,20.898,28.881,-13.99,7.3586,37.781,-9.9296,-36.046,-11.841,-13.221,-18.803,1.5865,23.464,21.88,-11.442,-12.584,34.561,24.953,-14.637,16.115,29.513,-29.459,-47.498,-3.3324,16.836,-11.266,-30.03,6.0949,20.548,-33.183,-30.121,39.743,32.251,-17.868,-7.9099,13.736,10.14,3.5278,-3.398,0.99565,7.079,-1.5415,-5.8018,-8.9001,-5.3317,18.901,19.391,0.86484,5.7034,-5.2923,-19.509,8.5868,6.0242,-26.37,-0.87748,19.755,-12.779,-17.531,-0.79554,-3.9655,1.5658,4.1672,-6.3339,-5.4139,-8.3098,-6.9031,11.993,12.545,14.045,28.429,1.5933,-21.653,6.8767,8.3589,-8.9932,14.672,10.73,-27.057,-23.206,-10.559,-5.754,16.337,1.657,-24.485,12.134,35.178,14.079,24.369,19.421,-26.31,-18.601,11.292,-10.138,-24.012,-17.286,-30.652,-21.502,15.539,16.712,-7.8926,-5.3131,19.384,21.786,-4.4492,-10.503,12.71,18.995,5.7657,-5.3883,-10.994,0.51568,10.294,2.5851,13.979,20.347,-9.9673,-3.3405,28.169,1.3148,-16.855,2.329,-23.84,-35.184,7.7354,0.93579,-14.304,16.254,-13.061,-52.972,-6.4225,6.3734,-27.117,2.7164,24.73,4.799,14.073,9.6314,1.0518,38.741,26.192,-17.813,14.807,22.701,-17.973,22.679,52.705,-11.25,-13.704,43.083,19.678,-22.039,-11.554,-16.932,-42.89,-53.916,-63.758,-48.895,-4.1771,-1.7838,-33.932,-22.236,6.9665,3.172,5.9739,28.83,37.152,35.563,36.514,37.736,31.143,14.139,31.811,71.358,41.538,-1.7682,26.641,24.621,-21.461,-11.056,-15.925,-70.411,-71.617,-60.783,-88.514,-83.637,-67.374,-75.477,-58.638,-22.01,20.209,70.514,90.334,92.966,99.588,80.046,67.737,80.126,50.864,-4.4951,-12.142,8.7038,-11.993,-56.788,-34.024,6.4904,-53.199,-96.238,-29.511,-13.56,-53.067,-23.349,-9.9007,-40.891,-15.293,15.421,9.9387,25.714,35.25,18.268,18.99,33.927,27.647,-5.2211,-3.2628,49.899,46.332,-1.9824,6.2902,4.8153,-21.569,4.322,-1.7006,-42.622,-0.46016,33.861,-10.42,-24.166,-4.5057,-4.8328,-20.217,-42.191,-17.533,22.543,-17.35,-44.711,-3.7898,-13.269,-33.129,23.811,56.562,26.716,9.8087,11.062,12.042,14.734,10.38,1.7571,8.3324,29.408,12.304,-38.969,-16.719,50.412,26.619,-27.641,-10.398,9.1602,-3.3112,-4.7881,-12.329,-34.103,-34.097,-20.825,-33.074,-42.216,1.6494,28.243,-11.99,-7.6076,43.277,22.895,-8.8947,15.254,24.121,19.839,14.857,-13.69,0.63023,40.703,16.57,-7.823,9.3428,2.2292,-8.6252,10.078,16.113,-12.49,-43.759,-22.268,18.068,-8.4689,-41.117,-25.946,-33.921,-28.587,24.021,14.14,-32.772,-10.72,28.475,32.089,16.431,-4.6116,6.4684,34.717,33.746,23.305,9.1485,7.1404,40.923,23.082,-44.36,-26.615,16.254,-24.222,-52.919,-28.402,-10.302,7.3556,0.011236,-36.562,-16.762,27.42,15.194,2.397,6.868,-14.826,-10.362,21.42,-1.334,-24.999,18.819,38.924,3.2261,1.3965,21.75,6.8649,5.6156,34.081,16.863,-34.834,-30.651,15.931,21.213,-6.6273,-10.652,-4.376,-18.049,-35.026,-45.147,-51.439,-31.296,21.645,55.638,34.229,6.5689,12.349,13.168,7.2925,18.204,4.9747,-12.748,4.6819,-22.114,-49.805,39.011,75.333,-30.859,-40.478,36.082,0.21211,-32.299,19.769,16.182,-17.707,-8.1491,-6.4715,-2.2852,8.7707,-7.0178,-7.2624,-5.3872,-29.51,-9.3342,20.514,-9.4606,-16.386,7.633,-7.2303,-8.3072,13.146,5.8646,14.528,35.171,28.899,42.672,45.099,-4.5412,-20.654,-18.906,-53.084,-41.193,-5.5095,-10.79,13.834,21.707,-29.312,-2.4394,28.933,-42.422,-27.139,43.064,-17.92,-33.903,44.564,11.178,-25.742,33.383,34.233,15.815,28.718,-23.855,-45.156,16.771,16.198,-14.118,5.2828,6.3903,-7.2447,-8.0909,-14.284,2.8993,16.231,-10.269,-17.545,-9.2481,-14.857,8.0286,29.698,3.1461,-17.518,-7.0948,6.0321,14.172,5.0687,-18.168,-23.113,-3.2997,15.256,10.236,-4.0268,-0.052915,13.909,21.901,15.293,-9.4254,-13.688,16.267,24.413,1.1069,-14.614,-19.826,-13.573,1.9373,-1.1552,-15.539,-11.021,1.8168,-5.9223,-24.506,-13.523,18.491,22.656,4.9837,-5.0881,-4.5164,11.185,20.939,11.45,16.054,19.361,-0.22404,-7.596,-18.969,-32.998,0.14274,10.429,-30.041,-9.5064,30.683,4.1842,-1.8207,21.883,5.8134,-9.4486,-13.129,-15.847,11.956,11.118,-29.582,-20.813,3.3187,2.8395,22.717,19.409,-5.4655,22.792,25.886,-29.401,-24.774,6.4704,-15.24,-6.5246,35.558,9.8219,-35.89,-10.402,20.914,-13.575,-33.653,11.813,27.541,0.48789,14.292,21.264,-10.926,8.0588,36.374,-6.5255,-33.502,-15.264,-16.679,-17.174,-6.8068,-3.3605,13.012,14.277,-1.7653,6.1511,-11.13,-38.329,11.658,44.166,-6.7814,-9.0879,37.577,22.17,-13.043,-11.734,-5.6732,-4.2286,0.92498,9.5583,5.7487,-26.495,-34.529,11.061,33.811,7.1599,-11.485,-11.114,-9.2271,-2.1853,5.9839,5.547,-1.9337,-3.839,4.7987,11.812,12.574,2.5298,-20.104,-24.759,-4.6962,2.8701,-3.1345,1.5443,12.868,12.774,-2.0833,-2.7523,13.986,7.9988,5.5272,28.81,5.5169,-35.568,-0.43379,31.917,-9.6684,-39.243,-25.78,-8.4479,5.62,0.33289,-14.468,-3.9941,14.665,19.047,7.3482,-10.946,1.9434,28.179,5.9355,-28.963,-13.409,15.711,9.7878,-2.4286,12.419,13.585,-23.734,-29.356,10.301,15.574,-2.9639,7.4465,13.346,0.49337,3.4698,13.099,-0.47155,-24.547,-15.057,12.122,-5.6249,-27.268,-0.23787,6.9412,-11.696,-0.43752,4.8568,10.49,35.437,4.0178,-36.717,-1.2836,10.87,-19.114,-0.17092,8.2266,-18.547,4.93,30.613,-4.1398,-21.9,16.847,42.862,9.3753,-19.991,13.655,24.128,-26.725,-23.134,24.184,6.7672,-25.87,-16.208,-14.028,-21.585,-13.715,-4.5559,0.59172,3.7192,14.065,25.813,6.2332,-12.043,4.5023,-5.0276,-27.79,5.1201,24.823,-6.2937,-2.6669,14.848,-0.50518,11.092,17.63,-24.088,-0.16438,68.642,23.799,-48.892,-6.2311,40.986,4.6611,-29.358,-20.778,-5.6921,-11.579,-29.026,-13.41,9.0053,-18.739,-30.148,12.187,9.7747,-41.441,-39.318,9.453,25.951,5.7208,3.3793,27.942,30.417,11.009,15.026,35.358,46.054,41.533,21.882,7.6125,-0.58418,-13.547,-12.487,-21.848,-46.02,-21.236,1.0142,-28.945,-11.628,11.299,-51.091,-62.73,-6.5475,-25.539,-53.047,-21.764,-6.7239,0.76523,6.6191,6.0722,51.272,73.302,47.304,81.708,98.217,36.133,34.121,51.228,7.5728,9.1958,21.104,-24.389,-34.343,-38.094,-79.384,-71.235,-61.774,-101.55,-92.154,-60.973,-84.124,-86.496,-36.143,5.1549,39.203,96.624,138.56,123.22,105.44,120.51,102.43,54.819,26.541,-10.065,-29.447,-12.146,-33.945,-59.38,-38.729,-53.773,-82.108,-60.439,-43.215,-35.746,-40.504,-70.458,-29.516,41.432,13.426,-12.077,27.939,36.297,30.127,34.006,28.284,49.262,53.247,23.308,33.928,29.533,-3.4553,21.786,18.799,-42.497,-37.239,-17.548,-39.924,-18.134,10.193,-10.011,-20.384,-19.658,-22.266,-11.478,-9.7056,-15.417,-3.2252,22.973,31.218,-7.9412,-27.892,9.6343,2.868,-23.366,13.347,7.9768,-25.146,26.681,46.756,13.335,48.658,50.628,-10.068,11.342,36.94,-14.38,-32.858,-20.774,-29.967,-36.069,-46.222,-32.206,3.9732,-22.352,-45.402,14.185,43.085,17.222,27.25,44.459,34.573,18.508,-12.58,-35.05,-29.087,-16.412,14.024,26.881,-19.698,-28.253,25.8,16.172,-35.069,-21.323,12.383,12.223,0.75534,-6.7397,14.504,37.187,6.029,-3.7731,39.754,22.081,-23.702,-1.043,-5.4881,-51.498,-18.293,22.924,-17.098,-34.747,-4.2795,2.4093,4.0796,6.9752,-11.357,-11.219,3.4649,-8.5101,-14.213,9.3172,23.494,10.857,-1.5518,21.963,53.845,28.306,-7.5664,16.532,25.065,-16.721,-21.12,-3.0003,-21.679,-29.837,-15.369,-12.185,-3.5646,-6.8314,-30.566,-14.758,13.598,-4.5741,-13.642,10.496,21.966,22.942,6.0848,-24.651,-0.1144,48.348,25.391,-14.023,0.77742,4.1437,-23.536,-12.784,17.265,6.8072,-5.1105,13.466,12.72,-2.1044,14.755,17.824,-23.427,-36.297,-3.264,4.8874,-17.107,-14.218,-0.086895,-22.544,-38.855,-3.8424,13.341,-2.0387,27.47,51.981,8.4959,-6.8148,25.091,10.284,-29.11,-30.496,-3.0216,26.212,18.596,-10.225,1.1796,20.488,6.7777,-1.28,1.382,0.67866,-1.2008,-20.785,-28.27,-2.0195,2.5212,-8.8168,-0.436,-6.658,-13.747,5.3944,7.6581,2.2501,7.0457,-17.398,-30.4,6.1119,16.17,-2.0118,20.108,40.391,12.206,-11.188,-3.502,2.5117,2.6565,14.841,23.111,0.51013,-24.344,-5.7082,19.157,-1.1549,-19.065,-4.6199,-13.203,-27.713,-0.42275,3.2091,-31.627,-21.326,10.799,9.1919,0.42449,-10.31,-1.1486,38.481,14.329,-39.782,4.6524,48.366,4.8184,-9.4848,3.3157,-11.59,19.132,57.149,13.686,-24.793,0.76109,12.558,-19.891,-34.237,2.3597,23.877,-5.5919,-19.359,-14.836,-29.209,-22.174,-13.862,-40.445,-26.898,21.901,28.866,25.666,33.918,23.509,5.2326,-17.173,-23.65,10.287,26.47,3.8723,-0.49005,19.875,31.446,7.3002,-23.303,4.095,26.738,-10.568,-8.9974,9.7398,-36.99,-44.572,-2.8138,-18.144,-21.188,20.326,19.373,5.9485,-0.11232,-29.028,-21.859,9.3143,-3.1979,-10.357,5.9387,-0.96438,-4.4051,19.843,38.964,29.359,5.7732,2.0177,3.4636,-4.6188,16.755,29.726,-7.4727,-10.294,14.089,-17.388,-27.091,22.742,20.889,-25.94,-29.507,-9.1047,-10.15,-18.677,-13.192,-18.745,-42.359,-23.391,11.008,-12.426,-1.5684,64.07,27.049,-43.046,18.966,78.217,29.79,5.1661,22.533,-0.0044284,-25.721,-12.82,5.2311,0.65529,-13.973,-4.616,19.444,14.559,-7.0325,-13.137,-13.647,-12.195,-1.8129,2.3266,-6.5656,-17.635,-25.848,-19.764,8.036,19.162,-15.958,-44.6,-30.009,-17.054,-8.5704,23.242,29.875,3.4097,11.493,27.631,5.0612,15.045,74.518,77.711,17.079,0.97194,36.078,35.841,3.3796,-5.0372,-5.7299,-21.817,-35.385,-47.036,-56.83,-64.624,-90.258,-101.8,-69.392,-47.761,-44.402,-11.655,21.974,37.015,66.09,88.816,94.8,120.15,131.96,85.049,38.955,43.983,32.593,-32.486,-60.6,-31.378,-42.336,-77.324,-66,-57.899,-71.191,-65.486,-58.147,-36.337,-2.3165,-11.528,-0.46578,51.029,23.681,-14.834,36.74,50.754,21.504,48.431,41.031,1.8874,39.811,55.267,4.9464,12.839,37.263,-2.7408,-28.667,-11.442,-5.1027,-16.114,-28.669,-36.348,-45.684,-52.252,-26.79,-0.027118,-15.367,-18.109,11.119,10.299,-0.93763,12.79,4.8818,-9.9431,14.67,24.27,6.7891,18.119,12.31,-23.146,8.5504,54.611,15.346,-7.0302,33.605,31.736,1.035,-6.2977,-17.606,-13.819,-1.4018,-19.351,-17.026,1.2642,-19.353,-24.245,-4.4597,-17.738,-30.251,-20.978,-4.369,16.869,-11.196,-39.763,27.835,57.889,-13.348,-14.609,32.99,15.03,8.2943,20.449,6.172,30.383,51.32,5.55,-15.618,-2.6275,-14.284,-7.7324,7.7755,-22.144,-44.741,-16.72,6.9837,-13.048,-26.671,0.73013,-2.3894,-28.47,24.497,55.936,-30.667,-46.45,33.507,10.306,-37.611,-1.0225,-7.5219,-14.569,65.362,66.726,-15.374,-10.498,18.775,4.421,24.174,28.781,-20.762,-20.162,15.999,0.44936,-26.174,-22.458,-18.574,-22.331,-17.714,-0.80661,6.4099,-13.652,-24.226,0.3768,18.909,5.7524,-4.9779,14.971,28.037,-7.4611,-33.266,1.6004,28.265,21.299,29.285,21.28,-13.6,-13.642,-3.3198,-10.538,11.619,21.356,-26.769,-32.907,31.747,44.938,-14.412,-40.185,-8.9445,11.026,-4.1674,-25.914
-1.6305,10.581,-17.553,-14.41,20.739,10.524,-7.397,-3.3393,-10.075,-4.6287,13.729,9.4616,-0.76787,-6.6789,-11.853,-3.9953,0.7576,-0.56923,8.9057,7.626,-6.3681,-9.6579,-10.304,-6.2257,1.4799,-8.4427,-9.2797,10.551,4.8146,-7.4698,16.215,26.038,-4.6015,-14.865,10.057,24.411,22.594,18.066,-3.3263,-26.116,-12.092,10.939,0.26935,-15.717,-13.779,-14.959,-20.268,-27.63,-36.122,-11.68,28.614,20.921,2.4368,28.293,34.383,3.0562,10.856,26.379,-7.5048,-16.967,12.713,-4.7031,-37.241,-14.606,12.07,6.7139,6.2929,11.591,5.2807,-2.9181,-9.2564,-12.852,-4.2493,5.8978,-7.8381,-28.675,-13.979,12.115,6.482,1.8638,11.297,-0.51856,-7.6766,8.3509,9.5999,8.9493,17.936,3.5311,-6.7942,7.4266,0.31174,-14.271,-0.73153,3.7045,-11.352,-6.1795,11.781,8.8459,-2.6705,-0.083247,-8.3879,-32.125,-20.567,10.013,6.6639,8.9219,29.187,9.5274,-17.36,-5.2772,-0.28071,-11.93,-7.5576,6.6858,17.447,7.9523,-14.568,-3.5596,23.076,15.428,-0.059084,2.4545,1.704,-5.308,-6.5022,-2.2161,-6.5665,-19.472,-12.684,-1.5991,-15.711,-10.732,14.754,3.0064,-5.5799,14.212,-7.1541,-26.351,26.705,53.214,14.588,9.9402,16.557,-21.956,-22.056,20.734,4.4032,-29.433,-9.9281,-7.2638,-34.96,-18.172,14.951,11.972,6.3826,13.932,12.704,0.81653,-15.394,-20.074,-1.9924,14.714,8.7006,-5.2297,-3.7797,7.1157,4.8347,0.015349,9.8792,13.351,-0.33003,-13.756,-10.888,10.96,16.625,-4.342,-0.51336,10.94,-14.678,-18.824,13.223,10.957,-14.56,-17.133,0.45491,13.424,-8.6117,-25.432,5.3777,10.974,-17.069,-12.039,-7.7446,-2.6911,30.123,16.794,-7.3617,21.529,6.6217,-21.329,23.446,25.426,-9.3296,20.487,11.66,-35.414,0.28004,24.583,-15.236,-14.189,-0.89827,-23.857,-28.2,-14.642,-8.8059,-5.9123,-5.1772,9.4659,22.19,7.9508,5.0238,14.606,-2.5367,-14.798,9.2566,31.218,14.45,-16.195,-10.886,6.5776,-7.5348,-8.2342,14.599,6.3947,-4.2357,8.1863,0.4484,-11.756,-5.2389,-2.7487,6.9774,15.074,-6.4871,-20.816,-9.9929,2.7908,16.348,9.7413,-16.058,-14.07,-6.3958,-22.983,-16.999,6.885,-0.40424,-13.079,2.4018,25.306,32.33,18.873,4.9982,12.258,16.934,-0.28171,-6.541,6.8981,1.251,-18.14,-13.017,0.39652,-0.67529,2.3059,1.1978,-12.167,-2.9882,9.0486,-17.203,-29.585,0.40997,8.5774,-13.775,-14.174,7.441,15.597,-0.35282,-12.515,4.2065,17.353,-2.7373,-17.995,-0.0064163,20.534,17.567,7.1635,8.6613,11.032,10.118,20.095,21.065,0.2584,-6.4214,-1.6593,-13.126,-17.047,-7.5957,-11.227,-20.475,-24.013,-15.124,7.2947,5.5939,-18.382,-13.143,9.3523,8.7486,-12.14,-22.874,4.4082,17.632,-23.682,-14.645,47.855,21.458,-27.505,17.82,44.606,14.23,25.534,49.818,42.343,35.376,24.969,5.2517,-21.255,-49.684,-46.365,-43.374,-69.643,-59.432,-38.197,-60.944,-46.884,-5.6651,-25.32,-27.8,36.348,75.203,78.776,80.408,58.308,37.37,47.481,47.644,24.855,14.83,3.5154,-38.551,-58.73,-25.764,-14.006,-34.055,-25.882,-24.789,-48.631,-38.425,-23.654,-36.172,-19.603,15.12,19.284,15.551,27.222,40.112,27.373,3.7613,22.733,42.51,9.1063,-3.7893,12.797,-6.11,-15.691,-1.928,-9.2951,-2.6676,7.4702,-9.5169,0.61263,11.336,-11.927,-2.0524,2.7486,-35.322,-19.074,15.909,-11.321,-16.726,1.6219,-18.513,-4.342,32.853,3.5738,-15.527,17.564,4.0579,-25.993,11.775,40.249,6.4468,-15.189,-8.9534,-5.9469,12.216,25.097,2.5381,-5.5436,11.536,8.6024,3.6764,8.9742,-3.6825,-15.406,-16.241,-25.322,-19.304,1.3808,2.1367,-0.53812,4.9405,0.97299,0.62008,-0.044162,-16.461,-9.084,26.197,24.16,-11.934,-21.59,-10.054,-5.5475,0.89645,8.7365,18.112,32.918,22.51,2.5497,17.723,7.0612,-42.337,-16.527,38.94,-1.2664,-46.844,-19.712,-5.8162,-12.911,-2.0265,-1.692,-1.2679,14.31,17.952,15.164,5.8792,-12.26,-5.4091,8.2117,-1.8883,3.3531,20.984,1.8782,-28.869,-26.791,-9.5819,0.67053,12.331,20.2,8.8985,-5.5319,-5.7384,3.3849,16.128,7.4033,-14.514,11.782,39.143,-7.9184,-36.062,-4.8089,-5.4273,-8.9317,11.938,-12.594,-27.889,8.4543,5.3914,-17.17,3.845,19.211,13.369,7.5891,2.0275,6.8539,-5.1999,-26.156,-1.4156,13.71,-10.261,4.0453,21.691,-5.6792,-3.4846,23.664,14.986,-5.6548,-20.137,-23.41,-0.44546,14.519,-2.0111,-21.73,-13.927,14.765,9.059,-16.475,12.437,27.855,-25.082,-23.832,25.171,1.8515,-12.639,41,34.159,-25.571,-15.385,18.6,-5.8681,-32.455,-16.34,-0.67476,-3.9934,-6.9427,-4.6018,7.6423,14.696,-8.4467,-18.215,13.137,17.6,-8.6898,7.7584,44.82,40.741,6.9755,-20.618,-19.72,-5.7373,-11.507,-16.016,-8.4682,-20.34,-28.804,-9.4421,4.9606,10.819,10.75,-8.7489,-5.771,27.387,19.582,-12.8,7.943,45.544,27.519,-15.296,-26.943,-12.816,2.4077,1.0009,-20.497,-23.888,8.2479,20.424,-6.2175,-14.925,4.2634,5.5547,-10.25,-0.98267,23.704,8.2656,-19.738,10.39,36.253,-5.9236,-27.927,-8.5727,-18.179,-18.139,11.277,15.73,22.954,28.477,-14.902,-29.627,5.5565,-0.50736,-12.858,9.7015,-1.8622,-22.506,4.469,21.779,3.9518,-4.5389,4.6041,7.3568,-3.0543,3.8689,20.62,-8.1964,-31.8,10.863,22.923,-22.206,-20.773,4.0474,-8.1161,-7.2504,18.651,30.142,15.433,-15.334,-16.101,3.6276,-16.521,-19.893,23.836,13.821,-25.303,-11.245,-7.1728,-20.565,7.5601,25.277,15.872,23.968,20.167,5.9031,11.734,-1.0202,-23.317,-10.183,4.9508,-0.59415,-9.6888,-20.052,-13.011,6.665,-0.044998,-15.57,-9.3851,1.827,9.6906,11.1,-3.8784,-12.803,3.1528,14.624,-1.5606,-11.638,10.116,23.391,14.534,16.415,0.36649,-36.931,-15.954,30.155,13.774,-7.4902,8.8057,6.6948,-7.0269,-7.4047,-13.231,-18.07,-19.04,-15.689,-0.76708,-2.7332,2.7487,45.529,31.542,-35.357,-24.502,9.8069,-15.542,-5.3539,34.258,9.7158,-18.084,-2.5476,2.1059,1.6756,18.858,32.247,21.049,-23.516,-48.838,-8.6485,23.05,7.2873,2.0159,-3.7131,-21.618,3.9925,34.143,3.8613,-25.268,-9.644,3.3308,-2.0055,-4.5134,-5.3512,-16.877,-25.144,0.039011,25.918,6.2248,-2.1119,23.943,3.8321,-33.479,-3.6433,28.536,5.7978,-11.079,6.2438,32.098,34.976,-0.080418,-23.171,-6.2013,6.1237,3.4507,-5.29,-21.195,-16.311,-5.6001,-11.896,2.4305,6.2373,-34.832,-35.441,9.3248,14.784,-1.1754,3.0743,27.23,48.081,14.672,-18.403,15.346,16.324,-20.947,-5.1243,-22.159,-73.703,-25.207,31.585,9.4734,20.955,50.939,27.528,9.7032,12.884,13.921,13.997,-6.325,-14.532,1.5327,-16.965,-36.549,-21.514,-27.303,-36.1,-17.744,-10.409,0.06609,16.985,-5.7043,-37.612,-23.515,19.429,35.605,14.903,18.172,40.166,23.644,19.498,43.498,35.634,42.503,57.821,5.7389,-28.897,-12.915,-26.075,-23.951,-22.124,-76.663,-65.171,-13.06,-60.62,-87.563,-41.415,-50.184,-46.478,27.628,59.686,56.899,77.399,89.889,79.111,58.384,69.446,93.527,25.051,-56.45,-15.785,12.941,-48.608,-63.005,-33.6,-42.845,-56.736,-56.165,-46.628,-30.345,-39.541,-42.041,0.85,32.694,38.804,48.637,31.845,3.3768,19.034,33.104,9.7666,22.873,60.54,22.047,-27.824,13.474,39.325,-11.351,-23.179,-2.6242,-22.987,-19.934,11.049,-18.163,-67.239,-47.405,8.1216,14.282,-20.578,-14.302,24.213,29.708,16.531,-7.9355,-29.997,11.26,33.362,-35.145,-43.121,26.894,31.784,18.666,31.953,6.5003,-1.5216,25.308,4.8838,-19.88,-1.4183,14.896,11.466,-13.813,-24.032,14.19,18.051,-27.532,-26.58,1.0469,-5.6359,-24.886,-32.908,-17.548,2.3048,-1.7683,-1.9881,-1.7519,-10.218,12.826,27.7,10.848,26.225,34.206,13.479,32.436,27.388,-18.446,-2.0888,6.4908,-35.396,-14.932,15.463,-19.025,-38.238,-28.766,-0.35658,40.222,11.36,-29.144,4.502,-0.023509,-46.639,-21.093,13.919,-0.92839,-13.813,-11.31,13.969,37.078,19.973,29.129,63.56,38.45,12.285,25.784,-5.4215,-51.408,-41.655,-35.592,-53.748,-35.386,1.8671,2.671,-13.305,-10.393,3.4158,23.804,36.766,14.336,4.8787,38.755,30.634,-11.586,1.6803,10.586,-23.285,-15.332,-0.1126,-32.447,-29.863,7.6874,3.2064,-4.3111,22.365,26.551,-3.184,-7.5571,14.708,6.2137,-11.557,5.3479,-4.7345,-42.578,-17.827,11.95,-19.478,-11.058,40.112,27.647,-11.274,-3.5263,24.956,34.056,10.517,-13.561,-7.8281,-8.2208,-21.302,-18.928,-14.547,1.8215,27.21,7.5105,-19.057,1.9609,5.3813,-23.467,-18.651,5.0354,7.0245,0.62016,7.3253,26.061,23.21,-0.17675,3.25,5.7744,-20.622,-13.513,9.4876,-11.644,-17.427,4.2963,-6.5586,-1.7053,29.909,6.5268,-23.274,5.793,17.236,-7.4944,-9.5594,0.50884,11.117,13.56,-23.548,-34.933,20.898,28.466,-23.105,-11.639,27.207,12.164,-9.0207,-26.072,-37.564,14.86,49,-13.503,-29.311,33.154,22.392,-18.376,14.025,31.413,-1.329,-14.506,-14.654,-11.598,-0.73368,-9.6878,-11.915,2.3891,-12.318,-19.421,1.616,-6.4143,-5.1081,32.803,21.671,-11.412,17.027,39.321,2.425,-27.158,-15.768,3.0947,0.60295,-6.4849,7.7898,10.066,-14.671,-16.538,3.249,10.501,10.397,-3.6754,-23.245,-13.725,3.204,-0.66329,-10.559,-11.98,12.087,36.473,11.871,-9.8873,16.519,24.291,-0.27126,-12.726,-18.234,-9.0849,5.8895,-16.906,-30.909,3.8645,15.926,-8.1577,-6.9188,18.239,34.897,23.023,-16.391,-29.733,1.4803,11.759,-16.061,-19.072,12.305,16.812,-6.2214,3.4006,19.457,-13.716,-26.821,17.922,17.642,-28.369,-15.322,15.39,-7.0691,-14.558,14.622,16.015,4.6899,9.9859,2.7057,-3.985,8.4328,2.5821,-9.5098,9.2526,14.012,-16.235,-21.433,-0.96009,-5.316,-17.012,-7.2797,1.3476,4.4873,9.4148,-5.4607,-15.971,18.317,35.874,-0.016299,-5.4015,17.064,-8.0916,-21.652,12.746,10.199,-14.293,-6.0381,-4.136,-3.0075,5.5309,-17.108,-11.76,34.003,16.601,-19.79,2.1586,8.7315,-5.3566,0.17785,-13.803,-13.749,17.812,5.6067,-9.083,11.669,-9.1489,-30.791,3.2936,17.833,12.201,16.114,-7.1429,-14.84,11.19,2.3381,-10.453,4.8393,2.7497,6.1449,16.683,-7.2455,-16.475,-3.7841,-13.412,-1.5814,16.173,-12.891,-14.391,18.983,10.18,1.7727,8.1436,-17.696,-12.075,30.116,15.376,-14.005,-2.3536,-8.8929,-23.001,0.64383,15.6,1.8002,-8.331,-14.204,-13.381,2.8808,15.262,14.192,8.1894,-0.46643,-2.4037,9.8171,15.482,1.3223,-0.91351,21.931,19.405,-20.013,-32.186,-9.4813,-9.7309,-30.402,-27.409,-2.5585,13.958,10.595,6.6296,17.567,17.244,-5.1157,-7.3811,16.354,18.199,-3.8956,-9.6067,0.71398,0.3838,-7.0834,-3.2761,9.8261,17.769,10.065,-12.488,-26.979,-12.109,9.0074,2.7422,-12.033,-4.4674,3.7615,-10.649,-17.146,5.2127,22.12,9.4987,-8.8911,-6.7761,12.733,25.027,16.072,5.9922,6.9227,-3.917,-24.865,-24.099,-7.6815,-3.7798,-9.9034,-10.622,0.6834,14.938,8.9596,-3.7776,13.06,27.567,0.12171,-16.461,4.7467,3.2714,-18.759,-7.6671,11.086,4.5302,-0.42169,4.0802,5.1717,4.8735,-1.7096,-11.422,-11.599,-8.4585,-5.6313,-2.0111,-5.8763,-7.8253,8.2532,27.176,17.073,-15.82,-15.548,18.728,13.493,-15.909,-4.0804,4.123,-13.794,1.2714,20.637,7.4923,7.3115,4.1253,-22.648,-12.492,17.282,1.0581,-19.86,-0.74931,11.835,-10.208,-17.754,11.893,17.555,-15.559,-19.48,3.8495,7.8711,5.4469,1.3989,-2.907,16.215,27.062,6.2954,-9.7704,-13.852,-10.274,-5.4658,-15.038,2.3305,29.516,-13.88,-41.219,22.3,43.217,-5.9999,-17.714,-5.6813,-0.18352,11.762,7.4071,3.8385,8.1916,-12.877,-19.851,0.16263,0.82532,5.6547,12.926,-13.468,-23.064,-1.5943,3.1571,-0.73759,-10.25,-17.003,17.152,40.599,7.587,-11.467,7.2235,16.06,9.8485,-2.8555,-16.354,-14.814,-5.3072,-1.74,0.10189,8.8375,15.764,0.61795,-17.095,-5.4294,14.689,16.179,-9.4228,-46.6,-33.031,16.449,13.803,-6.8859,6.4133,2.2811,-6.2038,13.069,13.66,10.231,19.258,-0.09695,-2.2009,25.333,-0.6675,-34.092,-3.3051,16.132,-7.8345,-19.09,-9.8115,0.39603,-1.3494,-6.8347,8.4822,20.118,6.6191,-5.474,-15.135,-15.99,7.8462,11.444,-11.957,-7.9758,6.726,0.82973,-1.3035,4.5788,11.33,16.461,2.3156,-10.986,0.88938,7.3649,-3.9011,-17.216,-25.277,-1.7851,36.218,17.081,-33.13,-24.769,19.653,26.828,6.9727,2.9828,15.008,13.026,-16.218,-30.36,2.0336,16.194,-25.802,-38.725,3.1616,16.424,0.77302,2.9221,1.1415,1.2658,18.177,7.222,-15.584,-2.1327,13.19,10.291,4.1216,-9.4925,-2.8435,13.562,-15.808,-34.667,3.4645,18.236,2.6734,8.6926,8.0715,1.6564,12.397,7.8467,-0.48189,6.2267,-7.3968,-17.21,8.3278,9.366,-34.086,-48.85,-4.2276,28.695,0.59956,-13.553,23.375,18.463,-22.043,-4.7561,20.468,-0.42022,-4.3445,7.8901,-3.9054,-7.0866,6.911,9.1486,4.7872,6.1336,11.203,12.483,6.7288,-2.7604,-17.704,-17.518,11.534,21.871,-1.5446,-15.846,-19.667,-19.046,-8.9991,-8.273,-1.5595,7.1251,-18.955,-17.422,27.255,9.5128,-23.191,19.732,40.625,9.4848,3.6555,-5.2065,-20.375,-5.006,-10.628,-20.953,20.132,43.291,20.848,5.3359,-15.117,-20.727,26.933,45.497,-6.9732,-39.017,-20.096,-5.3387,-10.955,-21.07,-20.626,-6.52,-4.9992,-14.19,3.5196,19.915,-7.5355,-19.1,20.634,31.967,-10.177,-28.016,8.9565,42.574,17,-25.924,-6.0008,32.513,15.478,-2.0885,12.205,12.196,13.77,24.395,9.6197,-3.0299,-10.378,-38.031,-31.08,3.5597,-18.5,-50.509,-23.658,-2.0161,-17.081,-14.049,10.195,12.803,-4.3961,-4.4997,9.9969,6.8231,-4.9464,-7.7103,-3.9548,23.191,52,38.138,29.055,48.824,36.505,23.619,47.146,20.309,-40.632,-32.245,-10.737,-34.351,-43.182,-53.426,-85.93,-63.679,-15.751,-32.455,-61.811,-44.283,-6.6623,38.786,65.647,53.842,53.629,63.542,45.391,43.053,56.008,31.882,18.401,32.781,9.5664,-17.081,-10.899,-30.376,-53.173,-35.523,-33.379,-48.518,-40.199,-32.154,-15.801,11.144,-8.693,-37.42,-16.192,-3.755,-11.953,5.7974,20.832,24.813,40.221,41.19,38.786,45.455,22.079,8.9022,41.068,31.263,-25.222,-29.497,4.7332,2.5693,-28.538,-35.249,-10.264,-12.173,-44.787,-29.542,17.238,15.497,-13.393,-26.517,-25.203,-6.7983,5.8313,1.6265,8.0076,9.0957,-1.0236,12.598,25.582,16.914,16.629,12.299,5.6501,28.93,26.467,-30.085,-37.432,21.02,24.715,-22.206,-7.6828,24.535,-12.803,-27.24,20.837,12.718,-24.725,-0.39546,3.9512,-31.664,-22.52,-11.743,-27.915,-14.151,-4.7141,-14.319,11.08,27.977,8.327,19.938,42.744,15.448,-10.161,10.843,22.919,-0.44233,-14.772,-6.7549,11.381,25.76,-8.5593,-44.148,16.691,54.631,-29.403,-53.639,7.4716,-15.832,-42.274,7.4516,8.6944,-9.3639,11.869,-3.7326,0.47531,47.624,2.2297,-63.175,-8.7365,45.781,7.4862,-24.077,1.3979,25.351,15.495,9.5527,15.511,-2.8633,-9.7341,14.604,0.76345,-28.931,-13.973,1.0155,5.4959,8.4519,-22.446,-21.547,33.858,26.801,-13.757,5.9011,6.811,-28.58,-15.82,-4.8354,-34.684,-22.184,27.435,31.008,-3.1102,-13.482,8.8025,22.108,15.68,20.245,18.204,-13.674,-23.501,-1.734,-2.4759,-10.825,-5.0581,-8.1283,5.4226,27.003,-1.7878,-17.614,28.256,27.488,-31.475,-37.762,-0.76962,11.739,-5.0225,-25.497,-8.9902,22.76,9.4122,-7.2474,9.5085,13.356,7.9873,4.8532,-12.645,-8.4682,9.5812,-4.2913,-12.71,-5.095,-11.61,1.6485,29.881,23.338,-2.4304,-14.422,-0.33727,14.877,-7.8642,-16.874,9.8521,-4.5891,-23.933,2.3649,-5.7131,-20.259,25.801,37.467,-0.078665,0.97829,6.751,-14.68,-19.828,-8.9136,2.3715,7.0987,6.9619,19.535,10.782,-29.19,-30.963,-7.4517,-13.846,-12.827,11.411,22.441,15.872,-2.4146,-3.211,32.723,40.173,-3.1997,-18.012,11.928,21.207,-5.5657,-24.627,-19.428,-20.743,-32.412,-18.495,14.001,22.259,5.2773,-3.8695,4.7116,11.24,7.8009,-2.5525,-25.363,-33.796,-0.057424,31.045,20.281,-7.3243,-16.451,7.4947,23.399,4.4688,11.833,27.011,-6.084,-0.5046,25.168,-37.435,-50.373,39.891,34.782,-29.848,-21.939,-20.649,-22.614,6.8894,-2.8447,4.5541,33.248,-22.767,-48.694,19.249,28.475,5.6797,22.923,12.181,11.869,32.378,-11.779,-44.845,-12.002,1.8309,-1.6576,-2.8134,-12.745,7.6793,28.639,11.949,0.82036,-16.082,-29.544,6.6783,20.352,-6.9119,-0.71499,-3.3198,-25.537,-2.4875,13.403,1.8845,20.921,26.229,-0.85982,-3.4403,-0.33577,-13.459,-23.532,-24.329,-3.1191,8.7274,-6.1086,14.558,29.379,-18.445,-17.32,33.356,10.864,-20.376,0.94838,-3.0094,-10.86,9.9633,4.0183,-0.82844,22.965,18.822,-4.2972,-7.4908,-4.3553,-6.4965,-19.173,-26.126,-4.0887,17.687,22.236,13.281,-19.41,-22.601,19.522,10.344,-30.759,-13.149,5.7815,-10.057,-0.74463,18.156,20.461,19.462,-1.1845,-15.314,2.7239,-1.604,-21.935,-6.5835,9.253,5.7744,19.638,32.069,9.526,-15.241,-7.8198,1.2262,-12.676,-8.5671,12.61,-2.5311,-20.706,-4.5664,-4.7897,-15.487,-0.66692,4.2744,1.1294,11.232,4.6206,-9.2668,-14.494,-22.953,-4.7912,24.509,13.196,-3.2856,-2.4266,3.4883,31.518,30.346,-16.881,-13.338,12.917,-6.6182,2.9105,25.239,-11.737,-18.393,29.134,35.611,17.926,6.0772,-27.22,-41.893,-18.326,-13.037,-33.49,-36.689,-13.028,-4.3439,-31.678,-36.77,-0.6095,8.8457,-4.4457,18.625,48.481,34.526,13.016,45.38,98.024,72.951,-6.9176,-25.375,8.1287,17.947,9.4214,-9.0757,-31.315,-23.096,-18.812,-46.788,-49.404,-40.407,-65.438,-62.072,-29.49,-47.175,-66.386,-35.339,-9.8002,29.604,103.05,123.45,101.96,101.04,77.465,48.266,52.336,16.918,-32.98,-22.113,-24.993,-48.98,-29.447,-44.401,-99.102,-74.37,-11.375,-7.6414,-27.883,-21.64,-1.6897,-9.5456,-30.868,-1.4468,31.426,7.3824,9.2176,51.232,52.75,34.698,23.199,8.9001,24.334,39.494,13.166,-1.0421,11.571,12.728,-2.9517,-22.842,-14.293,5.9,-17.794,-35.996,-18.055,-28.929,-42.756,-27.691,-32.147,-22.071,13.96,0.79391,-17.817,9.7978,13.531,-1.5847,18.272,28.568,7.6303,8.6094,34.942,43.106,38.158,38.508,18.061,-1.8107,17.545,3.5443,-52.227,-38.794,0.50408,-22.689,-37.164,-24.513,-24.944,-8.492,-4.0347,-23.131,2.9706,22.716,-12.944,-14.316,20.981,19.958,0.69773,4.7278,29.204,32.083,4.9054,3.8579,8.3623,-13.271,3.2678,20.199,-18.049,-13.645,15.683,-13.864,-13.437,14.647,-14.785,-14.872,26.435,9.5049,-12.389,-0.9676,-14.875,-22.616,3.0468,13.175,-3.7466,-23.763,-13.612,22.129,17.358,-20.782,-20.516,12.1,31.148,17.548,-13.274,-13.098,15.719,20.701,-3.4468,-22.048,-4.4672,27.241,14.589,-8.7657,2.2135,-7.3507,-15.266,26.256,18.001,-38.36,-17.997,22.868,5.4474,-7.7501,-15.844,-29.643,-2.4111,13.936,-16.83,-21.328,1.9182,13.492,23.509,18.262,5.7474,12.834,2.3432,-16.281,6.5155,14.162,-25.647,-28.933,13.319,21.101,-1.1216,5.3174,28.215,26.021,5.7901,-14.729,-24.483,-6.3365,7.833,-14.354,-26.524,-21.145,-34.607,-25.409,12.313,20.972,22.881,27.871,6.6308,4.1154,15.043,-9.1912,-14.412,6.1135,-1.8181,-0.25253,15.806,9.4603,11.615,7.1331,-18.285,-4.6104,14.447,-10.349,-19.827,-9.4793,-11.588,-4.1676,-0.50999,-6.7878,7.8488,14.892,-9.3778,-18.226,14.193,35.839,0.092649,-28.084,-3.1001,-2.5087,-12.489,25.338,17.434,-29.457,3.2808,40.514,10.456,-10.57,-11.878,0.712,22.625,-8.5733,-42.289,-14.676,0.49529,-7.9477,-5.1883,-7.984,8.9664,30.098,18.895,23.618,18.818,-24.861,-21.661,1.9878,-19.509,-18.302,8.7055,13.821,15.593,-0.69015,-23.731,-7.0497,11.493,10.092,10.811,3.9331,-1.056,-4.5385,-17.483,-12.281,-2.7992,-2.3387,10.645,5.1445,-0.14777,29.679,13.256,-31.655,-8.7785,15.037,-1.5115,-0.65199,3.2672,4.0197,5.6698,-12.98,-9.5972,3.1464,-19.972,-11.377,24.011,15.84,0.92007,-5.4977,-7.4521,6.7219,-19.572,-38.581,23.104,41.455,-3.416,-1.119,-0.39687,-17.334,-2.0484,4.279,22.776,38.317,-21.884,-31.702,37.52,14.706,-37.668,-22.92,-25.041,-9.4632,32.02,-1.4721,-25.799,16.373,22.499,14.21,22.392,-8.938,-26.098,3.9452,4.8528,-13.362,-1.6906,11.428,5.9714,-2.5221,-10.089,-14.902,-6.8602,3.872,-4.9436,-10.96,10.438,21.222,4.5833,-2.1495,10.143,19.154,5.2036,-18.11,-8.1956,13.046,-0.70975,-12.055,-0.58035,-3.5398,-7.325,6.2404,6.4752,-7.7379,-5.2722,10.473,-1.7214,-39.723,-33.174,20.067,35.372,4.4143,-10.136,7.0252,16.346,-8.843,-17.77,20.479,27.742,-3.4055,1.5055,6.0135,-15.753,-4.9445,5.949,-16.074,-9.863,14.606,6.911,-5.7163,1.8167,5.023,-14.796,-25.418,3.3151,22.229,6.4349,0.20833,-2.4601,-5.3469,9.8974,-6.5523,-39.774,-18.477,8.8968,13.577,24.896,1.5537,-23.564,11.341,29.69,18.756,25.031,-2.4977,-29.202,4.795,12.087,-14.947,-10.328,-11.057,-9.9025,20.354,15.663,-19.051,-27.84,-15.072,11.118,17.41,-7.0537,-0.08037,13.296,-13.302,-17.223,-2.4127,-10.387,3.5034,17.775,0.20714,10.657,20.441,-10.787,-2.3442,33.381,14.038,-16.692,-14.774,-12.291,-14.096,-5.4571,13.254,24.317,15.673,10.462,3.6232,-16.102,-4.3721,13.968,-17.317,-31.386,-3.9539,-6.3009,-19.126,-17.087,-21.56,3.2902,25.047,-17.713,-23.766,42.979,49.37,-4.2378,-14.948,5.1795,17.455,22.125,7.8754,-12.698,-7.0103,19.558,31.807,12.39,-15.306,-22.536,-9.7221,2.9732,-5.7434,-22.584,-16.708,-3.9001,-3.441,-4.0895,-14.229,-23.017,-2.1697,11.215,-9.0637,-23.073,-15.136,5.8644,22.456,7.216,-2.0997,28.276,37.688,12.152,5.932,10.462,10.119,20.795,21.521,12.844,24.573,20.472,-17.958,-18.428,16.83,-10.226,-74.081,-67.26,-26.646,-32.738,-47.522,-38.302,-25.873,-8.1859,2.9154,6.1644,35.764,60.053,42.916,36.775,59.472,67.485,47.022,6.9238,-17.162,2.387,13.61,-12.694,-23.468,-11.166,-18.408,-33.765,-28.162,-27.737,-48.499,-42.562,-10.034,-15.015,-30.217,-3.0919,14.883,12.745,27.705,14.964,-10.62,26.489,52.028,4.8495,-3.9041,48.823,48.431,-0.022556,-9.5524,2.6623,-0.027875,9.9764,10.719,-32.365,-45.954,-2.8686,2.9373,-29.23,-20.593,4.1658,-4.3186,-23.33,-25.485,-8.5515,16.221,27.884,13.542,-4.1077,10.715,14.916,-30.82,-32.3,20.073,6.2814,-13.378,42.14,45.742,-11.083,-8.6798,11.214,6.8579,12.455,-0.11616,-14.47,5.458,7.8772,-8.9966,-6.5905,-3.6924,-5.0788,-7.1176,-15.75,-14.742,-7.7104,-2.3759,-6.4983,-31.753,-16.905,43.238,36.709,-7.2154,1.5629,-3.4435,-28.539,-2.1418,14.047,-14.01,-6.8612,32.955,34.888,3.1764,-3.4614,7.95,-10.024,-12.224,23.284,15.655,-9.5506,5.1695,-1.2723,-13.65,3.9954,-13.352,-21.984,22.064,13.158,-34.227,-26.307,0.5544,8.7579,-4.092,-25.328,-6.478,13.313,-1.8444,7.5179,8.9598,-22.539,-2.8112,34.534,21.688,0.77439,-15.464,-11.874,23.405,28.547,25.434,35.856,-16.736,-54.949,14.533,48.534,-13.188,-35.173,0.38804,-7.0156,-48.462,-25.8,25.887,-0.38453,-16.529,41.694,21.499,-55.802,-31.066,13.808,-7.4717,-17.031,5.3837,26.57,10.077,-28.441,4.9734,49.007,11.349,6.1782,30.138,-9.503,-7.6859,26.878,-7.2289,-4.8925,31.772,0.29346,-3.5933,23.268,-18.077,-36.857,4.8095,8.489,-23.844,-43.41,-26.03,4.7323,-22.803,-51.195,-3.5363,19.297,-12.266,-1.6049,23.864,6.3849,-8.5729,6.2284,21.242,20.722,27.284,45.535,36.688,13.411,22.51,40.878,31.886,2.6133,-13.068,4.283,-3.7402,-44.894,-28.343,-9.5376,-66.09,-71.964,-29.808,-78.764,-103.72,-13.264,15.242,-34.171,-2.4582,65.867,69.235,66.724,92.755,84.871,48.651,47.787,61.413,33.965,-9.4323,-28.704,-33.24,-30.009,-22.73,-32.631,-54.952,-59.739,-49.808,-47.403,-41.778,-26.903,-19.067,1.2337,25.883,5.757,-3.0601,39.458,34.232,3.9459,43.377,57.284,11.382,15.005,30.696,8.5766,7.5021,7.5163,-4.246,4.5849,-10.441,-33.32,-11.635,-1.5391,-12.402,-13.485,-32.726,-27.812,17.238,8.2453,-29.648,-12.07,15.261,3.837,-26.261,-35.522,-1.3798,16.355,-8.3287,7.2764,49.818,33.777,2.2169,11.121,21.048,20.356,25.004,6.4452,-26.612,-17.449,3.5801,-15.026,-8.1899,29.233,-2.7371,-43.664,-0.17549,20.348,-24.726,-36.436,-18.039,-6.4021,2.2585,-9.4712,-3.173,31.732,15.154,-15.716,11.141,21.982,-8.9636,-10.81,16.796,31.319,11.807,-15.648,-0.48873,18.314,-2.0409,-4.7215,9.6433,-2.3392,-6.2832,-7.0534,-28.2,-18.224,4.5153,-12.333,-10.338,21.575,11.883,-10.857,4.2436,14.071,-5.9411,-21.886,-12.187,13.19,22.321,5.8376,-7.1842,-5.0362,9.4515,26.754,8.4468,-24.283,-3.281,17.141,-24.996,-32.791,19.606,20.931,-10.354,-1.1241,1.113,-6.916,12.816,2.7501,-24.505,10.651,29.716,-23.172,-25.062,26.54,11.977,-17.855,6.4381,9.4652,-15.772,-12.995,-0.96224,13.574,18.733,-14.229,-16.036,23.563,4.8607,-26.311,0.20778,8.9048,-1.8655,7.6824,-2.6734,-1.3171,23.45,-3.2687,-29.087,5.4886,21.832,-4.3981,-30.503,-19.459,39.295,43.547,-27.289,-25.16,27.47,6.1924,-34.798,-35.506,-9.8197,27.192,17.215,-15.195,8.2992,28.684,9.8734,-0.80569,-12.218,-5.5026,21.218,1.7291,-19.348,-2.1421,-7.6263,-6.3661,15.358,-1.2059,-6.9819,9.7709,-8.701,-5.2586,22.419,-3.5557,-31.395,-15.258,2.084,9.8589,2.987,-2.0667,16.617,5.737,-28.12,-16.056,11.09,17.307,20.627,16.231,13.337,11.458,-6.8567,-6.8792,10.309,5.7076,2.713,-0.87889,-33.606,-54.775,-35.804,2.5197,27.63,12.163,2.3628,31.143,23.056,-24.584,-26.199,-2.9868,-7.467,-4.3023,18.115,9.8318,-14.491,12.438,41.964,-2.3934,-28.867,8.5658,6.1547,-4.6943,29.106,5.9769,-38.916,-6.0116,16.33,3.9597,23.037,25.622,1.4047,-13.667,-35.186,-27.633,-2.2916,-22.977,-29.279,-8.3603,-20.827,-7.764,22.503,2.3399,11.305,39.263,3.1669,-0.56883,35.449,3.3572,-14.843,22.995,13.788,-2.9254,20.164,8.6152,-13.715,8.7199,26.584,13.951,-9.9761,-32.478,-37.308,-30.192,-12.122,10.452,-10.194,-39.432,-7.9243,7.0405,-30.038,-12.4,30.75,2.4479,-23.704,3.4383,11.035,-9.5322,-12.04,13.625,43.842,42.062,38.587,66.043,55.417,16.139,32.653,39.339,-9.2555,-24.763,-24.179,-51.593,-49.382,-45.248,-83.274,-94.391,-74.538,-68.781,-50.217,-20.605,2.246,43.985,84.975,92.422,87.829,81.937,69.591,60.965,48.462,12.86,-23.467,-15.594,8.9566,-14.446,-52.579,-49.505,-33.164,-23.218,-23.087,-44.627,-41.346,-7.4347,-9.3022,-22.348,-7.9649,-10.847,-21.883,-2.3072,22.296,25.143,9.896,16.235,56.007,53.321,14.325,17.859,20.897,6.5383,26.816,14.014,-37.6,-17.001,23.858,0.26719,-26.061,-27.345,-20.404,-0.98606,0.0030744,-22.23,-33.885,-22.394,5.9527,-2.1332,-44.879,-20.498,34.371,14.728,-10.141,4.2525,-1.6913,1.7884,30.875,32.704,22.61,17.929,15.471,37.472,35.392,-20.852,-36.247,7.4705,21.779,5.0389,-6.856,-29.605,-42.909,-18.889,-12.135,-43.834,-39.677,0.041724,2.6575,-6.0445,16.622,32.516,28.996,14.619,-4.6639,11.825,31.991,0.91871,-9.5321,14.267,-10.608,-33.569,2.2812,24.219,11.304,-1.4571,-5.7203,4.5917,-0.40651,-17.213,5.2111,8.4776,-40.133,-32.395,22.963,25.226,5.613,2.9938,-9.4927,-18.706,-7.4376,12.209,18.476,-1.5295,-10.329,0.66332,-8.7583,-8.0412,14.698,2.9119,-7.804,13.893,2.3131,-16.353,11.24,23.42,8.4532,8.3789,-4.8894,-23.557,-1.7364,20.49,-4.6072,-37.879,-22.561,22.324,26.137,-9.0999,-21.972,-8.3929,15.426,35.14,3.6209,-41.97,-13.528,27.16,4.1872,-7.8086,12.47,-2.111,-16.692,2.8964,-2.417,-10.332,27.185,32.229,-10.114,-10.916,-4.3568,-30.723,-9.3871,27.609,-3.2796,-24.749,-1.4748,10.624,32.819,36.105,-18.25,-20.65,27.812,6.631,-28.136,-17.678,-19.124,-7.2062,14.496,-17.962,-34.259,6.6906,25.24,21.98,22.831,6.2085,-7.8515,-6.4037,4.8229,18.176,-8.8538,-30.881,17.858,31.899,-20.086,-13.76,14.998,-4.3058,1.4285,9.241,-26.094,-18.133,10.304,-15.872,-18.84,13.901,4.7356,-2.9118,14.564,0.11026,-7.6667,18.125,7.8062,-18.589,7.0685,35.266,8.8335,-23.625,-8.2372,19.455,5.6389,-13.287,3.1957,4.78,-12.702,2.2975,8.9164,-21.287,-32.432,-21.728,-3.0842,23.704,8.986,-21.911,2.088,28.54,19.139,6.1929,-16.737,-17.837,13.587,10,6.5131,25.464,-5.4261,-18.325,22.511,4.6994,-15.838,19.067,-3.4223,-34.673,3.8382,7.9089,-20.82,-22.64,-25.232,-0.24871,20.688,-11.958,11.121,51.08,-16.95,-41.672,32.91,26.826,-18.712,6.4684,11.607,-17.647,-7.1116,8.7691,3.7347,14.086,27.993,9.3047,-21.631,-26.725,-19.18,-9.508,17.502,26.735,0.029465,-15.678,-21.282,-25.367,-4.864,-1.2069,-17.497,11.757,38.845,14.545,7.7273,14.354,-9.8358,-9.597,18.492,5.669,-23.814,-17.338,1.6933,6.5348,1.5361,-6.3618,-1.3659,12.39,9.706,10.379,20.473,-8.8955,-36.804,-2.3904,6.0141,-32.549,-8.5499,35.032,11.127,-16.859,-16.757,-11.169,4.5775,4.5951,1.3766,19.77,13.669,7.0341,25.506,-1.3967,-31.284,-3.0929,4.8778,-7.2871,2.8905,1.9003,9.1856,8.7776,-29.394,-9.6414,33.142,-8.1857,-22.453,16.618,-5.641,-22.071,8.2155,3.7903,-3.4917,6.3667,-0.97071,1.5022,-7.4314,-27.092,5.9483,29.437,-2.5061,-9.5636,9.1003,15.525,18.151,5.2904,1.8804,22.944,18.213,0.96786,-8.1816,-39.438,-51.405,-12.892,17.854,13.14,-11.717,-28.989,-15.487,0.5973,3.8102,8.7739,8.5893,15.536,24.542,7.4426,1.0001,14.067,11.611,14.526,5.6619,-22.216,0.96867,19.091,-23.615,-16.869,14.991,-19.6,-27.021,3.6924,-4.0365,10.683,31.107,-20.074,-47.162,0.085431,23.472,3.5831,0.63304,20.057,8.5878,-30.428,-18.54,13.758,-8.0715,-9.5387,34.011,36.265,16.741,3.1893,-20.335,-3.9769,21.823,-8.4842,-19.292,5.044,-6.0571,-16.233,-4.9211,-8.3657,-2.7845,6.5598,-6.691,-2.697,19.143,10.209,-16.561,-12.705,14.179,4.9768,-30.264,-18.53,13.586,6.1664,-3.3869,5.9427,8.561,7.933,8.2514,19.641,35.086,10.965,-24.811,-21.456,-3.2427,14.218,12.587,-24.371,-31.721,-3.3933,-0.20689,2.0513,4.6635,-9.7971,13.185,32.203,-7.2802,-18.594,1.5434,-7.0115,-4.6309,-1.5445,-20.614,-7.544,13.964,4.9449,-1.0965,1.7101,15.78,18.396,-23.271,-23.917,30.21,20.297,-20.641,-13.349,0.63526,13.338,22.752,16.296,29.084,20.685,-14.603,7.7843,15.488,-38.463,-30.366,2.167,-28.327,-38.933,-23.559,-25.463,-8.1634,4.5138,1.3484,6.6069,-16.759,-18.214,44.792,49.708,-1.9313,9.9003,37.968,23.496,16.823,22.513,19.591,12.832,-1.3329,-7.1418,11.153,19.447,-16.665,-55.595,-42.396,-26.845,-47.47,-36.848,-10.116,-30.288,-34.459,-5.8088,-2.7503,13.011,41.655,25.318,18.226,49.327,53.86,34.713,27.155,23.745,13.113,-6.3621,-12.786,-2.5928,-11.393,-29.126,-25.475,-10.205,-0.57046,-15.422,-32.213,-9.9622,-1.2938,-31.026,-25.585,5.0352,11.958,11.962,-3.5407,-21.425,-0.22065,18.979,12.876,8.2132,-1.9398,6.5533,37.418,31.358,9.8108,8.4445,5.9623,24.438,34.63,-17.7,-37.768,8.5315,5.0167,-33.914,-22.296,-6.5366,-32.606,-45.648,-4.9327,30.259,-1.3736,-29.238,6.6329,21.844,-12.14,-19.562,-2.2482,8.5075,28.927,43.037,29.542,11.625,2.2283,-6.3585,-9.9347,1.4868,13.592,0.18719,-18.862,-10.082,5.9297,9.8949,7.7828,-14.661,-36.461,-11.697,11.098,-16.973,-18.098,29.243,19.833,-29.559,-12.488,18.246,-9.2572,-22.426,5.8832,15.689,3.1876,1.7218,26.648,40.639,-1.9243,-23.347,18.6,9.8591,-28.473,-0.48743,-2.7068,-40.008,6.2306,35.496,-15.386,-12.631,11.112,-15.332,8.7336,52.014,6.7308,-35.65,-7.5237,4.7999,-20.313,-28.068,-13.91,-3.1879,1.5873,9.5461,15.94,12.071,6.4994,12.139,14.891,-12.474,-34.948,4.3393,44.357,16.05,-7.1094,6.3659,-9.7039,-21.535,14.743,23.928,-15.51,-31.674,-9.6278,1.3558,-15.681,-10.558,28.27,23.118,-20.503,-16.243,4.6743,-9.836,-11.755,1.2462,-1.2152,14.116,33.189,6.4183,-20.962,-1.9344,19.357,15.173,9.1805,-1.6105,-19.5,-10.843,12.852,8.9515,-2.3815,0.009981,-6.4712,-14.475,-13.938,-13.112,2.6369,8.0284,-22.732,-21.334,23.402,30.737,9.7622,4.4128,3.0781,8.0356,1.6291,-26.355,-15.526,11.722,-16.194,-29.757,18.462,38.926,8.3021,-13.327,-7.7918,9.5876,11.211,-2.0012,4.1634,9.7519,-7.2482,-7.1728,5.3276,0.88499,11.077,33.509,18.092,-25.098,-52.145,-41.887,-3.9476,7.6401,-22.251,-20.65,22.438,20.499,-16.303,0.82587,29.662,-9.7014,-36.484,12.475,33.522,-2.6287,9.9239,58.473,44.234,-2.5699,-4.1198,17.886,17.977,3.7421,-12.681,-30.277,-33.48,-28.397,-35.9,-26.407,4.7379,-8.258,-43.388,-21.446,5.8453,-17.008,-20.65,10.512,17.207,15.371,34.304,38,17.391,18.948,44.981,45.532,29.842,32.079,12.539,-20.163,2.0935,18.258,-24.036,-29.843,-6.6006,-41.542,-72.037,-50.85,-43.389,-57.8,-58.804,-33.034,-0.90062,-17.613,-28.802,57.466,128.93,88.669,52.608,62.402,44.227,23.45,32.489,28.682,2.8086,-23.688,-40.893,-40.644,-36.644,-50.94,-66.25,-46.531,-4.3747,10.898,-3.8675,-15.649,-14.273,-1.1973,8.1353,2.0085,9.3435,22.361,4.6189,-3.534,18.116,19.597,11.04,16.867,20.019,32.519,30.924,-11.739,-11.168,40.124,26.437,-26.732,-28.314,-20.588,-29.641,-14.036,-3.5796,-29.178,-37.693,-4.1764,19.233,-1.7131,-30.117,-15.799,22.711,22.849,-9.9226,-11.18,14.611,14.82,3.16,10.413,21.119,32.631,42.473,19.9,-16.293,-13.326,13.018,8.9474,-19.945,-25.258,-11.698,-19.243,-24.205,-5.0654,-10.124,-26.888,0.58803,22.119,-7.0783,-22.639,2.4321,16.63,3.4307,-1.1588,17.816,26.242,13.566,8.8215,4.1594,-1.7674,14.217,8.0412,-25.178,-4.1609,25.11,-18.023,-36.477,12.177,17.4,-12.135,0.81,7.3383,-14.986,-3.8752,10.62,-19.609,-29.329,-5.0626,-11.084,-10.289,21.078,5.7448,-18.341,20.48,39.263,16.745,20.563,14.964,0.20037,17.856,0.18086,-38.645,-20.984,-14.678,-22.396,22.464,20.279,-35.847,-7.1137,36.54,2.3804,-16.612,-12.404,-17.094,18.617,30.501,-19.693,-15.216,12.044,-28.168,-28.742,29.344,22.035,-9.0454,9.8495,21.794,12.377,-0.06075,-20.157,-10.921,13.259,1.1851,-7.5455,4.474,1.7053,-0.2658,-1.2029,1.1185,39.183,49.153,-4.2246,-25.737,-17.502,-35.895,-29.059,-3.1821,-18.886,-36.374,-17.248,14.614,26.137,1.8477,-8.0594,17.22,15.556,-0.65261,7.0181,3.3294,0.82418,18.888,17.924,6.8647,-1.2293,-7.8959,23.441,46.466,6.9669,-12.869,7.8469,2.7182,-10.211,-16.348,-29.441,-21.414,-7.7586,-19.434,-32.163,-27.784,-10.438,-12.499,-40.535,-24.096,13.913,-4.5885,-3.5658,43.293,34.975,14.353,43.211,42.182,13.003,25.739,54.464,53.741,22.947,-1.0189,14.69,26.382,-5.0138,-39.905,-44.173,-32.801,-46.963,-89.942,-104.2,-85.255,-74.508,-62.938,-45.455,-15.388,49.786,99.068,103.64,115.31,120.05,84.485,44.663,24.902,17.912,-4.5033,-35.533,-16.293,-1.0718,-46.374,-41.817,0.050235,-30.168,-45.522,-23.608,-54.208,-54.366,-8.5119,-25.446,-41.216,-9.1224,1.7856,15.923,38.55,31.166,28.52,27.029,21.677,39.838,24.639,-9.8851,23.505,46.825,-3.2551,-27.218,-0.5214,15.219,18.013,17.547,-1.0272,-26.378,-25.921,-21.069,-45.239,-38.429,6.6358,-4.6014,-33.192,-9.7646,-2.2317,-8.3631,8.9066,-0.2635,-3.8158,20.407,1.346,-17.36,7.9659,16.978,23.26,32.27,15.659,24.965,37.893,7.97,3.611,11.589,-12.668,-10.783,-0.74609,-15.809,-15.668,-25.348,-29.836,9.1555,-1.7541,-41.417,3.3901,28.583,-32.864,-47.906,-4.6731,9.4505,6.7967,12.797,14.139,7.193,8.0563,22.388,15.873,-2.6029,11.239,10.205,-17.194,18.556,68.59,27.321,-20.647,-6.5131,-14.326,-44.103,-28.069,-10.205,-19.458,-5.008,5.6905,-24.286,-26.432,12.036,22.239,13.018,16.977,11.731,-6.4914,-12.04,7.0198,20.694,-5.5484,-19.503,11.862,10.347,-24.134,-17.598,2.675,10.467,28.171,29.852,9.1249,-8.6677,-17.528,-4.5425,4.7683,-11.202,-9.8714,-0.71443,4.1719,33.056,16.356,-47.762,-34.294,8.1766,-5.5991,-2.5411,5.6854,-20.032,-5.3725,30.529,20.983,-4.6795,-18.166,-2.6626,22.093,5.3426,-5.6074,9.9196,-1.7582,1.746,20.042,-8.515,-11.085,17.069,-13.55,-31.297,-1.0715,-1.0217,7.0403,27.937,-0.16402,-5.0164,27.074,0.8828,-36.164,-20.27,-6.3981,-2.4794,10.042,4.2244,2.0145,20.597,2.1598,-37.012,-11.377,28.74,-4.019,-27.859,15.754,30.158,-1.1424,-2.8748,11.5,9.8155,2.2213,-10.377,-9.2097,11.353,9.6365,-16.62,-20.222,10.049,22.711,-13.217,-34.005,-0.68167,21.712,3.337,-23.121,-26.174,16.568,40.518,-7.0356,-20.627,22.536,12.399,-11.749,8.2658,-0.60411,-16.253,15.114,11.867,-34.373,-22.498,23.308,13.156,-10.869,10.571,13.659,-17.113,-10.815,-0.27524,-8.5457,24.114,29.441,-25.205,-12.885,23.825,-10.897,-17.371,12.023,2.2376,-0.02327,-2.2618,-20.801,-2.3302,4.3101,-1.8113,38.493,25.495,-33.995,-8.249,12.052,-31.605,-27.001,-8.0938,-14.485,21.634,45.434,12.371,-2.9057,4.9663,5.8437,5.2888,1.4149,6.1808,4.0588,-25.511,-31.146,-5.5703,1.1083,1.7923,9.4715,9.214,12.103,3.9111,-21.97,-15.523,19.797,23.64,0.087015,-6.9752,-1.8424,-6.0814,-10.754,-13.064,-17.593,-7.3232,5.9474,0.79911,4.2644,8.7732,-6.7378,7.1026,34.125,9.3797,-11.648,8.8165,19.765,23.517,10.228,-29.776,-13.859,26.37,-15.345,-45.685,-1.2587,-6.2133,-40.844,-0.49637,22.918,-17.567,-3.2315,41.63,11.381,-28.338,-14.04,5.2285,20.386,22.962,-4.733,-1.8875,19.057,-10.242,-17.297,23.926,14.033,-14.914,7.0218,21.87,1.5293,-14.679,-1.1712,20.839,-8.2323,-44.207,-15.483,-0.91351,-13.881,8.4689,-6.8228,-33.89,22.118,30.262,-33.192,-3.5767,49.108,14.782,-17.182,-13.361,-0.41599,14.77,2.7238,-3.3286,10.254,0.30316,9.4553,23.215,-22.852,-31.964,19.689,14.244,-12.184,2.9152,4.8577,-6.2461,-3.2586,5.0627,11.019,-3.9554,-3.1853,30.551,6.3435,-48.201,-29.176,-1.1934,-10.314,-10.185,-29.889,-40.64,20.659,51.337,2.8116,-10.662,21.416,22.31,1.0144,-3.0326,18.281,36.053,13.679,-0.71118,36.433,35.085,-28.974,-30.908,15.774,-5.6677,-38.625,-19.9,-19.26,-27.909,-8.6825,-9.4835,-15.224,-2.5684,-13.565,-19.355,-2.1332,-7.1504,-4.9162,12.807,5.5211,10.868,25.637,10.724,19.222,48.392,45.077,39.297,30.563,4.9534,4.318,8.5525,-4.3079,-4.5407,-15.854,-39.111,-37.576,-34.474,-33.902,-29.55,-42.637,-36.865,-16.258,-35.127,-39.367,-3.3424,7.2149,11.128,32.842,43.877,63.912,79.566,55.24,35.951,37.467,29.81,25.163,18.624,-12.628,-43.322,-37.016,-12.646,-26.167,-54.362,-38.676,-36.133,-64.695,-35.928,5.691,-7.3524,-4.5444,7.8302,-7.1065,6.0313,14.359,-5.8397,30.725,70.47,30.516,9.6731,47.025,52.862,14.206,-13.264,-4.7601,5.5177,-12.148,-16.445,-6.2239,-24.28,-26.6,-2.3835,-16.695,-35.879,-17.412,-5.4664,2.034,6.7777,-25.249,-34.633,10.581,19.236,-9.4942,3.9998,28.337,20.665,15.466,11.571,0.48974,13.103,20.886,-2.5053,2.1881,25.306,-1.7573,-29.59,-7.2056,5.4947,-6.6605,-4.9418,1.0114,3.7895,6.4958,-5.6663,-15.25,-6.1969,-5.7521,-14.299,-6.5617,1.2003,-15.181,-26.678,0.18529,26.354,10.324,-0.19131,23.76,19.842,-21.179,-22.716,21.104,30.807,-10.626,-26.946,8.5725,22.292,-7.5333,-8.9098,20.278,11.221,-10.373,17.989,37.652,-6.3149,-36.132,-21.884,-27.028,-26.033,8.512,10.817,-1.9026,13.534,0.97911,-24.556,-7.6506,5.6837,0.39763,-1.239,-2.2021,24.88,32.835,-18.716,-10.04,32.332,-19.906,-34.515,35.188,20.556,-9.7227,32.445,16.293,-32.53,-19.218,-3.1433,3.007,-1.3781,-26.2,3.0068,29.886,-25.711,-37.144,8.4295,3.2947,10.749,43.652,8.5388,-42.176,-29.581,17.074,32.78,-7.8124,-21.218,21.751,19.016,-10.193,-2.2644,-8.3543,-6.5015,17.147,-13.262,-31.361,14.944,24.092,9.1578,15.757,-8.8119,-25.683,2.2715,13.122,3.1602,-10.54,-15.708,14.599,20.135,-10.271,9.0131,27.185,-17.006,-42.143,-23.162,4.6352,16.999,-19.408,-38.337,7.5107,19.726,6.7678,37.002,26.515,-24.882,-7.7984,29.918,11.818,-13.475,-7.5367,9.2268,5.717,-14.394,-7.5395,15.321,7.8614,-11.021,-14.91,-15.91,-12.387,-0.86589,2.2646,-6.8216,-8.4694,6.0029,14.153,4.7581,-3.0126,0.39134,9.0863,15.756,18.872,16.314,-15.255,-50.44,-15.954,38.519,18.112,-19.29,-11.926,-0.45624,-1.5379,-7.9016,-5.5449,16.153,11.57,-8.1505,6.0255,3.2881,-5.4013,33.07,24.686,-32.627,-20.582,7.56,-2.6968,5.6373,3.2145,-18.531,-10.883,-7.1303,-6.9217,11.758,7.1497,-0.90446,1.4128,-20.101,-12.896,19.351,-3.0949,-22.471,7.685,17.888,9.6518,15.337,16.288,12.708,6.6386,-1.599,-0.11161,1.4409,-1.0771,-3.5368,-2.9351,2.6399,-15.147,-33.372,-3.5346,8.076,-12.059,9.2987,8.6461,-26.523,0.72359,9.8927,-34.988,-8.1701,28.601,-1.3674,0.9741,15.345,-12.601,-12.996,12.365,28.083,32.851,2.9104,-9.1886,29.541,36.285,10.723,-6.24,-35.261,-39.24,-5.5313,4.851,-2.8913,-14.085,-30.534,-16.888,5.9995,1.4257,-8.1606,-16.322,-6.5218,26.782,20.989,-12.815,-9.9812,2.3263,0.31022,8.5132,24.593,34.698,20.992,-4.5358,-3.0811,-2.7592,-18.067,-0.68796,21.288,6.5467,-2.4344,7.1294,7.555,-5.7979,-18.799,-12.683,-11.397,-24.657,-11.046,-7.3331,-32.755,-8.6818,18.605,-8.9231,1.3208,21.135,-15.915,-10.398,20.134,-1.7016,12.967,48.508,19.084,4.0528,15.678,-3.6201,0.66217,12.647,-14.274,-7.6683,20.768,4.0922,-6.7544,5.8128,2.9699,1.3958,-4.6579,-27.339,-32.019,-28.499,-38.211,-37.432,-31.038,-26.028,-3.3824,11.664,7.4094,24.725,48.945,47.236,47.222,41.681,9.8938,4.1761,26.469,20.936,12.1,13.147,-12.467,-27.925,-23.082,-49.055,-59.664,-24.893,-14.75,-16.337,4.1975,-3.672,-21.585,0.61397,20.628,6.869,-17.059,-15.061,25.944,42.577,15.29,22.811,44.071,14.234,-9.5238,-0.3105,2.3376,7.4966,1.7493,-26.109,-26.435,-6.9095,3.3793,16.374,5.4738,-13.98,3.2039,-10.877,-52.364,-12.212,34.16,-6.9935,-24.815,9.3325,8.0807,-0.55288,4.8247,-13.035,-13.878,14.329,15.685,5.243,16.085,22.183,6.455,-6.5997,11.976,30.715,3.8242,-14.243,6.0064,-9.8838,-39.761,-18.547,-3.7474,-6.3428,12.13,-2.7711,-27.965,10.75,29.805,-10.729,-15.408,9.9882,11.885,5.596,-9.4059,-18.336,0.72894,9.8594,13.523,28.5,2.0273,-35.066,-10.788,10.797,-7.0225,2.1694,14.205,-14.086,-12.867,29.528,29.285,-6.738,-16.557,-10.47,-1.8001,16.564,9.309,-17.335,-5.5634,11.823,-11.227,-18.439,3.7488,2.2206,-8.7966,-3.803,4.3655,14.714,7.6947,-18.426,-16.618,0.19268,2.2048,16.154,16.483,-16.446,-11.622,18.683,5.0113,-7.0635,11.981,13.434,6.1048,6.7395,-1.0393,-0.28041,6.6199,-0.045454,-10.909,-34.573,-41.328,11.883,36.016,-10.089,-13.903,14.608,-0.69238,-3.7364,0.011251,-29.142,-5.4908,44.16,15.699,-6.0995,22.378,2.2813,-35.263,-18.374,9.6323,18.572,6.7579,-8.2819,15.426,24.108,-25.463,-36.738,5.1356,11.318,1.988,8.4073,-7.3685,-12.28,20.653,16.102,-26.36,-18.658,16.849,14.563,7.7857,2.9309,-29.164,-25.39,14.045,-5.5218,-26.058,23.053,37.011,-5.2314,-15.496,-1.0496,18.022,21.889,-23.852,-34.306,21.921,23.091,-16.12,-1.7736,18.177,5.598,-4.4518,4.3865,21.688,-2.0849,-41.27,-2.6859,36.56,-12.985,-44.008,-14.479,6.1821,12.215,-3.5945,-22.899,-1.9566,4.6398,-6.5009,23.818,34.304,8.0723,8.1429,-1.7159,-16.93,7.0994,12.909,8.563,21.202,-15.758,-38.616,8.7847,-5.2141,-45.011,14.025,39.913,-23.211,-25.171,14.405,8.4905,6.0716,14.739,13.414,21.724,-6.1239,-63.544,-39.269,31.804,28.413,-3.2324,5.6291,1.4536,-20.159,-9.4084,4.194,2.5202,17.318,18.735,-8.3034,-1.6857,25.834,11.455,-12.151,-11.43,-10.943,1.8252,20.097,-4.2396,-33.823,-15.295,11.307,14.73,6.2253,-6.3485,-2.8738,5.2257,-4.3065,1.7094,6.2266,-30.947,-37.371,7.5334,17.386,5.4029,13.803,14.931,16.06,9.0587,-18.685,-7.0401,14.701,-10.12,-0.66752,27.987,-11.614,-28.408,10.517,10.791,15.287,38.725,-4.682,-40.442,-2.4134,3.6219,-31.197,-21.929,11.583,19.989,-4.6658,-37.498,-22.23,21.636,17.034,-7.4128,2.9614,4.2606,-14.531,-5.3334,10.401,11.259,22.542,20.134,8.704,29.207,21.868,-16.456,1.6807,8.938,-28.179,-0.73763,9.602,-57.858,-28.498,41.853,-10.287,-38.487,9.8417,-2.7775,-19.259,3.8763,-4.7814,3.292,23.551,-12.713,-19.096,36.082,45.348,1.5863,-23.766,-8.524,15.957,9.8541,-6.6946,-6.8196,-5.6085,1.7838,11.957,10.768,9.7634,-3.8621,-14.01,12.427,16.153,-4.6958,16.545,16.194,-31.658,-36.593,-16.003,-8.6266,3.5496,-10.625,-26.193,-7.3222,-18.835,-35.071,3.3104,25.437,14.675,12.547,3.1808,5.3397,17.252,6.4958,22.946,54.688,34.074,16.863,33.897,32.15,15.375,-11.904,-37.009,-17.487,-5.136,-37.203,-53.372,-55.758,-59.776,-45.242,-55.519,-71.155,-16.504,35.802,28.372,42.449,73.929,65.738,59.434,66.175,46.58,26.071,18.572,-5.3086,-19.359,-3.5481,-11.172,-43.476,-38.911,-13.27,-15.992,-28.357,-27.568,-20.136,-14.681,-29.671,-38.094,5.4808,36.551,3.3201,-8.8826,17.042,8.1133,4.7672,36.837,24.411,-6.0502,15.558,17.394,-11.387,19.856,49.176,-3.8307,-40.198,-9.1036,16.114,19.499,10.506,-15.002,-15.262,6.4221,-4.5114,-31.356,-42.589,-43.579,-19.477,12.735,6.7736,-9.5973,-0.25872,6.4533,6.372,22.065,28.537,5.4337,-5.5197,24.303,45.806,13.684,-25.487,-16.994,5.0508,-1.4773,-12.983,-7.8978,-2.6974,-10.145,-20.937,-10.225,22.535,29.416,-1.8361,-16.575,1.2218,20.156,25.972,5.651,-24.227,-20.84,-14.905,-26.811,-2.0504,14.248,-32.55,-27.264,38.16,14.677,-35.564,12.987,50.385,9.2019,-12.527,-0.3569,11.431,32.592,31.131,-3.1746,-21.871,-24.208,-19.565,1.8037,7.0322,-4.1676,5.632,4.0566,-14.345,6.6852,18.644,-28.514,-37.469,13.188,14.561,-22.914,-21.597,-3.1371,11.59,29.287,17.538,-8.4254,0.056576,8.0262,-8.1684,3.2234,23.301,-4.1963,-20.192,16.958,26.33,-3.928,-7.9232,-7.3766,-15.21,9.1954,18.894,-14.367,-17.805,-1.6566,-17.406,-16.348,15.479,17.109,-7.9625,-8.9408,13.177,10.33,-13.863,-1.566,17.005,-7.2683,-7.7506,14.38,-15.222,-24.892,22.54,18.442,-18.388,-1.9436,17.774,5.5245,-0.75937,2.9522,7.1045,2.3503,-12.686,-8.2687,12.882,14.421,-6.0381,-20.445,-6.6461,10.451,-3.1495,-11.481,9.7517,16.741,-4.63,-28.512,-24.957,16.476,29.742,-16.647,-29.971,12.974,23.167,-5.619,-11.993,6.27,19.848,23.218,14.449,-11.493,-23.436,-3.1705,-0.44971,-11.841,11.58,17.458,-11.016,1.4363,16.854,-7.0054,-3.9994,2.4883,-22.507,-16.209,-2.0745,-14.158,1.666,16.512,0.081557,6.8677,11.271,-9.9988,0.7869,19.571,4.2868,-8.6704,-10.816,-4.0349,17.548,12.225,-12.891,-3.4343,10.416,-8.2392,-17.057,0.28931,8.3093,1.4642,-1.586,-1.1724,-3.2208,-5.4522,-3.1668,9.6393,18.057,2.2988,-7.0586,5.6089,-4.0808,-19.228,3.7463,11.175,-11.431,-0.48603,12.371,-10.698,-9.6536,7.7776,-7.3993,-7.5956,19.232,9.3557,-18.356,-11.813,3.9539,10.218,22.146,19.979,-4.8894,-15.283,-6.1204,-5.3327,-10.82,-7.5935,1.3285,2.8195,-5.7043,-1.3957,19.055,21.685,7.4706,1.1452,-6.3313,-12.621,-1.8503,3.3768,-13.036,-20.936,0.72459,16.112,-8.4589,-25.147,1.8312,18.971,12.545,9.8273,-7.1132,-12.47,13.385,3.014,-26.179,-8.8604,17.1,30.747,26.756,-14.796,-16.475,24.761,4.9557,-23.87,-12.033,-21.204,-6.4199,27.698,-2.7455,-12.619,17.953,-7.0539,-9.5651,27.401,-2.4513,-19.304,19.529,6.0801,-29.283,-30.881,-26.363,-0.77377,18.682,4.477,8.2343,10.449,-4.3505,12.121,21.597,11.308,24.71,12.209,-16.146,8.8667,16.63,-24.208,-24.493,8.188,14.145,0.0071763,-13.687,-12.404,-2.1715,-4.0817,-16.184,-29.655,-20.921,12.908,12.765,-20.626,-23.969,-8.0471,-1.0742,7.5455,17.045,26.822,22.698,8.5832,32.031,49.975,10.259,1.4524,30.598,4.2863,-25.589,-7.701,-6.6869,-18.953,-18.593,-30.687,-33.295,-14.557,-11.166,-20.508,-21.664,-16.376,-14.047,-11.44,5.843,12.901,4.3325,30.811,50.099,16.949,20.428,45.661,12.539,11.838,49.795,10.812,-30.722,-4.4349,1.1957,-18.216,-30.244,-43.43,-24.467,-10.524,-39.95,-29.356,5.8355,-4.7412,-1.8343,10.644,-13.372,-2.8536,30.189,13.608,10.997,39.988,25.014,-5.7982,-3.1082,3.4754,4.2033,12.304,13.553,2.8186,5.0929,17.115,-6.8628,-42.246,-18.742,11.614,-14.616,-26.349,0.4625,4.8555,-1.1038,0.92268,-7.692,-7.014,-3.756,-17.314,-5.9475,18.666,4.3117,-6.6771,14.257,17.345,4.7242,3.8422,3.9815,12.713,16.831,-12.376,-18.862,17.733,13.773,-11.642,13.429,21.656,-16.471,-21.946,-11,-13.714,6.4346,2.3196,-38.162,-17.176,27.147,5.4487,-14.986,0.80241,3.8481,8.4379,13.096,-1.7581,6.0352,22.03,-2.9725,-21.078,2.2389,19.874,8.493,-14.057,-20.819,-3.3253,5.5905,0.018515,8.1378,11.997,-1.999,-4.0272,-0.73035,-3.1307,12.787,18.849,-13.702,-27.414,-8.8104,-7.2112,-1.36,17.654,1.9073,-12.259,9.3491,7.1043,-6.7951,10.488,8.5922,-10.664,-5.3043,-11.487,-16.481,15.492,19.708,-11.559,-10.3,6.3701,7.9966,3.9289,-8.8864,-1.9717,28.873,20.792,-12.391,-7.2264,9.4489,-3.999,-21.572,-9.502,17.369,11.679,-21.983,-24.306,2.7735,2.1578,-26.209,-26.975,15.629,44.724,28.211,11.485,6.5479,-15.938,-24.707,-0.97231,6.1649,-6.6543,-2.338,8.6955,5.532,-2.8775,-4.0773,1.3151,2.8026,-3.2669,-5.8647,4.0009,15.024,7.6213,-8.5861,-15.751,-19.913,-3.247,38.71,34.516,-20.97,-34.013,-4.8606,2.9045,0.38057,2.9498,-0.68301,-2.0064,-2.7393,-4.0678,3.685,6.3827,-1.9139,-10.995,-15.633,2.6455,29.526,23.06,8.2135,10.354,-5.562,-22.059,-0.87803,12.88,-2.7144,-3.3591,1.1988,-18.61,-24.617,-1.7623,1.7914,-16.077,-12.641,9.4705,21.906,20.958,19.707,20.069,0.42254,-25.138,-5.4395,26.289,7.634,-19.573,-23.277,-29.589,-19.349,3.021,2.5148,8.3497,17.217,-0.55635,0.57081,17.488,6.6788,7.1183,18.386,1.7867,-2.834,6.0925,-10.218,-20.709,-12.055,-1.6266,11.944,3.3881,-15.578,-3.2444,2.2291,-10.585,4.6082,14.543,-7.2435,-12.586,-0.65293,2.9822,3.1649,-2.9138,-0.43955,18.261,6.7515,-24.859,-3.5706,34.463,6.235,-22.488,17.545,30.953,-13.611,-17.002,-1.9316,-22.291,-11.085,15.12,-3.306,-3.0231,14.482,-8.7008,-15.874,6.4722,8.6966,15.895,18.542,-11.179,-18.136,3.6013,7.4699,-3.0565,-17.182,-17.112,4.0272,6.5785,-9.698,-17.58,-9.2863,25.008,34.846,-3.6636,-5.511,12.805,-4.0326,12.208,19.551,-36.415,-12.524,55.087,2.4625,-38.065,18.176,14.476,-29.393,-15.391,-0.2691,2.684,9.9808,-2.5013,-0.4487,7.0366,-27.068,-47.469,-25.365,-2.0389,20.43,24.477,0.58256,-4.4647,6.3864,16.884,38.775,27.429,-13.617,-4.1897,22.798,2.5486,-12.112,8.9035,23.856,16.8,-10.308,-35.911,-25.023,3.7346,11.905,-5.6006,-35.515,-43.957,-20.268,-5.8317,-8.6771,-2.0163,5.0151,2.992,3.1366,8.8646,18.96,12.418,-7.8359,16.177,55.544,24.673,-9.2907,23.059,23.778,-17.442,4.9844,42.649,13.506,-19.486,-19.041,-15.833,-15.787,-35.775,-54.4,-21.03,-1.6434,-39.631,-38.145,-0.78131,-10.839,-15.323,16.134,20.843,18.144,27.136,18.943,28.742,45.824,22.829,23.56,51.789,23.825,-10.358,1.9789,5.0774,0.44792,-2.8764,-29.794,-33.261,-11.279,-25.889,-45.17,-38.492,-39.847,-42.96,-41.302,-36.785,-5.7147,27.425,38.461,46.55,37.277,24.849,44.955,47.124,19.551,21.172,25.115,-2.1197,-19.257,-16.234,-8.6885,1.6963,8.0827,9.2328,-8.6883,-38.594,-32.874,-14.34,-25.807,-27.453,-16.312,-15.697,7.8428,19.81,-18.863,-20.55,23.861,17.109,-9.1961,14.034,32.197,9.4523,-0.94822,14.725,13.653,5.3637,28.261,36.833,-5.0042,-16.698,18.786,7.7533,-29.062,-14.617,-0.68662,-20.675,-16.182,-2.6725,-21.641,-31.288,-16.35,-7.8833,-2.8336,-5.7521,-14.044,10.188,35.458,14.493,0.13957,11.313,2.7114,2.5979,26.578,21.047,2.7201,14.634,18.888,-4.9952,-6.6533,15.537,-12.159,-61.321,-17.977,41.407,-6.7203,-42.772,-9.2331,-11.595,3.6015,41.743,-10.732,-30.879,33.822,13.94,-12.355,27.05,-16.372,-48.041,15.645,6.804,-12.853,31.193,-3.1504,-25.762,34.955,14.873,-11.5,32.643,-4.3169,-44.145,14.733,24.216,-10.763,8.1836,27.182,12.702,-24.045,-40.851,-2.3747,-4.6415,-40.005,-3.637,5.3418,-27.231,25.268,43.412,-25.567,-8.0552,39.112,3.9278,-9.4257,12.63,-1.1896,-18.797,-2.726,29.462,14.445,-33.966,-2.0995,44.674,-1.5777,-21.927,7.7371,-5.5218,-4.7436,-3.0215,-36.938,0.52638,35.741,-22.976,-17.224,30.82,-2.5334,-7.6221,4.581,-33.021,7.2353,46.972,-39.538,-50.957,35.779,22.998,-11.158,19.72,23.302,21.703,29.778,-10.778,-29.25,6.5769,9.201,-14.223,-21.44,-30.438,-23.648,8.8008,17.993,0.72252,0.93972,6.969,-8.3716,-5.6348,15.913,-7.7598,-26.097,23.147,34.705,-7.0725,14.737,37.809,-14.73,-35.613,-11.805,-21.155,-25.202,1.8892,21.148,14.981,-15.492,-11.882,37.176,27.25,-13.323,16.833,31.001,-20.726,-30.93,2.8312,4.0449,-23.063,-28.895,10.883,25.58,-27.411,-31.487,28.84,23.985,-12.482,1.1374,10.612,2.8282,2.9959,-5.3415,-1.8686,9.9848,-3.2823,-13.625,-9.804,-1.3661,21.525,22.508,3.7911,10.199,-2.2851,-28.62,-1.184,14.875,-12.204,-0.61133,14.342,-13.257,-16.382,1.4026,1.8975,4.1948,-4.1505,-18.786,-9.0969,-1.7906,-2.3925,4.1344,1.298,13.265,31.685,1.0914,-18.825,12.65,11.504,-6.2875,14.452,8.5828,-21.979,-15.074,-6.0845,-3.1259,13.754,-1.8951,-21.648,9.1018,23.319,6.4606,16.598,8.8697,-28.312,-14.229,17.45,-2.6572,-23.768,-18.517,-21.527,-13.669,14.226,14.474,-8.0433,0.59237,28.952,20.429,-13.217,-14.657,10.428,21.202,13.387,-3.9877,-10.335,7.0137,5.3822,-14.231,2.8865,10.696,-22.108,-5.9931,32.26,4.4218,-10.251,9.8943,-18.626,-25.579,17.289,0.64916,-18.314,16.539,-10.093,-51.549,-8.7732,5.4558,-22.936,5.9301,27.903,9.9833,13.194,9.1539,6.7967,30.606,8.5705,-16.518,20.876,11.961,-29.594,14.103,40.575,-15.245,-15.445,34.566,23.621,-8.9128,-12.857,-20.275,-31.431,-38.426,-49.291,-33.998,5.4383,4.0432,-27.049,-15.538,11.483,3.1335,2.5394,24.652,28.018,23.77,30.658,30.454,14.324,-0.95232,24.19,60.493,25.098,-13.127,24.057,23.535,-23.29,-9.4263,-12.908,-64.564,-53.561,-36.472,-67.214,-54.579,-32.586,-54.896,-45.317,-2.6104,27.029,51.142,58.605,59.729,66.703,51.589,45.873,64.404,43.067,-3.0165,-10.454,0.4705,-15.881,-41.618,-19.788,8.0058,-44.34,-80.605,-23.114,-5.6847,-36.453,-11.839,-4.7572,-34.492,-10.737,13.69,4.7015,25.559,41.265,16.633,6.2735,23.393,21.011,-14.64,-12.262,44.87,44.313,-1.296,5.4048,-2.1761,-28.365,7.6742,7.5036,-41.033,-5.5093,32.9,-8.1716,-22.068,-0.43799,-2.7847,-20.651,-38.389,-14.925,20.057,-11.599,-28.607,9.6989,-2.6479,-22.717,25.935,50.445,18.434,-3.797,-4.8494,3.8155,8.0114,-0.8105,-2.5096,9.4774,24.912,13.271,-29.324,-18.75,41.417,31.38,-19.73,-14.324,4.8721,2.8416,5.5799,-7.822,-34.727,-29.642,-11.619,-26.333,-35.225,5.2871,20.966,-17.208,-4.1161,38.899,11.854,-9.3875,19.488,19.601,11.749,11.149,-16.046,-4.5803,36.434,18.868,-2.6604,11.099,3.708,-4.8598,9.1587,9.0397,-14.422,-36.308,-16.747,16.291,-10.181,-41.372,-26.813,-29.862,-21.746,24.765,15.543,-23.032,-3.657,26.474,28.722,12.556,-11.45,1.7733,32.22,28.658,19.525,9.3218,3.0567,30.902,18.682,-38.017,-17.48,21.115,-23.37,-51.879,-24.689,-6.7931,9.7141,3.6229,-36.497,-23.103,23.372,14.583,-0.89425,6.4883,-9.1366,-5.8818,24.644,0.60906,-30.641,9.6429,34.681,3.7976,3.7413,23.665,9.6859,7.8126,28.308,14.229,-20.162,-20.352,7.0484,15.487,-4.8889,-16.651,-12.662,-22.033,-35.716,-39.059,-45.605,-33.874,15.742,50.378,35.576,17.829,21.375,15.291,6.2305,11.817,2.8254,-5.5926,7.9304,-17.42,-41.074,26.557,51.406,-32.003,-33.922,30.303,3.0142,-18.408,22.98,13.467,-14.025,-6.5598,-13.028,-11.298,2.6221,-6.8407,-4.6684,-7.5068,-29.828,-3.5615,21.991,-8.4147,-5.7067,14.46,-10.106,-7.2126,14.98,1.9935,12.093,30.976,21.893,41.24,41.218,-12.064,-15.063,-9.9229,-58.663,-43.974,6.4031,-4.9944,7.2476,19.688,-27.897,-7.8114,26.707,-36.599,-23.876,47.845,-9.672,-37.605,34.823,9.1453,-30.481,27.65,38.083,16.108,25.562,-16.353,-39.876,12.673,16.998,-10.982,4.0037,5.2187,-10.14,-10.868,-13.078,-0.49353,11.315,-3.4671,-6.7539,-5.6784,-12.895,10.677,27.578,-3.492,-24.571,-11.568,4.0836,11.436,2.7357,-14.85,-16.781,-0.84559,15.076,11.991,-0.18066,3.5359,13.708,17.927,12.309,-12.033,-19.018,12.537,25.662,3.5719,-14.087,-18.659,-7.6779,8.136,-0.012344,-12.981,-9.1271,-8.1996,-15.966,-21.606,-10.55,16.841,23.045,4.8131,-1.8426,2.7179,9.7973,14.86,8.1125,9.5897,16.266,2.9053,-9.1047,-17.006,-24.474,-1.2162,8.8799,-18.771,-4.298,25.943,3.9912,-3.9112,14.436,4.8764,-5.9178,-12.554,-16.682,8.8873,7.0344,-29.93,-21.816,-1.3257,2.219,27.277,21.855,-5.5528,25.089,32.269,-23.626,-26.022,4.4577,-9.4141,-5.2124,24.487,4.9912,-28.89,-9.0795,16.217,-13.619,-35.109,3.9153,21.784,-1.3456,10.031,18.677,-3.6849,19.862,43.12,-5.8112,-34.973,-12.249,-7.5181,-12.072,-10.012,-9.537,4.5167,8.3382,0.92827,9.9626,-10.7,-40.299,4.5819,42.383,2.4667,-9.3571,23.35,14.362,-10.692,-6.426,1.8941,3.3758,5.1163,6.2902,-1.7926,-24.791,-26.373,11.986,31.961,8.8601,-8.5792,-6.6378,-9.4339,-11.475,-3.2928,-0.72911,-4.8454,1.0305,7.6443,5.5486,8.8728,4.6204,-16.786,-16.148,6.2464,7.624,-1.448,3.823,12.581,10.825,-4.7158,-10.108,5.0373,3.3158,-2.0916,16.025,2.7373,-26.217,7.0392,37.502,0.66972,-29.2,-23.434,-13.097,2.6652,1.7105,-16.75,-7.5241,14.671,13.979,1.6257,-6.122,6.7437,26.724,6.3684,-25.878,-8.1741,18.203,3.7389,-5.3922,11.358,1.2008,-30.499,-21.766,12.897,17.66,6.0115,8.7255,10.168,-0.71697,-2.2913,12.108,5.5723,-25.087,-17.399,13.179,-6.1671,-25.676,0.15303,2.5471,-10.226,3.2908,1.8519,8.5076,37.146,7.8864,-31.415,-3.3878,9.0571,-8.6583,5.1064,3.7705,-15.911,3.6648,18.469,-6.1624,-19.391,6.666,37.328,16.858,-22.738,-3.5999,13.786,-23.37,-17.486,27.041,10.95,-20.146,-11.616,-8.4079,-12.447,-3.8156,2.0665,3.9757,5.4999,11.728,19.896,5.2757,-9.4362,-0.71839,-13.841,-29.688,4.6188,20.983,-9.428,-6.989,8.9469,-4.8034,5.037,14.56,-17.604,-0.48777,56.396,24.89,-36.463,-9.2888,33.648,13.976,-19.01,-19.256,0.25701,-0.32854,-17.692,-1.8871,13.498,-20.908,-27.699,15.063,5.3738,-45.76,-43.667,-3.653,9.7954,-5.4156,-5.9458,21.517,31.522,14.317,15.003,33.127,41.024,35.926,22.398,13.467,7.1122,-3.6179,-3.7981,-16.182,-41.167,-20.352,-0.55492,-29.576,-19.609,2.0755,-42.29,-45.141,3.2862,-17.555,-45.315,-16.823,-1.7181,-1.2525,-2.0083,0.027162,42.576,64.56,41.657,60.135,68.789,25.345,27.289,37.059,3.0349,9.9739,20.969,-17.846,-29.008,-31.888,-59.279,-47.914,-40.424,-75.208,-70.75,-45.278,-61.059,-61.972,-23.472,1.3986,18.918,64.425,100.37,88.623,78.914,90.979,73.402,43.118,24.515,-11.622,-23.343,-2.211,-23.326,-41.625,-17.524,-33.167,-64.589,-51.405,-35.916,-27.011,-35.914,-62.597,-19.434,41.906,11.459,-13.063,19.797,26.838,22.865,26.096,22.266,40.128,43.263,21.176,25.808,13.129,-8.8704,18.831,8.0426,-44.036,-29.804,-12.779,-30.694,-2.4479,25.087,1.9883,-14.873,-19.077,-19.38,-9.226,-12.048,-17.728,-6.6708,12.783,22.347,-5.3557,-22.742,12.851,15.755,-9.8366,11.94,6.1059,-24.099,12.429,26.777,2.2591,37.527,40.445,-12.196,13.393,42.147,-9.989,-30.675,-13.062,-25.757,-39.916,-37.797,-14.61,13.82,-9.5107,-31.923,8.0514,28.403,9.3873,15.299,24.171,18.062,15.237,-4.8373,-28.734,-26.861,-10.253,20.739,32.908,-5.4953,-15.798,22.915,13.197,-26.213,-14.83,9.7987,7.5343,-7.6927,-23.008,-7.8321,12.917,-10.243,-8.1324,38.136,25.788,-5.7509,17.567,2.4904,-41.715,-2.6479,35.952,-5.847,-25.382,-1.9555,-2.786,-8.4554,-5.6004,-13.104,-10.475,-3.0289,-12.921,-15.919,2.3637,21.179,18.088,-1.3336,10.569,45.766,27.836,-10.379,10.171,23.243,-15.605,-21.588,1.0546,-13.259,-24.249,-8.7346,-5.5013,-3.5786,-0.89594,-13.187,-6.0047,10.323,-5.5227,-13.359,5.8404,12.3,11.817,3.1958,-21.872,-6.2725,37.635,23.638,-9.9719,2.1239,2.7382,-23.178,-12.675,10.36,-0.27568,-4.5002,12.528,10.504,3.3729,17.613,14.298,-17.052,-18.791,12.427,13.48,-15.321,-15.737,-0.44138,-19.447,-35.028,-9.6483,-1.8746,-14.081,17.368,40.071,1.7967,-9.881,24.314,16.946,-19.551,-19.971,7.1003,27.252,19.143,-5.8167,-7.8421,6.4309,4.8837,-1.9885,1.5319,6.1135,-1.5504,-17.409,-15.248,0.74881,-3.3145,-13.449,-4.9656,0.57872,-3.7454,-1.7879,4.7642,10.711,3.2292,-21.864,-25.775,0.84168,8.458,-1.5972,18.12,42.221,19.386,-13.894,-9.1006,4.457,4.0572,11.185,14.364,-7.4454,-21.973,-2.7794,15.714,3.8172,-7.5269,-0.77433,-9.9736,-19.895,3.714,5.2446,-30.304,-25.829,6.267,8.2316,-2.9721,-12.293,-0.92523,32.154,11.403,-31.066,6.3988,40.77,4.5799,-8.277,-0.21367,-11.938,16.67,51.342,13.568,-24.823,0.71139,19.111,-17.992,-38.79,0.70859,20.129,-4.6079,-6.0544,-10.034,-33.128,-14.255,-5.4011,-40.833,-25.117,19.661,23.138,29.429,32.83,10.946,3.3297,-9.8243,-22.904,9.2491,25.54,0.31672,-0.91618,15.884,17.106,-2.3019,-23.63,0.65386,25.488,-1.3936,-1.6654,10.954,-29.56,-31.055,5.8268,-16.693,-24.111,15.288,16.226,7.5662,4.8493,-25.419,-23.304,4.6363,-7.8352,-15.118,3.0203,2.6933,1.6041,17.061,29.249,25.163,7.7464,5.8681,12.842,2.9227,8.9511,16.24,-13.41,-14.98,10.008,-14.125,-25.346,15.45,16.188,-19.209,-20.721,-6.6197,-5.2418,-6.3799,-4.7559,-15.407,-37.483,-23.407,10.087,-3.9467,-1.3303,50.237,26.122,-35.442,9.4678,65.553,29.097,-0.44184,10.54,-3.4585,-24.89,-12.959,9.1576,2.2689,-19.969,-8.0259,19.384,11.351,-4.0504,-1.7395,-8.7388,-12.687,0.29818,0.47397,-8.7174,-9.9833,-17.197,-16.532,11.755,24.149,-9.1518,-36.819,-26.588,-14.73,-7.8027,15.39,23.033,3.0987,3.7993,14.443,-2.4229,5.9235,61.186,69.672,11.989,-7.4068,28.96,34.832,3.9922,-9.0757,-9.5285,-17.193,-26.433,-38.984,-44.897,-43.026,-57.926,-66.671,-42.516,-25.285,-21.689,-3.7841,5.0031,6.8438,34.901,59.891,66.128,86.023,95.119,58.406,25.153,34.232,28.642,-23.182,-44.457,-12.708,-14.392,-49.763,-52.16,-43.342,-46.346,-45.555,-48.89,-33.777,-4.9136,-11.202,0.22733,41.939,14.922,-19.406,23.694,37.526,18.109,42.895,30.407,-11.095,21.074,42.595,5.8765,13.865,36.025,-1.0814,-28.871,-9.8751,4.3556,-3.8044,-15.439,-22.62,-34.504,-43.451,-24.196,-1.1006,-8.7171,-13.658,1.8328,3.2538,-3.3985,3.2394,2.5478,-2.6416,9.5722,15.545,9.6951,17.647,9.1135,-17.13,8.6749,44.897,12.025,-9.4469,25.135,27.207,-1.0925,-9.0245,-13.561,-8.8397,-2.9509,-19.009,-10.801,9.1126,-11.952,-18.568,1.3039,-12.519,-29.623,-20.666,-4.5451,11.274,-10.154,-30.382,25.014,47.232,-15.822,-18.519,25.948,15.248,9.0283,19.951,7.5521,22.228,38.492,2.6471,-19.032,-7.8488,-3.1677,10.493,12.896,-22.243,-40.282,-16.069,2.1937,-12.92,-22.475,-0.20487,-4.1462,-27.339,17.014,44.834,-24.713,-31.945,37.079,12.544,-28.734,1.4621,-11.825,-16.954,58.816,56.591,-16.527,-9.6957,9.4039,-4.0268,22.054,24.783,-18.187,-8.5888,17.818,-4.0551,-21.021,-16.418,-18.196,-22.519,-23.176,-7.3357,10.828,-5.5392,-21.637,0.56387,19.931,11.636,3.6093,16.249,24.4,-7.7333,-30.815,5.0139,26.837,8.8873,16.429,18.728,-13.407,-17.929,-6.7857,-9.3895,11.645,18.261,-25.517,-29.229,28.79,41.117,-12.234,-36.554,-3.8356,16.478,-1.5995,-17.572
11.922,21.407,-25.34,-27.489,22.69,10.956,-15.686,-10.696,-22.435,-13.989,17.409,12.343,2.5785,0.35866,-14.708,-6.3971,8.2801,0.62418,4.1019,3.3896,-10.227,-1.8163,2.4332,-4.0986,0.4638,-17.205,-24.885,16.252,19.305,-10.745,20.81,46.581,3.3019,-16.315,12.312,26.675,27.249,21.07,-8.2584,-31.414,-16.071,7.2926,-3.2982,-30.709,-38.161,-33.385,-35.686,-49.742,-63.411,-24.208,54.999,64.642,30.336,57.778,67.506,13.174,16.996,38.172,-15.291,-21.961,23.943,-16.84,-60.12,-12.157,12.178,-14.501,-14.322,-0.53608,-1.4206,-10.85,-23.306,-18.874,1.6332,11.558,-2.9658,-22.133,-1.915,27.182,6.839,-3.7778,17.266,0.31869,-7.5155,27.858,24.795,9.8299,20.172,-3.5017,-12.413,22.999,3.8678,-30.658,-0.98187,6.1633,-31.777,-25.71,10.724,11.699,-7.0522,-4.9761,-8.9462,-40.464,-32.821,15.619,19.393,13.471,39.655,18.537,-25.151,-9.4173,6.5261,-8.4805,0.44597,22.651,26.892,11.49,-12.372,-4.9329,24.784,20.043,-4.5147,-6.576,-1.8123,-12.788,-21.343,-11.355,-14.201,-34.658,-20.789,2.1306,-16.445,-17.252,9.6964,1.4896,2.5014,25.075,-6.7975,-22.627,49.939,84.307,41.429,31.168,23.02,-33.948,-34.645,14.085,-13.066,-49.982,-13.363,-13.722,-55.334,-24.478,17.811,4.4597,5.8779,19.031,6.1036,-0.4493,-6.2784,-14.594,8.742,27.815,6.6972,-11.967,-1.1661,15.513,9.7238,-9.0527,-2.0155,19.942,11.214,-15.674,-10.569,20.687,17.096,-10.297,7.0613,19.438,-24.39,-23.563,32.211,27.288,-23.7,-38.341,-3.3881,29.593,-11.16,-54.311,-14.076,-6.3724,-46.21,-25.153,-12.117,-11.579,43.084,37.631,8.1566,59.073,36.972,-15.489,51.682,47.488,-25.454,31.049,42.625,-43.908,-13.4,20.443,-48.223,-46.617,-5.315,-33.641,-50.056,-33.523,-26.74,-14.025,4.0776,19.221,22.219,10.835,14.741,19.372,2.0508,-2.2712,19.21,42.506,32.121,-9.2361,-5.8359,19.52,-14.275,-22.829,25.046,13.53,-16.819,5.7787,4.3592,-19.825,-12.158,2.4626,13.797,6.8555,-25.415,-30.286,-12.533,3.8306,27.872,8.7256,-37.821,-25.574,-10.609,-35.043,-18.905,14.341,2.2437,-9.6499,7.532,37.988,58.381,35.549,7.3702,24.443,34.562,2.9365,-12.461,6.8471,5.3874,-24.104,-29.646,-16.424,-12.865,4.0738,12.1,-12.366,-2.6662,14.68,-33.978,-49.01,6.9284,5.2865,-37.805,-25.04,12.895,28.307,5.7963,-28.957,-5.2282,30.831,-1.4074,-24.517,11.614,33.26,25.87,29.965,39.041,25.699,4.5972,18.765,38.718,14.677,-5.7932,-7.1814,-31.07,-33.915,-5.0643,-14.732,-45.365,-45.289,-19.648,3.7777,-15.194,-42.311,-13.651,13.779,-4.3769,-27.059,-30.38,8.8526,29.379,-30.645,-17.228,72.132,22.826,-35.272,60.476,92.582,38.59,72.172,101.88,76.029,72.171,50.712,12.016,-30.446,-99.475,-111.1,-96.208,-144.97,-140.95,-99.943,-133.68,-103.66,-23.342,-61.431,-62.005,72.867,157.78,179.49,198.39,158.02,115.02,120.4,89.712,34.957,21.344,-6.3489,-77.768,-106.51,-70.96,-59.756,-79.3,-69.172,-66.623,-90.629,-76.193,-46.474,-49.229,-36.295,8.5034,38.207,40.757,49.801,73.863,54.704,12.552,48.643,89.743,39.713,8.0632,20.958,-2.7604,-13.748,-0.69837,-6.5204,3.4219,-6.4074,-39.042,-5.0856,14.247,-30.317,-16.277,-3.9224,-61.145,-47.734,4.2399,-16.616,-21.244,-5.7156,-24.213,11.164,57.648,10.145,-14.499,25.561,2.4233,-30.85,24.067,59.823,22.537,1.0402,2.4738,1.4433,18.486,19.868,-6.8782,-7.9411,2.6124,-1.6141,3.0734,-3.1325,-19.488,-7.8492,-10.167,-38.872,-27.543,3.3223,4.2491,0.41238,-0.97181,-6.3384,0.098726,-1.005,-17.573,-4.4536,34.425,31.863,-10.524,-25.33,-15.401,-12.375,1.8459,12.858,19.358,54.196,47.835,3.6708,35.489,29.232,-73.837,-37.003,67.919,-9.729,-81.894,-15.531,-4.6528,-34.069,-15.428,-20.856,-17.54,22.282,32.796,34.94,20.897,-21.201,-5.7927,25.103,-1.4667,5.6775,38.899,0.66057,-38.551,-19.136,-15.753,-24.119,9.6647,28.5,3.5826,0.96439,4.3144,-6.7827,24.122,20.05,-45.752,5.767,83.253,-9.7981,-61.153,11.121,-7.681,-29.388,23.198,-8.1049,-30.583,24.206,-0.79353,-38.19,-3.9508,6.7621,16.429,30.22,9.6775,17.466,3.9374,-45.334,-12.277,14.659,-16.761,19.254,30.849,-31.125,-3.4355,46.924,12.876,-8.1808,-19.89,-42.529,-4.5607,33.052,1.0712,-30.917,-9.0162,27.148,6.59,-19.982,31.584,38.279,-38.326,-16.342,39.165,-23.678,-36.207,53.862,35.528,-49.506,-18.624,35.297,-13.167,-55.036,-19.447,-1.65,-13.454,0.11749,6.9957,12.241,28.814,-4.2457,-23.772,32.316,34.171,-10.935,31.581,86.199,65.368,14.988,-46.801,-72.992,-40.443,-31.307,-37.378,-17.507,-25.356,-40.026,-10.567,14.148,12.043,6.1136,4.5941,25.071,46.94,27.132,-6.8848,4.75,50.378,44.973,-18.574,-39.295,-11.127,-3.2209,-8.5225,-22.314,-26.261,24.123,39.263,-25.547,-30.934,18.948,-0.66825,-32.26,4.1744,33.138,-7.556,-40.998,13.606,55.275,-5.1078,-38.152,-6.2278,-15.64,-15.311,20.807,15.506,27.656,48.636,-11.093,-35.976,9.9036,-4.3626,-22.94,4.8402,-12.037,-26.946,11.302,25.486,13.154,6.208,-3.3662,-4.784,0.64535,22.636,36.028,-25.233,-60.555,12.765,31.661,-25.758,-11.362,7.2603,-31.163,-14.451,42.12,47.295,6.2618,-38.38,-24.697,12.455,-23.578,-41.028,22.357,25.484,-15.67,9.2405,18,-11.356,7.8564,31.41,23.163,19.223,6.0364,5.4022,26.338,-2.1607,-43.496,-27.935,-16.101,-20.199,0.99439,-2.014,-25.905,-3.9901,17.718,-9.6235,-22.906,8.0255,31.793,19.601,-10.005,-23.583,-2.2296,16.842,-5.8415,-12.66,30.409,35.944,9.9872,32.412,14.876,-61.468,-32.676,39.517,3.1301,-22.713,18.122,14.178,1.1619,13.22,-11.014,-35.096,-29.835,-19.141,-0.37462,-10.39,-10.296,55.717,39.293,-58.344,-27.472,27.568,-33.429,-25.957,50.493,22.814,-20.335,-1.776,1.6027,7.1753,34.952,51.133,45.291,-12.674,-60.664,-5.8385,40.026,1.9001,-14.57,-15.778,-38.563,-2.5515,44.454,0.85703,-45.458,-21.44,-2.3066,-16.86,-12.341,5.6422,-16.579,-37.017,15.13,46.295,-4.9594,2.4407,56.368,-2.3725,-60.042,15.403,63.74,12.742,-21.596,-5.0508,38.688,49.162,-15.078,-37.075,16.187,17.925,-8.5228,-2.5182,-18.548,-32.867,-23.391,-24.51,5.354,21.496,-44.791,-61.864,6.8744,20.661,-15.574,-12.06,42.995,77.873,11.038,-34.525,38.674,38.895,-35.313,-11.976,-29.903,-110.31,-34.785,63.531,28.206,31.043,82.136,64.517,33.907,29.56,31.854,16.037,-33.015,-32.648,3.7516,-37.337,-76.668,-50.463,-55.115,-71.53,-52.576,-35.556,-7.4886,10.502,-17.982,-35.03,-13.56,31.224,69.574,57.564,50.076,70.417,59.213,67.101,85.985,51.14,65.867,94.136,15.361,-25.129,-11.977,-56.622,-48.643,-58.913,-175.48,-141.52,-39.887,-130.65,-173.62,-97.806,-120.32,-88.741,55.823,102.62,124.41,204.2,225.84,186.41,139.45,132.79,141.61,29.017,-85.579,-30.968,-10.445,-93.277,-96.792,-80.374,-111.36,-111.19,-110.58,-96.525,-50.722,-69.486,-74.889,11.972,48.605,44.535,80.383,51.799,3.2457,62.51,92.787,28.237,40.089,99.918,40.715,-27.19,36.596,71.731,-7.8578,-39.948,-19.136,-47.311,-44.233,2.2432,-36.193,-103.82,-66.896,7.8029,3.0057,-37.324,-20.454,22.948,34.866,22.115,-24.406,-43,40.005,56.468,-55.442,-46.22,57.922,43.931,23.272,49.384,6.4197,-2.9532,48.053,17.192,-26.139,0.34842,26.849,28.747,-8.993,-42.847,6.6175,26.437,-42.742,-56.852,-16.357,-18.247,-41.328,-51.676,-32.081,-0.378,0.25487,6.8324,15.081,-9.6697,9.2791,54.824,38.695,20.587,24.924,24.773,46.373,25.996,-22.447,14.018,25.624,-39.321,-19.944,27.393,-14.246,-58.993,-60.141,-5.6063,63.36,10.747,-57.407,0.12271,8.7224,-61.447,-37.705,16.268,3.7214,-20.664,-22.167,14.785,41.974,17.808,41.039,92.07,60.371,32.874,44.081,-7.5502,-61.628,-48.168,-43.591,-59.871,-45.785,-13.803,-4.8372,-22.528,-25.262,2.4264,37.341,56.074,27.984,2.7578,39.343,31.181,-30.282,-1.9427,26.848,-27.992,-12.044,22.413,-46.286,-52.144,20.706,4.4122,-16.052,33.731,26.538,-21.755,-6.643,17.355,-4.568,-2.7851,29.217,-3.9443,-55.006,-6.6024,32.931,-27.067,-31.459,42.778,41.286,-13.495,-14.194,30.492,48.442,-0.9098,-34.832,3.4035,5.1338,-37.481,-26.821,-9.1053,-9.3819,13.312,4.2831,-13.415,22.342,14.474,-42.969,-29.586,17.793,20.659,10.756,22.674,46.733,32.634,-13.064,-7.653,2.0163,-42.545,-31.417,18.829,-10.884,-31.043,7.484,3.5391,0.74537,30.508,-2.0143,-31.304,19.145,28.879,-21.148,-25.395,0.90607,21.365,29.126,-15.273,-39.422,27.772,44.296,-29.933,-26.565,28.061,12.205,-9.9497,-26.73,-53.745,18.959,85.069,-13.921,-55.054,44.494,27.188,-45.454,10.501,37.311,-19.374,-22.41,-5.7756,-7.3639,0.30454,-14.731,-12.157,16.34,-10.496,-23.729,18.265,11.969,5.5825,46.565,22.353,-19.984,20.696,39.855,-14.318,-48.939,-30.688,-0.16397,-4.1825,-23.568,0.093152,23.638,-0.024171,-16.967,-6.472,15.377,31.252,-0.21105,-28.657,5.3352,16.411,-19.619,-27.006,-13.234,18.384,58.391,22.474,-31.839,6.7462,42.751,2.8947,-26.731,-17.888,0.78677,10.168,-21.402,-47.484,-7.9948,22.213,-13.707,-35.468,8.0086,56.132,45.547,-6.6379,-28.544,4.1102,22.138,-14.953,-29.784,13.985,22.147,-13.92,2.6439,21.038,-32.182,-34.847,39.677,24.89,-46.558,-12.898,40.705,-0.35227,-26.518,10.906,19.629,8.1129,11.451,-6.8684,-12.414,15.305,-3.466,-34.122,4.3689,20.652,-24.632,-18.08,23.182,7.9367,-12.737,0.16561,-1.2029,0.27559,17.069,-10.454,-38.073,15.359,47.026,-6.9243,-9.2425,32.137,-10.456,-36.635,18.985,15.832,-17.247,11.645,12.43,-11.095,-1.4936,-21.62,-20.326,40.11,22.057,-34.901,-9.5396,9.7549,-7.5159,-8.495,-22.545,-7.5687,37.139,11.516,-9.6269,25.204,-3.3382,-43.066,-3.1491,22.023,19.486,25.024,-4.4955,-21.414,1.5921,-3.0869,-10.288,-3.158,-9.1359,18.495,38.672,-7.7487,-19.388,2.4166,-22.474,-11.697,24.571,-14.256,-28.611,23.043,23.806,2.022,-2.0282,-33.925,-17.684,51.808,30.748,-27.995,-8.3021,0.95088,-25.521,-1.3845,19.568,-10.824,-18.056,-5.3261,-12.493,4.361,36.669,28.312,7.5593,6.3662,8.7843,16.343,11.834,-17.647,-12.295,29.936,16.615,-42.682,-52.266,-20.631,-17.023,-37.303,-34.999,-1.4769,25.81,21.551,17.834,36.484,33.161,-0.93474,0.98651,36.409,28.143,-10.287,-17.072,-13.182,-19.715,-14.873,-8.427,6.2279,42.231,35.178,-27.169,-49.009,-14.02,8.7888,0.045562,-17.046,-14.835,-1.9806,-19.252,-32.3,7.9924,40.505,19.6,-5.9304,-1.1191,26.834,40.168,11.787,-2.5879,21.602,9.4835,-36.668,-37.244,-4.8161,4.9873,-4.5173,-8.9572,0.68334,8.2535,-9.1635,-20.492,16.608,45.942,1.9602,-37.925,-6.6914,4.5369,-29.417,-11.761,24.617,5.3255,-4.7678,17.305,16.798,9.0405,6.3057,-8.0718,-12.376,-8.0661,-8.6556,-0.94609,0.45445,-5.4333,12.59,33.34,13.423,-26.787,-20.214,26.43,16.492,-27.911,-9.1797,0.25318,-36.997,-8.6808,33.996,8.0858,3.2075,2.3892,-36.932,-6.6304,46.574,7.5362,-21.02,14.5,20.883,-6.1342,-11.351,14.516,21.915,-24.713,-44.044,-5.6343,-0.58614,-13.449,5.4855,12.807,20.81,39.349,15.457,-17.264,-13.261,-6.3267,-16.593,-24.24,11.112,44.884,-20.711,-68.657,20.041,65.39,-2.2942,-24.566,-7.9376,-8.8717,11.842,19.345,2.3168,0.922,-9.3604,-12.482,6.389,2.8535,8.256,25.823,-2.4449,-22.549,-2.8846,-2.7492,-14.456,-26.667,-29.668,21.732,51.115,-5.8826,-31.201,12.848,28.978,10.363,-4.4474,-14.927,-11.632,0.26215,0.77134,2.6284,22.693,31.336,0.28788,-22.903,-0.20504,23.379,16.605,-23.909,-74.139,-48.83,21.306,18.261,0.47067,23.359,6.0463,-16.649,2.1702,5.8335,22.664,35.742,-16.125,-13.125,44.304,-6.215,-60.974,-0.94578,29.627,-8.1449,-17.143,1.2297,14.357,1.9,-16.855,8.5962,31.401,14.721,-0.90644,-30.467,-41.428,17.034,34.304,-14.852,-10.947,9.2469,-12.328,-9.855,7.5273,4.6007,3.6123,-7.7701,-13.001,12.81,15.823,-9.8578,-24.653,-30.056,3.2127,57.78,31.182,-38.919,-26.455,30.995,38.65,16.763,9.5736,15.255,15.195,-14.008,-43.937,-14.967,12.114,-43.147,-69.522,4.9741,38.912,-0.14325,-4.1917,6.7459,3.9795,20.979,14.315,-13.129,-2.6646,10.679,9.6274,4.6616,-18.23,1.6845,34.992,-30.11,-65.658,18.454,40.305,-5.6671,12.097,26.243,9.4403,19.185,15.108,5.4801,12.051,-14.679,-28.132,5.4581,-1.0438,-49.932,-59.511,-10.014,30.922,-5.0821,-28.94,24.674,15.417,-39.875,8.4995,40.439,-18.603,-9.3751,33.149,1.2598,-13.855,13.636,22.919,26.117,19.783,11.369,29.897,26.675,-17.638,-40.084,-16.492,20.683,27.897,-1.1722,-29.871,-42.502,-37.616,-23.427,-17.366,1.7397,7.4718,-38.637,-31.196,34.935,3.9067,-43.311,25.537,65.422,25.135,17.836,11.449,-11.98,-0.51789,-4.9594,-18.897,20.456,53.12,42.999,18.654,-26.398,-28.519,49.27,65.419,-26.885,-73.25,-29.104,1.4438,-15.856,-40.898,-41.813,-21.1,-24.875,-43.051,-5.652,31.756,-11.585,-29.5,36.82,56.2,-2.6806,-28.723,18.617,72.149,37.857,-37.441,-8.7479,57.167,33.376,15.57,38.817,20.51,15.13,33.277,4.4556,-13.447,-17.959,-60.859,-50.117,-3.704,-45.666,-82.574,-36.279,-23.932,-51.076,-24.985,17.916,7.3234,-28.055,-21.528,17.907,26.377,9.5204,6.8064,18.644,53.857,86.16,73.398,70.727,90.731,69.79,65.777,95.012,31.648,-60.974,-40.961,-21.062,-78.244,-103.31,-115.43,-161.97,-146.21,-88.966,-99.987,-127.25,-98.72,-26.209,80.993,154.68,144.53,135.41,148.29,124.72,109.37,111.83,72.36,42.628,41.381,-3.9182,-46.184,-47.295,-77.63,-97.735,-66.549,-71.691,-93.873,-71.972,-65.544,-54.309,-1.813,-9.6136,-54.142,-23.232,10.88,0.77917,22.792,53.891,55.056,55.744,51.2,57.219,72.451,38.903,18.645,66.021,57.84,-16.456,-20.745,16.348,-9.4856,-55.205,-36.654,3.5071,-32.198,-89.227,-57.46,-6.6228,-9.7524,-17.85,-39.423,-58,-12.515,14.49,-6.3375,13.814,23.63,-0.77856,30.864,60.078,33.159,26.812,25.953,17.027,48.884,43.757,-34.779,-47.112,28.897,37.536,-34.467,-28.094,30.841,-13.642,-46.945,33.57,22.041,-61.872,-11.472,18.383,-62.503,-51.248,-1.6694,-26.612,-12.394,2.5689,-33.474,3.2245,46.116,5.0176,19.787,72.378,23.681,-22.531,24.341,45.253,5.9074,-15.972,-13.876,18.263,55.059,-11.437,-74.242,40.401,94.138,-61.408,-94.243,17.861,-14.651,-61.276,2.2826,2.5223,-11.64,13.375,-32.016,-19.646,77.049,22.088,-82.676,-16.484,62.062,11.671,-36.416,3.0466,45.711,29.563,17.124,21.006,-12.621,-13.44,33.086,5.9736,-38.724,-7.2175,14.585,6.9111,-7.8418,-47.564,-17.099,61.519,23.557,-36.652,-0.12799,1.3648,-35.06,-8.0828,-7.4016,-56.335,-27.06,48.34,43.799,-12.628,-20.378,15.739,22.612,6.6407,19.146,22.245,-13.749,-16.199,19.206,15.014,-8.9122,-11.457,-12.295,12.229,40.817,-4.8565,-36.502,25.029,33.382,-46.931,-59.527,2.8821,31.78,-1.5721,-43.343,-18.723,26.535,6.1527,-9.4449,14.985,12.54,12.407,16.55,-14.867,-9.6852,22.297,5.5097,-6.5263,-10.53,-32.793,-1.7157,39.084,9.7989,-21.303,-15.18,12.691,33.228,0.056008,-10.945,23.386,-9.5668,-30.048,20.751,-9.5395,-46.318,26.277,38.955,-11.896,8.2235,11.093,-33.199,-33.413,-9.7415,7.4038,11.911,9.8869,34.665,21.871,-41.485,-39.25,-11.28,-27.401,-7.3001,31.262,31.983,30.437,3.2587,-18.298,39.168,56.411,-22.17,-41.015,17.157,29.139,-14.027,-40.079,-22.593,-12.406,-34.216,-19.173,33.77,37.682,4.5814,-0.81936,8.5537,7.9515,3.1903,-15.271,-43.041,-35.913,3.8533,18.728,7.3661,-0.95044,-4.8465,10.171,21.647,9.1296,31.937,43.837,-13.662,-3.4876,37.378,-47.73,-64.622,56.497,42.578,-45.671,-28.599,-24.705,-26.558,12.028,-7.3275,7.3119,54.758,-30.489,-73.353,26.095,38.613,3.548,28.691,10.782,11.374,46.57,-18.074,-65.389,-13.385,1.6856,-6.8559,-4.3002,-24.603,0.64778,43.62,25.707,3.4897,-18.468,-28.6,24.259,33.767,-13.079,0.39104,2.6407,-28.172,3.1631,18.748,0.24919,26.423,13.508,-33.726,-12.139,8.1555,-7.4819,-14.766,-31.459,-14.389,21.174,-4.607,-1.3912,28.977,-24.769,-31.726,40.134,11.717,-32.926,7.1683,7.1231,-3.9044,30.83,15.211,-3.8338,35.294,37.222,4.4734,-0.82309,-2.9047,-13.68,-30.279,-38.625,-15.365,8.1355,23.339,23.107,-30.559,-43.439,27.981,20.003,-49.665,-25.235,13.056,-5.9631,-4.8164,4.124,6.9451,20.777,-3.2021,-20.385,18.735,15.727,-19.978,6.2093,29.681,13.761,37.815,67.563,19.465,-41.072,-26.951,1.7054,-11.685,3.211,37.119,-3.2061,-47.446,-22.751,-17.978,-33.706,-13.057,-10.369,-19.925,1.1008,2.2597,-17.758,-27.806,-36.07,-6.6402,41.02,30.442,-1.5961,-0.60577,32.861,78.776,55.555,-11.883,2.0909,28.211,1.9192,26.636,42.857,-23.074,-27.591,27.832,26.204,19.134,5.9249,-64.304,-87.193,-36.746,-25.964,-57.233,-62.851,-41.61,-39.603,-69.836,-61.958,-1.9543,16.203,3.7901,43.757,89.375,78.264,64.728,113.35,180.4,140.43,0.69218,-50.59,25.691,65.612,28.769,-11.338,-43.429,-57.836,-64.878,-105.9,-129.6,-114.59,-134.08,-142.53,-97.528,-103.48,-129.09,-73.638,-9.8147,64.192,201.03,266.08,233.55,217.06,178.49,124.89,108.7,34.829,-48.048,-35.225,-56.41,-107.65,-76.642,-97.511,-181.51,-144.66,-49.436,-35.108,-63.001,-60.286,-17.265,-14.83,-49.957,8.4006,71.028,16.05,11.313,86.763,88.596,63.212,54.865,34.863,62.012,83.398,27.248,-1.9552,27.138,35.201,-1.8861,-44.633,-23.15,4.0996,-49.692,-62.136,-18.95,-56.807,-84.495,-51.404,-62.789,-39.442,18.96,-23.494,-46.314,22.242,28.844,3.6244,36.834,49.308,22.005,25.091,58.192,64.66,45.323,51.905,44.337,7.618,28.355,23.887,-65.707,-55.128,16.339,-30.903,-69.033,-33.747,-34.052,-29.21,-23.686,-47.539,-5.0491,36.627,-6.5801,-15.513,8.6936,-9.5967,-13.536,19.91,58.441,53.385,-2.3089,2.5279,32.434,-16.995,-11.707,42.825,-8.5005,-29.049,27.483,4.1116,-4.3228,34.205,-14.822,-26.63,43.636,17.127,-34.612,-6.501,-10.663,-41.093,-15.047,10.997,-17.386,-55.071,-31.863,24.493,15.839,-26.54,-12.093,30.147,48.235,31.102,-10.088,-18.232,18.896,36.809,4.3326,-31.641,-2.886,43.033,10.269,-21.52,6.6148,-6.089,-11.923,50.318,28.705,-50.271,-20.236,24.562,-4.5748,-28.388,-45.476,-41.267,15.889,24.979,-28.013,-38.054,-7.1368,25.578,39.227,12.358,4.0005,23.829,-4.4916,-22.989,27.517,32.384,-29.398,-28.261,28.671,25.758,-18.905,-6.9998,38.853,37.658,3.0827,-23.87,-26.081,7.4786,15.015,-29.413,-36.296,-23.029,-50.344,-33.734,24.4,31.691,25.669,14.471,-17.441,6.6286,35.337,-1.2729,-5.2456,13.284,-7.5801,-1.4492,5.7615,-11.144,20.114,24.751,-23.97,-2.339,24.726,-17.732,-21.166,6.8211,-2.8271,-13.112,-13.719,0.71364,33.633,23.732,-24.294,-38.222,3.0904,43.415,7.0569,-41.847,-19.831,-13.446,-16.482,34.521,15.706,-37.481,30.177,73.62,2.9315,-33.111,-16.404,14.648,35.341,-16.7,-49.86,-8.0918,-3.464,-12.587,6.5482,-1.2747,7.2202,29.14,19.499,30.742,14.041,-45.964,-27.087,2.8501,-31.44,-22.405,12.312,22.886,40.091,10.775,-34.356,-8.8254,18.55,14.465,8.5229,-9.3105,-6.8342,-1.1453,-24.945,-22.252,-9.2074,-4.2969,17.574,-2.9058,-9.0246,54.459,24.288,-46.46,6.9613,32.072,-13.534,1.6259,10.95,2.2136,21.925,-0.15388,-16.834,-1.4249,-27.357,-18.782,23.234,-1.312,-23.205,-14.59,-7.1694,13.518,-20.97,-45.147,43.193,57.782,-25.534,-16.22,16.184,4.2784,4.4853,-2.3401,39.377,70.132,-38.273,-64.2,47.568,21.326,-51.284,-23.029,-26.582,-7.6599,47.776,-9.9163,-43.844,29.284,40.029,17.223,18.745,-25.025,-39.435,3.6465,-6.0898,-30.013,3.8482,27.434,5.5097,-8.622,-3.2431,-12.038,-12.772,11.402,-1.0158,-23.413,23.279,53.083,3.7644,-18.623,15.545,31.98,8.0733,-20.291,-5.7574,18.164,-7.6897,-23.812,-2.8275,-11.572,-21.307,7.5712,11.437,-18.161,-16.249,16.011,7.3331,-48.798,-47.415,27.26,49.313,2.3932,-15.148,11.815,24.986,-4.778,-19.019,26.688,39.959,-3.7046,-2.2454,13.66,-7.9048,1.2509,11.716,-24.019,-21.963,16.12,9.6081,-11.961,-3.2217,0.9072,-27.095,-39.034,0.29703,26.78,14.299,8.3087,-6.2253,-13.927,13.756,-5.3989,-48.131,-17.892,9.9064,10.757,33.293,2.8174,-33.904,18.783,46.006,30.719,41.481,0.033869,-40.326,6.2061,12.864,-18.758,-2.1215,-10.992,-19.922,26.867,26.209,-22.049,-39.162,-30.05,2.6572,10.991,-21.078,-4.7234,14.601,-20.192,-16.309,-2.4139,-21.017,12.808,34.54,-2.9488,13.092,25.354,-17.204,15.362,64.106,14.849,-22.724,-7.8136,-12.911,-19.508,-2.2407,22.318,29.187,9.9909,6.9339,4.6535,-21.983,2.6948,33.989,-28.748,-63.197,-8.9122,-2.6574,-44.815,-54.856,-33.937,11.9,20.157,-33.259,-23.94,51.5,63.786,19.667,-7.885,5.53,48.432,52.078,4.7843,-14.423,7.558,36.023,53.758,30.607,-19.772,-36.448,-9.8777,7.5659,-18.429,-41.497,-26.586,-23.003,-30.506,-22.553,-43.515,-55.599,-5.001,11.212,-25.712,-29.692,-20.092,-1.4906,35.079,17.448,-2.6561,51.391,75.017,43.977,43.46,49.951,51.361,62.107,38.941,25.615,57.801,29.366,-50.931,-45.907,3.2287,-42.632,-136.21,-142.15,-91.404,-89.931,-106.53,-77.639,-38.585,-19.946,-5.7143,24.088,81.417,125.74,119.63,109.86,128.16,136.95,100.52,26.209,-17.486,6.7973,15.971,-32.592,-56.838,-35.938,-45.265,-82.648,-76.987,-58.441,-89.847,-91.972,-26.953,-17.104,-50.4,-17.676,18.86,26.324,55.365,33.841,-10.328,52.786,96.958,17.355,3.0381,93.737,96.03,10.234,-14.562,13.54,11.517,1.0377,0.2749,-38.259,-64.933,-15,4.4595,-52.389,-54.257,-3.1643,-15.297,-50.822,-35.205,-11.155,2.7756,27.955,20.303,-10.992,22.197,46.781,-35.374,-63.779,21.126,23.913,-11.304,58.189,78.267,3.5253,-0.67071,29.135,18.202,19.338,11.007,-11.831,0.059424,3.8813,-19.381,-24.137,-12.082,-2.9635,-12.766,-32.968,-29.89,-19.406,-16.342,-23.609,-55.712,-31.662,63.877,69.686,-1.0735,-6.9692,-5.0154,-28.451,2.3298,26.145,-11.659,-9.934,52.622,58.86,-3.4062,-4.6012,36.575,-6.0288,-31.523,36.529,34.087,-18.024,1.7589,-2.3222,-26.79,-8.593,-33.251,-29.926,47.558,17.981,-60.808,-27.805,11.958,2.5616,-14.141,-40.846,-22.095,11.672,-6.823,-4.9868,-3.1794,-34.032,9.1242,70.98,47.296,8.0951,-13.29,-3.1477,39.686,35.841,40.568,67.392,-21.97,-82.616,32.418,73.558,-27.79,-46.968,0.85326,-24.528,-73.363,-35.735,25.802,-12.844,-35.688,39.272,10.294,-85.427,-29.546,32.976,-21.013,-34.584,16.117,40.364,3.351,-41.503,20.774,80.142,17.046,13.462,57.936,8.1188,14.367,54.437,-4.6213,6.0496,54.054,-5.456,0.83143,43.459,-37.44,-72.052,-17.616,-16.61,-42.188,-69.435,-65.155,-9.6333,-36.107,-81.128,-9.9185,10.232,-40.102,5.0617,42.866,1.2774,0.88211,30.903,39.926,50.734,66.721,90.717,90.568,50.437,46.351,78.233,64.261,15.548,3.3706,18.91,-29.314,-100.14,-61.025,-41.97,-151.05,-159.86,-90.468,-179.2,-216.99,-56.902,-3.3833,-61.345,28.635,157.74,165.24,167.54,212.94,196.96,127.82,109.93,115.49,47.668,-33.103,-46.545,-59.121,-85.736,-71.871,-73.478,-120.58,-130.38,-105.77,-107.87,-99.134,-53.886,-14.67,22.465,42.05,6.5807,9.4774,74.51,56.804,17.99,90.246,110.51,24.169,20.247,66.606,52.114,32.866,13.676,-7.6003,0.88596,-21.228,-53.814,-31.889,-20.167,-27.399,-31.746,-66.752,-52.253,12.983,-10.955,-51.623,-10.324,9.2599,-9.2838,-18.978,-29.718,5.7245,44.433,2.7588,-2.2729,62.161,51.575,6.6517,27.622,42.165,29.967,39.432,17.838,-32.124,-15.948,11.065,-28.029,-14.882,47.613,-16.821,-97.225,-15.12,43.85,-27.831,-57.808,-25.295,-5.1485,6.0824,-18.936,-26.994,30.552,26.761,-22.252,16.329,41.234,-13.382,-11.673,46.441,53.292,13.714,-10.389,8.5285,23.674,0.22544,-5.7503,1.2595,-21.182,-19.982,-3.3295,-23.788,-20.084,5.3166,-12.86,-11.133,22.228,3.3436,-20.798,5.2458,17.45,-6.1626,-28.159,-20.304,17.803,26.478,-4.2233,-8.8661,1.4938,11.425,42.74,24.272,-35.245,-6.4253,33.128,-29.288,-43.084,36.831,36.734,-22.936,-19.232,-3.1616,-1.976,22.245,5.9184,-34.828,10.682,41.102,-38.569,-43.68,42.776,11.173,-46.146,13.479,25.158,-31.749,-16.139,12.443,17.118,27.43,-5.4007,-11.376,31.771,-3.1713,-31.843,14.867,2.7089,-11.603,19.758,-16.27,-15.316,48.455,-4.4882,-56.252,13.929,39.108,-5.3033,-38.118,-31.07,46.382,56.549,-44.867,-40.177,34.213,6.2486,-41.624,-46.817,-8.3876,61.513,31.54,-37.531,10.637,52.239,20.432,-2.1113,-24.372,0.70385,46.326,-7.7142,-40.316,-1.4875,-22.443,-18.346,28.371,-8.6993,-26.602,5.2162,-11.593,6.3919,36.353,-17.779,-40.453,-5.758,8.512,18.597,4.2047,-4.4112,31.084,1.549,-54.118,-17.333,23.454,34.789,51.854,25.746,8.6379,22.254,-11.333,-20.457,20.452,9.5692,-16.215,-26.358,-63.635,-74.643,-40.638,3.5677,45.786,29.298,-4.6077,34.068,39.813,-33.361,-42.012,4.85,-1.5053,-8.5161,33.138,30.481,-23.153,0.26416,52.142,-4.8706,-45.06,19.082,28.327,4.7924,39.186,7.8559,-53.873,-11.708,28.942,14.312,16.22,16.691,8.4733,-15.851,-53.754,-27.802,-7.0199,-57,-45.297,-13.637,-50.912,-17.769,30.785,-17.502,13.635,81.74,13.381,-2.9314,72.189,25.934,-19.651,55.07,58.122,-1.4034,20.779,27.259,-26.062,-14.483,34.296,13.385,-32.355,-35.939,-34.238,-48.962,-32.483,3.5429,-20.699,-69.58,-42.394,-4.5621,-33.932,-31.008,14.936,-8.3695,-40.652,-0.34524,20.467,-8.6764,-3.5806,55.037,101.72,88.073,90.785,150.62,129.1,52.817,78.492,72.181,-38.35,-59.56,-47.708,-118.24,-130.56,-118.26,-185.57,-200.75,-161.94,-160.72,-118.21,-43.674,2.6589,91.167,193.19,218.58,208.41,198.66,172.22,136.69,95.393,40.049,-16.48,-34.361,-25.891,-61.339,-106.91,-96.814,-79.623,-68.183,-55.408,-87.523,-94.799,-37.759,-32.213,-55.999,-28.273,-11.905,-7.0672,29.63,56.19,52.653,26.85,33.086,101.45,99.802,30.69,43.645,50.085,5.8088,39.983,40.595,-48.779,-32.941,27.42,-13.858,-50.382,-45.297,-43.727,-15.825,-1.1471,-34.493,-64.249,-53.219,-4.813,-4.6931,-69.952,-48.274,36.784,26.409,-6.0398,19.237,24.506,21.493,49.011,62.235,45.642,20.962,27.379,63.955,46.176,-22.105,-37.687,4.6869,32.924,13.515,-27.941,-49.113,-50.635,-40.756,-35.485,-65.144,-65.952,-5.4271,7.0477,-15.796,18.467,44.686,27.873,10.984,-8.1236,15.202,54.166,12.128,-8.9749,36.995,1.4199,-52.71,5.3409,59.5,29.217,-14.788,-16.038,15.459,0.7853,-32.75,11.03,13.868,-73.002,-49.963,49.795,40.617,-2.9257,-3.3721,-23.136,-39.38,-13.026,17.95,14.148,-18.232,-19.142,5.7104,-3.5512,3.7497,36.658,10.51,-14.697,10.095,-1.8825,-9.9544,35.8,34.023,3.4264,17.982,3.9959,-31.372,-0.12148,31.325,-11.835,-60.234,-40.306,18.79,31.813,-11.695,-33.942,-9.9495,28.827,45.628,-7.561,-66.962,-15.907,48.999,4.8093,-29.675,12.296,20.806,1.8122,9.8505,-8.2648,-21.046,28.085,37.853,-8.6936,-6.2539,-6.2095,-41.856,0.53791,52.806,-6.1634,-47.358,-10.369,8.2094,33.501,47.738,-15.961,-27.731,34.631,8.583,-44.403,-24.009,-16.502,-10.796,17.759,-15.749,-48.367,-2.2399,32.628,34.131,38.198,16.874,-13.289,-17.147,5.3172,25.997,-13.005,-41.084,29.754,49.25,-27.723,-19.837,26.219,-1.2627,-1.167,5.7796,-39.407,-19.021,16.756,-38.522,-37.562,37.099,24.797,-12.634,4.9449,-5.0315,-15.638,19.102,6.9701,-30.573,20.787,80.635,22.858,-50.096,-10.427,38.9,-0.54989,-18.608,19.535,-1.0614,-35.107,8.303,23.889,-30.69,-53.997,-39.004,-8.5292,28.648,8.301,-25.125,9.5939,36.542,22.228,4.6336,-30.752,-17.286,49.374,31.504,-5.9029,25.69,3.3962,-27.779,21.959,16.139,-21.367,9.1775,-4.8818,-39.92,0.57328,12.82,-18.611,-32.447,-44.563,-9.2539,21.938,-23.762,6.3316,67.883,-21.04,-53.771,62.853,59.386,-16.966,16.21,19.3,-37.574,-13.838,20.841,-2.7093,8.9439,42.717,11.649,-34.322,-35.792,-33.45,-18.162,32.704,37.725,-7.7197,-21.754,-31.64,-39.485,-2.009,-2.3011,-29.835,23.069,53.051,6.312,21.122,44.163,-10.763,-9.4974,40.947,6.4164,-39.224,-21.467,-10.82,-7.8547,8.9684,-0.67741,-10.311,7.4258,12.361,25.423,37.255,-30.534,-74.487,1.9445,19.676,-49.795,-11.467,57.256,14.078,-25.191,-8.0216,5.4176,11.044,-4.2492,-3.2683,30.278,13.173,3.7563,45.003,3.165,-54.249,-7.7513,10.968,-17.873,-4.6839,11.16,29.103,17.915,-50.589,-30.449,28.734,-20.477,-17.562,46.469,-7.3888,-44.722,10.162,10.857,-3.4232,7.913,-1.8767,9.8416,-1.7838,-42.411,7.3757,50.64,-4.662,-16.64,21.879,26.016,23.123,7.1559,-4.7835,27.595,33.89,-1.3582,-27.805,-62.827,-75.401,-21.582,30.121,18.052,-28.361,-41.797,-10.887,7.3321,8.4669,12.164,7.3897,26.495,50.267,21.968,6.0111,21.318,10.85,8.0763,-2.6367,-32.66,6.417,32.894,-22.702,-12.728,21.829,-27.936,-37.5,-14.331,-33.002,13.604,56.399,-28.845,-73.015,-1.1607,27.011,-9.4585,2.047,53.819,22.232,-60.725,-25.206,44.092,-4.2705,-19.647,51.972,57.947,25.473,2.9064,-30.124,-4.1593,24.022,-24.275,-25.434,12.025,-13.614,-19.526,4.0789,-9.922,-2.7102,12.742,-15.564,-13.145,23.618,10.018,-33.114,-29.315,9.3922,1.7066,-35.473,-13.007,22.239,6.5417,-0.45078,10.167,11.426,22.046,23.543,28.094,50.721,23.229,-27.057,-22.845,0.42625,22.709,22.08,-34.389,-56.569,-21.013,-8.3583,0.26739,-3.0077,-25.937,13.2,37.616,-19.462,-21.939,15.069,2.2305,-1.1891,-12.743,-33.015,10.111,25.47,-15.74,-15.537,-3.6497,18.317,46.093,-12.088,-35.69,53.507,55.749,-16.566,-10.829,9.4557,12.815,25.249,19.376,21.845,5.1638,-32.454,4.2522,18.675,-49.739,-35.308,6.13,-45.575,-56.35,-22.237,-40.893,-39.013,-3.5966,6.3148,-9.4581,-46.805,-25.062,66.781,70.326,13.796,40.875,78.981,62.552,58.519,68.739,60.665,34.892,0.29403,-11.521,7.9255,7.4513,-56.122,-122.4,-102.8,-71.982,-104.25,-91.649,-39.833,-58.996,-60.165,2.6802,21.839,31.855,77.002,83.812,76.761,101.18,106.36,80.941,59.713,47.982,17.283,-32.925,-37.973,-10.904,-28.149,-47.667,-30.911,-22.548,-24.397,-44.905,-67.81,-32.722,-16.097,-64.508,-62.728,-15.334,13.104,40.148,19.958,-21.239,15.039,49.186,30.661,27.755,20.785,29.61,77.567,60.87,5.4355,2.6269,10.496,32.146,39.863,-39.718,-66.347,11.335,-1.4227,-69.336,-37.839,-10.535,-63.856,-77.685,-4.6816,43.991,-9.2465,-50.802,15.253,48.96,-16.946,-36.078,7.5657,22.432,39.127,72.049,65.533,30.413,2.5452,-12.732,-6.7541,13.345,17.391,-4.2792,-23.383,-15.159,0.99528,4.077,-2.9672,-28.53,-48.3,-15.773,7.9657,-34.893,-32.146,44.5,29.809,-51.274,-22.138,33.726,-11.766,-37.439,12.722,30.393,6.9836,7.15,40.471,54.592,7.0668,-14.298,28.136,7.079,-33.08,11.59,-3.3191,-58.554,19.147,54.486,-42.006,-30.385,24.89,-31.773,-9.017,77.959,6.4862,-77.992,-18.11,17.254,-29.183,-39.563,-15.908,-1.5808,18.878,32.792,21.476,9.9119,14.737,22.638,13.163,-24.906,-44.291,13.836,69.053,23.881,-21.613,8.323,8.6336,-16.575,23.873,38.131,-35.401,-63.402,-15.727,-6.452,-35.753,-20.491,23.598,18.349,-21.598,-15.511,13.933,-0.97569,-17.997,-4.3235,2.1855,25.339,57.297,13.628,-41.685,-2.1061,41.922,26.147,22.005,10.07,-29.709,-11.861,26.285,-1.9634,-17.902,12.198,1.3891,-35.005,-42.194,-31.223,-0.80852,10.691,-28.16,-22.495,39.481,39.507,-2.365,-6.3231,2.9991,10.243,1.3288,-31.306,-11.013,31.393,-10.776,-39.434,27.65,60.191,19.828,-6.0841,-4.6102,8.78,12.008,-4.4299,6.5063,19.612,-9.8026,-16.043,1.5164,-10.286,4.7503,39.91,7.5193,-51.874,-69.356,-50.134,-6.7066,7.1233,-31.128,-29.943,24.632,24.656,-24.719,-8.0609,50.211,23.969,-25.866,29.241,70.655,4.8008,4.9284,90.244,67.19,-17.179,-7.5915,24.358,6.0446,0.21167,-6.9415,-56.002,-71.359,-39.395,-44.708,-41.493,13.746,-8.955,-89.65,-60.888,-6.5392,-43.858,-51.29,3.2877,27.36,48.266,83.19,78.936,53.791,54.706,75.3,80.702,74.719,74.084,30.039,-22.056,21.005,42.322,-45.487,-66.74,-30.672,-95.976,-160.79,-137.4,-116.92,-122.79,-134.29,-103.69,-14.16,5.7771,-6.4744,121.95,251.89,221.16,161.25,136.55,92.374,53.46,37.775,29.496,1.2382,-59.022,-85.049,-71.834,-91.032,-118.01,-115.69,-90.096,-26.261,20.331,-8.3618,-45.472,-35.239,-3.85,5.9041,-1.196,34.291,68.77,22.294,-3.9134,44.174,57.388,35.942,30.274,31.314,56.728,46.339,-27.153,-14.577,58.505,20.025,-48.308,-37.266,-32.456,-42.702,-14.08,-7.0764,-51.106,-64.736,-16.169,19.699,-6.8645,-45.468,-34.213,9.9494,14.944,-21.092,-6.6127,46.354,38.867,15.487,34.207,36.813,41.51,68.8,34.77,-24.641,-8.7133,34.915,31.814,-10.241,-43.198,-40.141,-38.819,-40.65,-21.633,-36.285,-58.75,-7.2735,30.288,-11.461,-35.026,-5.8447,20.978,13.665,-1.7199,31.43,65.253,34.369,6.5325,2.7552,-0.95556,33.179,35.031,-27.002,-11.42,31.591,-28.198,-55.959,4.0559,9.637,-16.016,5.1439,5.5449,-22.36,-4.97,12.89,-31.746,-48.452,0.19391,0.47089,-20.572,18.881,13.269,-26.788,22.288,55.478,20.253,23.234,18.735,4.8749,39.743,2.7579,-68.054,-29.582,-6.945,-11.158,60.219,34.175,-69.03,-7.8706,62.711,-14.5,-48.675,-20.053,-18.313,20.623,35.06,-26.579,-22.595,12.139,-36.824,-43.818,24.068,19.503,-13.952,17.043,35.877,18.528,8.8165,-5.1888,-2.0719,19.925,8.2306,-3.6337,10.283,4.089,-3.4555,2.1922,9.2044,53.217,71.94,0.66425,-42.459,-29.24,-54.037,-59.75,-15.466,-27.164,-73.747,-51.012,10.11,13.211,-22.281,2.9573,50.139,30.884,24.568,51.903,16.041,-12.948,27.865,40.406,20.33,10.826,5.9022,38.06,57.049,6.0791,-15.465,11.89,9.8093,-10.574,-43.185,-71.51,-45.546,-20.49,-40.223,-58.957,-55.38,-28.821,-29.086,-66.424,-26.332,31.846,-17.847,-17.019,74.613,66.855,35.71,89.494,81.734,15.681,41.316,119.7,125.86,54.674,10.557,36.079,44.916,0.44108,-55.02,-89.463,-82.34,-97.678,-176.51,-209.56,-186.4,-188.56,-167.44,-102.6,-20.619,103.29,197.57,217.98,244.37,247.69,180.53,110.17,72.785,57.03,12.522,-56.586,-42.632,-24.863,-98.248,-94.655,-46.282,-95.965,-78.207,-24.792,-105.41,-112.04,-18.633,-46.291,-66.684,0.10501,11.34,20.21,51.264,45.285,62.887,67.451,37.305,57.163,48.248,7.7611,61.083,84.221,-5.4949,-39.303,7.5813,32.831,32.199,23.406,-0.32281,-37.947,-54.145,-47.506,-74.785,-76.114,-11.639,-16.173,-60.225,-24.142,-4.7353,-22.975,-8.9486,-17.677,-8.0281,45.353,24.731,-7.169,24.915,34.858,48.724,64.955,27.633,41.378,79.599,32.436,7.6341,15.371,-23.171,-27.048,-13.97,-36.088,-30.572,-42.927,-58.63,2.8294,-0.54933,-67.263,-13.46,27.352,-56.903,-65.925,19.505,39.128,7.8656,5.6747,23.587,16.008,0.69062,26.754,35.643,2.2493,14.283,24.084,-14.97,31.563,114.37,54.977,-31.457,-18.769,-28.886,-67.432,-37.952,-23.137,-49.666,-9.02,27.529,-31.263,-48.946,17.981,36.284,12.226,17.705,14.015,-18.688,-32.79,-3.0777,22.385,-5.7903,-10.23,45.063,31.134,-40.987,-33.944,8.005,17.687,40.215,59.767,35.348,-12.727,-34.63,-6.16,2.4228,-27.658,-18.815,-5.5185,0.11608,48.32,19.371,-73.289,-38.006,15.193,-20.202,2.3523,19.881,-39.504,-15.579,44.452,16.054,-19.578,-26.892,-4.3403,42.044,22.55,-10.917,11.7,8.609,10.738,36.57,2.0246,-2.3211,33.077,-24.469,-57.404,-2.995,-5.0342,-3.0763,37.556,-0.1736,-14.948,36.627,-5.3822,-61.368,-15.419,2.234,-24.7,-7.8067,4.6928,7.6027,31.658,5.916,-36.479,8.0503,45.371,-9.774,-30.466,26.073,41.082,3.7983,-10.919,1.4293,10.514,-0.79848,-16.054,-6.5869,9.5189,10.051,-6.7001,-27.612,-4.2809,27.841,-14.522,-44.322,9.3414,34.649,0.26274,-32.169,-34.471,29.656,68.331,-15.452,-53.181,17.659,20.688,-13.371,9.6711,-2.9205,-27.425,17.422,22.964,-38.099,-22.466,45.694,22.066,-21.602,25.088,30.29,-39.751,-24.399,13.458,-10.329,23.17,39.568,-35.106,-20.602,28.595,-21.859,-22.955,18.854,-0.84895,5.8022,1.8989,-42.609,-15.571,0.60702,-9.3352,63.158,54.163,-46.595,-11.857,32.252,-31.308,-36.439,-16.779,-26.913,32.35,66.745,5.8874,-17.156,9.1633,14.392,5.9262,2.0445,16.484,12.159,-34.08,-40.305,-5.4,-4.6014,-10.221,2.7925,15.293,28.95,4.3765,-45.364,-22.045,38.831,29.774,-11.54,-14.283,-2.2204,-0.045378,-4.3013,-24.186,-31.572,2.1046,13.788,-9.0321,13.56,35.061,0.059762,9.3685,45.916,8.909,-18.793,7.4974,18.103,27.481,11.876,-42.443,-16.725,33.81,-28.372,-68.638,-12.067,-12.813,-43.373,9.2433,32.585,-22.068,-7.7864,52.96,16.688,-41.551,-15.918,17.737,24.48,26.953,6.8019,11.668,31.656,-15.544,-30.676,29.713,10.428,-37.647,14.426,48.729,-1.3572,-33.065,-0.94128,41.494,9.2443,-54.824,-40.48,-13.08,-14.761,5.7714,-24.04,-53.431,32.065,47.066,-48.437,-20.283,64.438,37.843,-18.519,-29.825,9.6462,47.782,9.8599,-12.753,14.223,-0.49552,6.7241,27.404,-34.765,-40.435,39.754,32.497,-6.6301,7.5608,3.038,-10.433,-7.7303,0.48241,13.168,-15.321,-23.932,40.779,17.918,-82.616,-70.402,-9.1142,-1.0553,-6.9878,-44.962,-53.633,43.636,83.823,-2.8775,-29.57,40.702,59.826,7.0778,-11.607,36.27,65.184,25.62,4.6155,51.497,48.263,-38.785,-48.033,21.556,2.4654,-55.869,-46.201,-41.198,-45.362,-26.118,-37.467,-34.68,-9.7789,-42.452,-43.056,9.6969,-6.5155,-13.956,32.367,24.828,18.727,40.502,22.789,43.465,95.016,90.742,86.785,67.529,14.054,21.936,32.058,-10.333,-20.099,-34.655,-73.476,-73.621,-83.535,-94.091,-73.649,-91.759,-93.145,-52.392,-73.726,-70.931,12.311,34.803,27.658,76.768,118.23,144.84,156.36,119.9,87.389,71.463,49.426,44.036,19.194,-48.855,-91.61,-70.978,-39.377,-71.625,-109.5,-66.18,-62.93,-119.95,-63.55,11.673,-20.821,-15.262,16.299,-4.5405,25.839,48.614,7.7375,52.549,110.03,45.709,11.043,74.055,102.08,47.434,-14.19,-6.8326,11.48,-23.961,-25.814,-9.8828,-54.453,-50.165,-2.4804,-36.535,-56.106,-17.179,-20.382,-10.017,14.052,-45.209,-70.366,6.0577,27.308,-11.032,8.9543,48.708,46.514,30.173,11.869,2.0806,21.254,24.494,-3.3446,14.146,49.794,7.4827,-36.482,-2.2851,18.16,-0.18011,3.4286,1.0504,-13.793,-4.7107,-7.8009,-29.161,-21.214,-9.6548,-28.301,-34.171,-10.876,-11.138,-32.551,-8.5555,33.869,22.004,5.9103,29.898,18.623,-31.804,-21.348,46.665,58.432,-7.823,-33.921,17.917,29.535,-15.813,-5.7585,34.088,10.644,-6.6313,46.886,53.065,-31.673,-55.403,-12.669,-42.094,-65.313,-0.80213,11.359,-19.714,8.3383,2.1273,-37.562,-14.276,5.5004,1.0706,4.6557,-0.053965,47.647,73.135,-18.497,-13.669,68.645,-13.14,-51.051,52.687,17.606,-36.036,47.553,28.218,-63.572,-48.438,-13.977,6.3677,5.1194,-31.809,12.649,47.867,-40.959,-49.246,28.076,12.654,8.9053,56.089,15.594,-63.046,-60.032,15.141,46.364,-20.321,-28.528,45.835,28.167,-16.917,-3.4439,-21.717,-4.3363,45.038,-15.669,-45.608,31.093,34.498,8.4094,25.114,-14.081,-42.623,1.1221,19.118,4.1276,-14.363,-13.441,32.448,29.277,-19.957,5.6138,24.518,-37.425,-68.647,-37.451,11.868,27.484,-27.794,-42.114,15.852,15.658,15.441,71.022,30.631,-53.963,-11.139,56.04,25.877,-19.275,-7.618,22.933,12.937,-21.219,-17.657,8.3468,8.1756,-12.179,-27.181,-19.523,-0.32699,4.8433,1.9841,-5.78,-15.259,-2.912,12.593,2.6642,-13.826,-15.263,5.4785,28,29.712,25.243,-8.5446,-59.466,-21.973,49.268,18.088,-31.112,-12.674,8.2367,7.7288,-8.9812,-11.581,32.24,33.517,-11.387,-5.1991,-2.179,-0.41253,57.063,33.985,-51.753,-28.53,8.8846,-10.252,0.12289,-12.448,-40.401,-10.48,-4.9158,-14.433,18.439,13.346,-7.799,-4.1535,-30.97,-19.754,31.784,0.018643,-28.417,28.869,45.788,10.487,14.945,36.35,26.269,-0.18622,-5.644,7.2202,10.519,12.101,9.4607,-2.5828,-12.301,-44.168,-52.185,4.9741,2.2239,-43.477,-4.981,-1.3775,-46.649,0.98928,6.3744,-55.209,3.5798,47.449,-16.491,-0.56824,38.985,-5.7052,-15.143,29.966,72.454,81.628,23.482,0.018503,48.283,45.189,13.951,-8.4509,-66.284,-73.497,-22.974,-18.927,-25.223,-32.794,-62.501,-37.184,4.0873,-2.1345,-1.0988,-10.579,-17.192,38.054,46.266,-16.944,-16.524,16.418,9.047,17.749,52.528,60.331,24.283,-7.6552,8.9172,10.685,-18.857,7.2977,42.158,10.524,-6.5585,17.89,10.012,-30.467,-46.153,-29.843,-39.659,-62.306,-30.116,-19.262,-56.575,-16.791,28.453,-11.125,1.9173,35.121,-8.7435,1.4957,38.778,3.5665,26.315,76.029,30.29,9.6006,28.85,7.2487,27.051,47.062,-7.8081,-5.9716,39.571,8.2682,-17.307,-3.323,-26.173,-43.424,-35.823,-54.128,-64.04,-48.918,-51.619,-60.518,-57.567,-47.311,-21.064,-0.75269,7.2157,42.373,78.493,85.299,110.44,121.88,68.864,48.084,77.064,51.874,12.591,0.90886,-44.538,-69.674,-55.481,-93.577,-107.85,-48.064,-43.064,-58.83,-17.393,-16.274,-36.562,5.7517,30.975,0.73723,-26.891,-11.837,57.139,85.307,34.938,41.303,78.9,28.588,-8.5107,20.826,24.941,18.771,10.211,-27.749,-30.541,-5.2689,-4.1867,1.4677,-9.7476,-33.169,-10.461,-27.932,-91.168,-39.925,40.096,-10.857,-53.331,1.4975,31.364,14.512,-6.0505,-28.55,-6.7961,49.024,52.911,22.827,24.925,31.386,3.7071,-11.641,26.603,49.95,8.2207,-14.995,-1.0906,-32.012,-55.896,-15.672,-0.62638,-4.7719,19.052,-10.931,-48.562,8.5548,31.774,-26.172,-23.618,10.638,1.5317,0.055088,-11.668,-35.213,-6.3344,22.809,31.475,58.666,20.296,-55.409,-20.182,35.546,8.3225,1.2788,6.0739,-27.196,5.919,71.402,33.883,-25.126,-17.085,-15.269,-18.431,11.337,1.4477,-41.665,-20.414,17.796,-6.379,-23.72,0.023158,3.6001,-5.8549,-1.6295,1.0052,9.9544,9.2647,-15.478,-13.197,7.4403,8.2065,21.213,16.363,-23.579,1.0923,47.247,6.7443,-18.513,18.586,18.645,5.8863,6.7498,-18.398,-12.57,22.021,7.9554,-24.475,-55.293,-61.142,20.252,61.443,-21.489,-42.611,18.086,18.842,6.4508,-4.6661,-45.928,-9.2106,54.257,16.549,-0.41784,37.452,-1.464,-46.686,-10.359,23.431,22.521,8.1929,-1.0368,28.111,28.359,-41.754,-57.275,1.7136,15.652,2.0121,12.005,-8.5822,-24.649,26.972,31.745,-44.939,-39.995,26.914,19.34,9.2548,14.921,-43.012,-39.701,32.515,-7.1958,-40.801,41.047,46.176,-11.626,-8.048,-12.155,11.959,55.79,-24.207,-68.925,34.512,44.659,-30.328,-3.4843,30.957,3.5516,-6.1847,12.215,28.599,-9.296,-55.996,9.1228,58.311,-31.181,-79.664,-25.403,9.2958,9.9334,-14.711,-28.905,6.8862,8.3602,-4.6394,40.482,40.515,4.2853,18.098,-3.1169,-26.213,26.937,37.546,18.592,30.828,-25.48,-57.445,15.783,-5.1786,-66.993,15.299,52.021,-43.202,-53.459,12.905,18.674,3.7508,10.255,27.945,42.051,-9.8856,-90.459,-58.141,42.707,47.202,-5.5381,0.19403,7.5595,-19.534,-4.2897,23.211,14.394,25.69,21.625,-29.265,-8.3594,49.927,8.1516,-40.606,-16.025,-3.9808,6.4303,28.768,-6.0985,-41.026,-17.752,4.3723,15.161,7.4408,-24.026,-4.6776,22.786,-11.094,-2.5224,26.171,-31.453,-47.744,13.523,7.3333,-12.182,19.696,23.556,19.895,14.234,-17.788,7.4287,27.9,-29.84,-2.9769,61.232,-15.444,-57.997,18.332,26.024,14.039,48.459,-1.496,-54.054,-2.0257,2.1475,-56.06,-37.155,18.086,27.764,-0.97749,-44.822,-36.052,20.642,13.265,-19.845,13.607,18.405,-31.256,-17.113,21.2,17.253,30.501,36.368,24.249,52.991,35.957,-20.174,16.683,21.862,-45.644,0.1265,19.272,-89.257,-52.462,51.047,-18.03,-52.952,12.486,-8.623,-34.237,-12.433,-22.626,8.8594,41.99,-22.158,-38.841,41.952,64.411,8.2211,-26.418,-1.7274,26.237,8.3161,-3.2584,9.5569,5.7268,14.241,33.56,27.658,19.499,-2.1736,-17.205,23.193,29.121,-11.086,6.3822,5.3077,-56.239,-61.213,-34.444,-29.611,-15.668,-31.338,-54.776,-33.266,-37.16,-49.847,-3.7555,35.142,39.071,34.985,23.486,38.442,51.091,31.549,57.891,96.765,72.98,61.984,72.472,50.416,22.915,-23.559,-63.422,-32.919,-30.883,-93.942,-118.76,-134.69,-153.95,-121.02,-126.55,-151.17,-47.87,68.672,78.382,107.8,164.66,159.64,156.53,167.15,123.08,73.06,46.544,-5.1727,-41.137,-26.215,-36.72,-83.315,-90.886,-64.723,-56.623,-69.472,-80.805,-63.394,-34.995,-52.463,-63.71,8.0157,56.913,12.431,4.2079,47.528,34.527,27.297,68.776,49.257,10.409,40.584,33.027,-8.592,43.688,78.35,-7.8589,-55.183,-11.813,9.2738,7.6669,-1.548,-37.111,-35.976,1.9302,-10.644,-57.049,-76.662,-64.086,-17.683,25.344,12.526,-14.017,-4.7107,7.1909,11.59,34.94,40.295,1.087,-5.3251,52.38,72.028,14.942,-24.95,-9.6994,5.6008,-2.6111,-13.243,-6.0501,13.646,6.1709,-30.289,-27.567,24.231,38.577,-6.1339,-33.524,-13.836,19.193,30.171,-8.4827,-53.251,-40.514,-29.088,-41.877,8.0326,42.722,-29.419,-33.488,59.1,28.596,-47.628,20.604,76.353,12.563,-16.327,8.8323,17.036,43.629,54.343,-2.0082,-44.099,-36.595,-22.329,-1.8993,6.5092,-1.4201,12.274,4.6889,-29.123,-1.7709,16.831,-49.606,-57.843,12.605,14.69,-18.5,-20.408,-25.736,10.245,66.964,30.055,-20.248,13.757,25.523,-9.7224,6.6727,30.695,-9.033,-23.447,31.525,45.696,1.4782,-12.772,-20.676,-35.905,7.9164,32.308,-26.487,-40.431,-7.4194,-24.43,-15.669,36.739,23.349,-17.724,-2.6518,19.196,-7.1271,-34.991,-3.1263,24.519,-12.297,-12.068,27.976,-3.2156,-16.373,41.318,27.336,-19.879,10.596,28.648,-3.0676,-16.005,-9.7705,2.2367,0.719,-22.11,-13.354,18.308,18.124,-2.3822,-16.873,-7.6159,11.35,-3.8501,-14.735,13.782,19.103,-13.32,-40.99,-33.357,19.774,34.535,-23.553,-25.936,33.81,28.896,-15.363,-16.609,9.2993,33.324,42.341,22.11,-19.911,-38.023,-11.901,-7.7355,-23.589,10.775,20.39,-17.393,17.16,45.864,-13.074,-18.196,10.099,-24.385,-24.084,0.8626,-19.18,-7.6171,15.025,3.1028,16.937,15.083,-15.54,4.7876,17.146,-10.237,-6.6883,-5.8843,-10.73,23.138,22.248,-14.933,-5.4352,7.0413,-12.26,-11.136,5.8384,11.633,9.5373,-1.8963,-8.9479,-0.0030716,4.1676,-1.4456,7.7778,19.726,-2.5503,-23.737,-8.0536,-7.0328,-10.225,20.788,6.6502,-31.546,11.402,32.499,-21.346,-10.13,21.047,-21.827,-22.514,23.636,6.0651,-20.215,-6.1836,0.082759,11.381,33.994,23.859,-10.91,-25.374,-2.6091,20.264,1.5042,-18.3,0.40917,9.5662,-9.3102,-10.656,12.132,29.203,22.262,-4.6952,-22.101,-15.929,-3.2691,1.8739,-12.769,-29.635,-5.5406,17.775,-13.39,-24.035,13.445,15.932,3.2822,12.591,-3.3987,-3.4764,28.12,-1.4655,-38.241,-4.2323,24.929,38.374,35.456,-21.805,-21.476,39.995,13.648,-26.332,-15.214,-32.906,-6.1079,41.529,-13.086,-24.397,27.634,-19.324,-32.076,33.66,-1.975,-33.874,22.167,10.799,-34.358,-30.867,-25.957,-4.0039,11.748,-2.8699,15.93,20.068,-2.9753,31.4,44.153,9.7516,28.271,29.658,-4.4761,28.13,39.876,-24.291,-40.634,-3.2402,10.626,-9.6444,-42.907,-43.177,-16.218,-14.71,-34.129,-52.208,-34.995,21.7,24.949,-25.201,-29.743,-4.8532,14.25,35.548,36.621,37.688,40.7,27.11,56.881,76.509,10.381,-2.3391,42.004,0.53595,-31.213,0.31574,-18.336,-36.882,-21.348,-50.501,-66.923,-35.868,-31.426,-45.898,-50.914,-49.928,-37.663,-17.97,20.184,42.128,24.341,52.463,86.063,44.384,54.552,93.68,32.997,25.596,84.083,20.774,-41.111,-4.2273,-13.237,-47.915,-62.559,-86.24,-53.936,-31.212,-79.182,-50.958,6.8541,-21.301,-9.5156,28.372,-5.8133,-0.96319,41.216,31.323,46.407,77.944,41.124,-0.90137,-1.1114,7.5573,17.163,17.117,3.5161,-7.4913,2.2548,29.452,6.5479,-58.38,-47.189,4.9178,-11.128,-31.04,-4.3305,4.6527,-9.3655,-15.328,-12.727,-9.2047,-22.418,-28.341,4.472,27.164,12.956,4.1583,8.4363,12.248,16.894,11.688,9.8746,33.132,32.067,-21.599,-29.811,34.213,32.115,-25.493,7.4628,47.659,-10.261,-36.144,-6.9397,-16.896,-17.379,-14.723,-50.509,-26.783,19.89,-15.98,-26.781,18.089,15.134,4.8093,11.263,-2.773,20.696,49.508,0.58254,-33.321,5.7879,33.527,18.998,-12.998,-26.361,2.3318,15.461,-3.8755,6.2208,19.264,-1.1635,-4.6094,-1.2383,-18.526,-5.7748,11.96,-21.826,-35.205,-5.4602,-9.9804,-12.326,23.144,12.092,-20.213,6.5702,24.875,7.4408,14.087,12.378,-10.886,-8.2735,-5.9453,-7.2098,18.478,18.798,-16.812,-23.82,-2.8405,13.158,9.0969,-8.326,5.7588,34.914,15.508,-20.279,-18.213,1.2773,2.4673,-20.463,-18.212,29.627,32.44,-26.907,-40.118,0.037495,9.1521,-24.636,-39.818,10.044,59.908,33.035,3.446,14.898,-9.08,-38.316,-8.1846,15.295,3.7314,1.3535,2.1338,1.3596,5.3037,-1.644,-2.4686,9.6356,0.39803,-14.338,-0.015566,11.946,-3.1463,-15.235,-18.072,-23.437,3.1837,55.963,47.152,-20.807,-43.869,-13.159,6.2389,7.861,6.3409,-1.0853,-9.5681,-12.533,-4.9904,7.7964,10.735,1.4997,-16.263,-22.384,6.7585,33.789,23.955,16.747,17.503,-10.593,-28.45,1.7054,20.622,0.079129,-5.7925,-2.5134,-34.196,-44.552,1.6843,12.328,-23.698,-12.858,24.647,26.057,21.012,29.796,27.021,-0.80889,-26.571,-3.4211,26.727,1.4654,-19.287,-12.946,-30.895,-32.597,-5.5361,2.7567,18.774,18.891,-24.664,-18.856,16.189,0.88511,6.2742,29.16,5.8616,4.011,22.346,3.0696,-3.8778,8.1229,13.609,21.006,-9.6972,-38.648,-2.7977,2.4548,-31.099,-10.699,3.539,-14.289,-2.2113,-3.4627,-17.804,1.5074,0.84285,-0.2393,39.18,15.171,-52.143,-11.478,58.744,13.357,-31.544,27.917,50.811,-7.9272,-11.003,9.4617,-29.512,-22.473,28.634,13.506,-1.1152,8.5603,-27.457,-31.414,10.109,4.6542,5.1521,19.239,-26.867,-44.325,11.506,28.561,-8.8648,-35.487,-24.454,10.897,18.27,-4.0732,-13.747,-3.601,30.651,45.718,7.8583,-1.9338,13.843,2.1091,26.529,25.306,-55.408,-21.451,74.251,6.3322,-47.87,26.298,14.13,-44.959,-17.616,-5.5469,-13.895,2.8376,-12.236,-16.47,2.5023,-32.602,-59.812,-25.739,8.2766,29.509,30.076,5.1433,-2.9911,-2.4197,20.491,75.63,49.172,-28.635,5.4152,57.647,5.9494,-19.425,25.672,38.208,16.149,-13.423,-43.2,-32.72,1.3927,4.4753,-25.203,-62.817,-74.371,-51.099,-31.462,-24.271,-12.355,-4.504,-4.5282,-3.6928,14.896,48.478,39.407,11.642,62.814,103.31,26.782,-2.6606,72.088,47.661,-34.347,22.131,86.364,9.1778,-56.69,-30.449,-15.446,-41.63,-84.483,-102.43,-51.286,-30.652,-95.007,-87.503,-6.5657,-7.8068,-21.114,30.987,43.736,30.277,47.712,46.548,57.968,88.708,69.134,69.627,100.15,50.008,4.0019,31.392,21.473,-2.6801,-2.2892,-49.265,-70.551,-31.606,-62.113,-123.51,-120.32,-111.48,-110.44,-96.614,-84.644,-31.977,47.437,86.771,105.86,114.44,112.5,127.05,106.73,53.893,56.06,57.639,-2.9146,-40.185,-29.687,-18.376,-13.91,-21.866,-26.919,-28.531,-59.115,-77.533,-58.425,-52.378,-48.931,-35.447,-29.162,10.993,44.748,-2.2134,-23.377,33.571,40.779,1.8806,17.543,46.036,32.242,22.777,37.299,33.151,19.598,46.219,56.202,-9.8638,-35.648,14.548,-7.993,-60.62,-13.517,5.507,-57.906,-43.856,8.3333,-21.637,-47.945,-30.83,-24.548,-9.2159,-6.1728,-23.378,18.71,60.94,23.661,5.6756,19.862,1.3563,20.716,63.905,27.297,-12.047,20.375,28.939,-15.077,-12.885,34.804,-1.9936,-83.229,-25.634,55.19,-19.679,-61.287,-8.7991,-22.221,7.892,64.915,-32.364,-53.71,59.975,13.358,-38.65,27.781,-36.262,-79.107,25.381,12.383,-12.166,59.783,5.2876,-27.391,65.786,31.582,-11.463,54.119,4.6922,-60.713,2.353,25.422,4.556,12.388,17.667,25.143,-23.316,-67.228,3.4648,-0.24864,-73.972,-12.073,-2.2463,-77.029,4.6459,47.212,-43.815,7.9615,87.494,21.466,-4.6475,26.093,10.826,-8.5883,0.38942,43.081,34.289,-46.915,-9.0932,68.948,-8.7773,-46.045,11.256,-9.0856,-14.49,-13.067,-72.702,-10.765,58.83,-31.552,-21.318,61.569,2.1694,-21.227,-9.7215,-62.71,18.845,86.934,-57.625,-71.881,64.835,29.966,-22.943,35.721,38.085,36.558,54.51,-18.056,-56.234,1.2495,10.616,-13.518,-14.025,-37.994,-46.097,0.69512,22.712,0.11439,0.20093,8.8995,-18.195,-16.95,26.93,9.298,-23.164,26.857,41.219,-9.4564,13.136,41.057,-16.367,-42.791,-19.717,-23.831,-27.135,-7.3249,21.308,25.747,-20.588,-15.729,58.504,39.756,-19.964,28.452,55.515,-19.966,-49.084,-1.5778,12.119,-35.414,-49.775,22.183,38.723,-53.705,-52.108,42.572,24.463,-34.698,-0.44945,27.971,2.1979,-10.526,0.55946,17.522,19.507,4.1281,-5.4101,-15.951,-10.21,24.635,28.289,11.187,13.4,-15.077,-31.599,20.534,23.497,-24.516,-0.53242,18.137,-29.831,-32.295,4.0843,6.0409,2.5017,-3.2962,-20.403,-22.468,-20.127,-6.9084,16.788,8.804,13.002,45.084,13.822,-26.515,8.3724,16.558,-6.9239,21.777,17.276,-34.13,-28.47,-8.8022,-0.40774,31.027,9.0444,-27.082,23.868,43.243,2.3705,20.228,13.74,-47.742,-24.123,14.447,-23.283,-28.434,-12.685,-41.803,-29.717,21.461,17.342,-15.954,-13.401,21.738,33.012,-3.076,-10.252,27.579,30.477,13.703,12.337,-1.7147,-1.8337,11.62,1.1651,11.352,20.378,-16.141,0.94394,45.652,-2.4392,-33.356,-0.047941,-30.178,-48.563,2.6204,-8.1659,-20.794,22.935,-25.637,-80.275,-5.7425,13.992,-41.147,-0.40231,41.619,16.824,23.734,17.951,5.0404,52.891,37.789,-21.574,23.409,37.737,-19.003,37.009,78.859,-18.3,-23.173,61.039,19.488,-41.231,-14.14,-23.376,-64.573,-76.041,-96.141,-74.921,-0.36001,-6.2179,-61.489,-33.177,8.2669,-10.538,-7.0532,35.824,63.288,67.866,55.968,54.578,63.33,45.632,63.916,119.62,71.158,-9.1813,26.663,42.782,-16.455,-23.08,-43.782,-119.04,-125.12,-108.16,-132.54,-123.26,-107.82,-119.05,-96.022,-46.895,22.73,114.47,158.18,161.73,161.62,127.51,105.76,123.45,88.886,5.6969,-23.423,1.9323,-16.545,-79.467,-55.483,0.73429,-86.482,-157.14,-60.764,-27.998,-84.693,-39.939,-8.0145,-50.505,-17.01,29.57,15.973,36.197,59.622,32.587,22.935,42.896,36.817,-1.4393,2.9471,67.101,69.746,14.046,10.453,0.51515,-26.778,7.7131,4.1969,-45.897,-9.4632,22.702,-24.637,-37.608,-13.729,-8.3619,-26.625,-58.924,-25.413,27.461,-27.58,-61.366,-1.1527,-8.2609,-32.15,40.883,78.349,33.339,9.328,12.062,11.665,11.047,8.4932,9.1189,24.335,48.758,22.246,-48.902,-22.513,64.771,26.535,-47.146,-9.1097,23.396,-6.6902,-14.737,-22.83,-54.388,-46.648,-16.266,-36.836,-57.147,5.4552,42.472,-24.689,-32.7,40.697,29.93,-6.012,25.593,39.362,34.202,24.271,-15.189,11.399,71.318,28.52,-12.573,17.586,2.727,-23.821,10.395,21.684,-30.484,-69.829,-32.094,17.433,-16.717,-52.053,-29.997,-41.606,-36.212,33.754,21.925,-43.907,-14.126,44.737,49.147,22.579,-10.966,-0.0076129,43.017,47.025,29.698,13.843,18.184,59.522,30.529,-57.984,-30.715,27.443,-33.898,-79.063,-42.849,-16.304,6.4555,0.86867,-45.013,-18.828,37.094,11.099,-8.2315,6.7772,-20.137,-14.062,34.824,2.9571,-33.669,27.495,54.351,5.9115,9.8439,38.068,10.684,4.5219,42.968,22.064,-47.505,-45.622,16.432,22.09,-20.533,-18.238,7.8491,-6.8669,-38.978,-63.086,-78.771,-46.781,32.54,74.387,44.141,12.637,15.329,7.0909,-1.8799,15.789,8.7575,-0.89982,22.681,-23.514,-68.685,46.945,95.728,-46.348,-53.943,62.071,17.006,-40.647,14.696,3.9765,-36.728,-15.621,-11.617,0.76732,23.772,-5.325,-5.2534,12.039,-29.994,-21.912,22.754,-16.034,-35.855,-2.3316,-16.864,-15.724,20.572,13.974,22.378,51.898,47.758,63.173,58.426,-7.4843,-21.816,-22.465,-74.185,-57.017,-11.697,-16.24,28.05,32.213,-49.364,-6.059,43.784,-55.942,-35.763,60.951,-19.725,-45.097,47.204,-0.89783,-38.545,45.294,44.219,23.669,44.726,-27.2,-57.956,24.193,22.569,-20.53,5.902,9.461,-10.294,-4.8024,-1.3653,14.33,17.792,-16.804,-25.099,-16.398,-19.435,9.7936,29.186,-7.4937,-31.547,-16.097,7.4321,23.284,5.8732,-30.591,-31.496,3.7144,29.487,19.841,-0.92474,3.6233,24.762,37.702,24.485,-13.611,-21.323,14.375,22.612,-4.5836,-22.595,-30.924,-20.344,7.5151,4.8895,-17.514,-7.452,11.313,-9.9342,-39.761,-22.75,16.376,27.401,13.191,-10.389,-13.048,21.858,30.685,8.7616,22.172,24.14,-5.4982,-2.2992,-17.762,-44.165,8.7883,22.811,-39.907,-10.199,39.971,-1.042,-4.5183,21.143,-5.0788,-10.754,-10.706,-19.607,22.439,19.272,-42.072,-27.103,2.9634,-1.2903,27.887,13.99,-22.268,36.668,47.091,-41.427,-34.019,18.864,-9.4437,-1.6924,49.973,11.354,-52.076,-21.059,22.803,-15.052,-39.658,16.384,36.122,3.2212,20.838,23.694,-19.33,12.979,49.341,-15.131,-52.635,-27.03,-23.25,-15.707,-5.7412,-8.9346,16.201,21.183,1.901,22.161,-0.96773,-52.71,8.1654,57.587,-9.621,-12.603,53.546,28.984,-26.348,-24.078,-11.798,-8.0608,4.0139,19.898,10.003,-38.369,-45.769,18.239,43.294,4.966,-11.513,-6.2919,-10.084,-3.0791,8.6836,2.4285,-9.164,-7.4789,3.2819,13.894,20.72,8.8852,-18.572,-21.047,0.53751,2.9659,-8.253,-4.3244,7.6777,2.4714,-17.498,-6.5398,25.463,13.684,2.4073,32.282,10.983,-33.175,13.274,53.216,-4.2568,-46.765,-24.418,-3.2709,-4.2012,-15.511,-19.223,-4.5778,8.912,9.8509,-4.3552,-17.309,10.43,43.984,13.434,-38.534,-27.146,22.51,24.201,-7.5979,6.2372,17.846,-32.148,-37.188,24.957,28.713,-0.25202,17.662,25.518,7.3102,9.753,13.147,-9.9905,-36.072,-19.774,16.122,-7.2927,-40.924,-9.6024,4.9889,-17.18,-9.354,-2.5903,13.343,47.371,1.0189,-53.549,-3.8324,17.141,-17.661,11.666,25.575,-17.849,2.543,41.276,0.24117,-27.664,28.389,65.509,9.8899,-28.683,22.855,28.218,-42.98,-30.597,30.798,4.8407,-35.337,-25.273,-28.11,-38.933,-24.255,-6.0515,-1.8321,-4.1545,16.012,41.081,14.22,-11.873,8.8812,-6.5056,-31.016,18.746,36.494,-11.024,1.3389,25.826,0.57883,22.646,32.82,-36.729,-8.0264,90.832,28.529,-69.497,-7.5566,56.938,10.764,-41.501,-46.062,-18.861,-9.0547,-37.067,-21.64,10.659,-35.314,-52.691,15.707,18.029,-47.616,-46.231,7.868,28.933,10.454,11.382,47.867,48.552,16.701,28.262,58.782,65.666,53.689,20.527,6.4985,16.334,0.69987,-9.223,-20.244,-59.203,-43.433,-24.434,-72.158,-40.137,7.3794,-82.693,-95.804,4.8176,-22.054,-72.113,-21.702,-4.1627,-7.7139,2.4458,5.7842,70.939,107.52,66.772,113.86,150.88,66.256,61.291,104.55,55.157,37.189,33.091,-32.212,-48.173,-64.58,-132.25,-131.08,-131.94,-192.58,-171.3,-119.09,-144.08,-134.09,-47.01,23.747,80.347,168.83,230.97,205.56,177.27,196.18,167.55,100.9,52.966,-18.22,-52.36,-28.87,-72.404,-110.42,-70.575,-88.431,-121.69,-85.069,-68.981,-60.723,-62.994,-103.94,-35.566,66.543,13.003,-20.64,36.778,32.052,34.18,67.526,59.398,79.717,80.138,28.61,45.432,44.203,-6.0429,36.602,42.667,-47.192,-43.216,-15.934,-47.971,-13.37,22.325,-20.712,-44.942,-47.343,-46.9,-20.219,-15.541,-34.297,-27.193,7.0347,22.825,-22.352,-32.782,35.735,22.992,-20.488,38.41,30.304,-27.61,41.238,61.978,3.6174,54.166,62.511,-15.115,25.18,61.532,-6.7042,-21.33,-12.943,-39.2,-41.867,-57.573,-50.203,-0.027563,-38.936,-80.502,-0.43207,32.686,-13.954,4.6243,39.09,30.628,22.551,3.7394,-13.418,-7.4802,4.982,44.774,56.172,-18.454,-38.526,31.57,19.631,-43.637,-18.528,24.943,15.936,-2.4063,-13.666,3.3578,27.764,-4.3957,-13.603,41.582,21.281,-38.6,-4.8021,1.6811,-60.698,-27.489,30.406,-20.878,-54.451,-14.243,7.0539,15.339,12.291,-16.285,-4.0523,23.619,0.5946,-3.5973,36.313,44.453,16.47,-1.6794,20.578,54.779,20.533,-26.631,9.4318,19.85,-43.226,-45.184,-12.848,-32.922,-32.329,-8.0832,-7.0636,12.737,13.13,-28.049,-11.848,23.932,-3.8127,-17.313,7.4258,20.81,30.89,4.101,-43.294,-4.643,55.646,21.746,-15.154,12.656,14.882,-23.714,-21.679,13.57,13.698,0.84038,18.496,16.176,-8.3945,14.203,28.926,-24.591,-46.205,-1.9116,5.6183,-29.342,-26.848,-3.8483,-26.278,-50.707,-14.159,11.146,-2.5272,34.984,68.701,15.852,-3.8413,39.778,24.339,-24.511,-26.694,2.2212,28.965,10.726,-25.709,-3.3054,23.755,4.239,-3.6859,-0.57466,-1.1702,4.3742,-19.763,-34.138,0.26482,0.89382,-20.244,-5.2985,-12.993,-23.902,7.188,10.674,3.6122,19.565,-10.577,-31.636,16.949,20.88,-14.067,22.922,59.454,17.28,-23.268,-16.276,-2.9415,2.8503,21.311,37.264,6.2986,-35.494,-9.6355,28.851,-0.57908,-23.238,1.0323,-8.729,-27.868,-1.9299,-12.092,-54.787,-29.772,15.187,16.262,4.7899,-18.84,-9.3535,48.85,18.325,-53.637,6.8596,65.149,5.918,-13.863,5.735,-11.97,29.59,86.406,31.111,-27.981,6.3805,27.285,-25.588,-51.742,2.6831,25.016,-25.792,-37.2,-25.113,-52.943,-41.777,-17.971,-54.472,-38.19,42.55,59.39,45.217,55.675,44.207,4.9131,-36.066,-37.009,14.244,29.129,-8.9196,-9.9812,29.99,44.684,1.9247,-34.88,15.98,54.64,7.8689,5.9928,17.937,-57.029,-68.159,-5.0967,-29.222,-46.54,10.872,19.829,3.7191,2.7194,-29.759,-31.303,2.3094,-12.028,-19.262,14.113,14.341,-0.039424,26.955,59.273,44.612,6.3786,2.0443,10.804,3.3695,20.287,26.031,-14.504,-4.4754,29.411,-20.79,-45.029,22.623,31.499,-31.085,-37.901,-5.0812,-12.105,-34.227,-26.626,-32.474,-61.549,-31.917,6.9424,-31.5,-7.9461,88.855,36.747,-58.829,31.331,119.95,56.541,18.577,39.029,6.4569,-35.478,-24.67,2.4282,1.9943,-21.049,-14.676,19.576,16.839,-8.2367,-6.2316,0.098574,-2.7668,0.16004,-5.5637,-21.93,-35.653,-50.133,-40.848,9.8652,30.389,-26.216,-70.505,-45.879,-21.784,-7.46,37.237,44.781,1.2406,12.273,45.093,15.016,24.883,113.31,117.83,27.16,8.0287,60.777,63.342,21.335,-1.8676,-11.253,-24.693,-48.156,-79.988,-96.826,-114.54,-158.15,-166.95,-118.73,-90.67,-78.125,-25.112,33.691,75.85,121.61,146.88,158.58,195.23,206.27,138.16,66.57,62.194,41.227,-48.848,-82.678,-39.832,-66.453,-125.37,-107.41,-95.976,-117.54,-106.54,-95.734,-67.954,-14.612,-17.647,6.0556,85.676,44.234,-18.986,56.786,79.67,28.859,68.41,73.758,20.192,62.224,79.147,10.54,21.956,50.531,-9.0446,-43.371,-25.704,-21.323,-20.991,-28.657,-48.392,-62.42,-66.815,-35.386,-1.2719,-27.02,-38.056,3.2476,0.43647,-19.959,7.2525,2.2373,-21.285,25.848,56.955,30.113,41.051,36.963,-16.787,16.516,73.283,11.346,-20.658,44.74,44.925,-0.79703,-7.2227,-22.803,-25.863,-7.1618,-23.724,-23.014,-4.5653,-34.153,-39.398,-8.2683,-22.207,-39.918,-30.109,-8.9163,19.101,-19.003,-51.007,54.075,96.138,-18.498,-32.481,38.966,23.117,13.42,27.071,8.7613,43.883,69.179,4.1129,-18.387,5.298,-12.704,-5.7773,15.996,-28.259,-67.458,-33.095,7.0778,-13.754,-39.033,-6.6932,-7.2283,-45.213,19.566,64.479,-40.656,-48.649,60.803,17.812,-52.517,1.0462,-7.4616,-19.813,87.342,87.086,-24.89,-13.264,32.579,14.069,40.282,45.8,-32.24,-44.095,12.673,9.2397,-23.383,-27.393,-32.97,-40.12,-24.27,3.1849,8.9747,-19.382,-35.416,-1.9565,26.742,2.3139,-14.893,26.926,46.53,-16.066,-51.815,2.6856,39.824,29.418,37.406,28.452,-11.166,-11.817,-1.5593,-11.533,14.695,29.665,-27.633,-39.503,42.53,65.707,-13.507,-56.607,-19.176,10.206,-8.4152,-41.854
-19.447,-15.661,9.1746,12.852,-3.5987,3.8222,13.989,10.047,12.853,8.2366,-3.8636,-4.224,-5.9807,-2.2171,11.388,4.0487,-8.8557,-3.5343,-1.4898,0.86283,7.6693,-0.68201,-9.649,-12.048,-13.688,5.1508,18.589,-1.0253,-3.5652,11.611,-6.242,-23.204,-5.7707,6.0328,0.57233,-1.9559,-2.3463,-1.078,4.2043,6.9674,1.6745,-4.3252,3.5952,14.426,11.299,9.9926,15.52,19.248,24.825,5.6448,-37.696,-38.764,-13.134,-19.522,-12.478,12.27,-11.233,-29.407,3.2431,7.2778,-10.238,15.579,31.401,5.1991,-3.0424,10.484,10.368,7.4239,14.267,13,-5.0245,-13.969,-3.2874,-1.8488,-3.4861,10.462,3.4078,-20.657,-15.083,-6.0667,-10.012,4.8896,9.2787,-12.446,-13.794,-1.485,5.6581,20.05,15.577,-7.3233,-5.9671,1.6167,-6.6668,-4.8042,8.1433,14.343,8.4655,-5.4324,-7.9179,0.86068,6.8383,14.12,11.147,-2.2105,-0.68439,-5.6578,-25.444,-16.099,4.3948,-0.43913,-1.7281,4.9042,-1.0454,-7.2131,-8.409,-0.24698,16.489,10.179,-8.669,-3.6976,4.0217,-1.3932,-0.052706,3.5673,-0.6496,-2.7614,7.0724,20.965,14.939,-1.5839,-0.52225,-1.1065,-11.159,-7.9619,-9.9923,-14.375,9.1854,15.374,-14.992,-15.604,3.1018,-8.0859,-9.1415,11.026,1.3722,-15.241,3.224,17.892,6.4957,7.6214,19.744,7.5339,-11.124,-4.2026,7.5763,0.73602,-6.6185,-0.66239,1.3976,-8.7298,-12.433,-1.6944,9.6041,12.951,4.7235,-12.656,-18.774,-8.7053,-3.4953,-4.4413,5.5608,19.605,10.576,-13.806,-7.1198,20.236,13.114,-2.5454,8.6508,-1.3543,-30.309,-22.715,0.32832,4.4001,-3.1595,-9.7334,5.2186,19.908,5.8177,10.308,30.016,14.19,5.7217,15.927,-0.097119,-11.632,-21.084,-45.256,-20.64,11.597,-15.414,-16.611,6.0522,-14.703,-4.1949,30.495,4.6038,-8.0031,23.791,19.046,1.1322,4.779,0.041531,-0.32466,8.1062,6.4673,4.2254,-3.9753,-13.394,-3.5047,2.4531,-4.443,0.044501,7.5056,-0.49021,-18.211,-18.446,6.4264,8.2001,-12.219,2.867,17.939,-5.3462,-8.0816,6.545,-6.4317,-12.308,-0.91236,-2.069,-1.7471,5.6046,8.9739,10.905,2.9118,-5.476,0.69679,3.3703,5.2996,12.551,3.1013,-2.588,14.298,13.097,-5.3776,-4.568,-0.69267,-8.9223,-14.671,-17.736,-14.151,-2.0927,-1.2713,-6.3059,-0.15793,-1.1898,-10.117,3.3182,21.355,9.3457,-6.2449,-1.678,2.1946,6.4535,14.095,0.44965,-13.042,6.2592,18.19,0.36719,-4.4821,7.5462,3.0345,-11.201,-9.0761,8.7528,14.907,-6.8922,-23.497,-2.5925,20.799,8.058,-9.4252,-2.5919,-3.5993,-20.201,-14.108,1.1425,-7.5874,-13.241,-3.9924,-1.578,6.5681,16.634,5.117,-2.9816,4.9179,10.876,18.381,12.272,-7.4453,2.2064,16.357,-1.5846,-8.6943,0.61864,2.7564,9.0953,-1.3199,-12.172,18.53,16.399,-25.26,3.302,35.936,-18.752,-50.207,-23.307,-22.421,-31.233,-24.935,-24.315,-16.674,-4.6481,10.802,36.155,36.029,26.752,41.443,34.094,20.288,42.812,35.57,3.1599,20.822,27.436,-20.21,-42.362,-37.147,-51.009,-52.135,-34.665,-36.655,-38.973,-19.804,-11.444,-10.501,20.591,44.445,18.814,1.7076,25.565,40.228,36.235,31.174,19.886,19.002,25.405,7.5914,-15.862,-18.275,-15.098,-23.656,-40.277,-35.029,-8.5833,-10.143,-16.998,13.94,21.233,-8.908,-3.2648,18.612,10.645,2.3828,2.3562,-2.281,-6.7037,-14.185,-10.265,7.0905,6.2887,3.7032,18.989,15.592,-2.692,-3.1146,0.39154,4.4585,13.205,-1.4276,-21.573,-5.2885,9.3922,-6.8281,-2.1275,18.964,-1.3346,-22.673,1.9406,15.946,0.35806,-7.78,-18.475,-19.346,10.83,17.339,-8.0089,-9.9157,-1.1357,-0.4557,7.714,7.5179,5.4523,17.803,10.848,-9.2294,-8.9937,-10.106,-13.683,-2.4647,-3.3637,-8.5515,11.033,17.867,-6.2363,-13.218,8.2317,25.173,25.977,15.177,4.3287,3.6154,-7.8309,-32.368,-26.915,-9.4431,-24.666,-14.178,34.237,15.412,-37.179,-8.773,30.825,3.6036,-14.349,7.324,20.585,18.112,9.4721,0.58798,-7.7297,-21.959,-19.598,2.1128,5.4845,-0.00015883,9.0063,8.9673,-0.17453,7.5449,19.823,15.421,5.3707,1.49,-9.9876,-26.643,-21.684,-7.2708,-8.7281,-12.908,-11.082,2.9977,22.562,0.78863,-29.093,2.845,28.728,9.5967,15.444,16.395,-11.405,3.431,16.956,-18.947,-19.498,11.909,4.4815,-14.634,-10.733,7.8201,12.724,-10.526,-5.5876,26.935,12.624,-8.5854,2.0115,-14.438,-27.149,0.7094,2.6492,-13.52,-0.18457,15.44,18.556,7.0934,-15.421,-10.473,10.49,12.361,2.5739,-15.559,-14.824,11.137,-2.5984,-21.926,16.474,23.416,-12.109,8.0646,20.999,-25.202,-24.304,16.753,7.6497,-9.3793,10.033,20.893,9.1269,-0.94895,-1.9004,2.5397,-1.5942,-18.946,-19.423,6.1696,8.9474,-20.819,-19.641,12.087,3.189,-32.47,-24.129,14.661,25.971,15.003,20.124,28.908,10.671,-7.9988,-4.3843,-7.6368,-12.427,1.9264,3.9253,-3.0985,13.484,13.976,-19.348,-22.273,7.9146,7.1329,-17.316,-11.526,14.59,13.766,-11.66,-23.992,-10.486,10.509,10.109,-11.544,-12.646,10.828,13.008,-0.53474,9.4137,21.128,-1.4266,-22.26,5.3553,31.897,-1.5827,-26.313,11.526,32.066,8.8311,-2.0818,-9.0709,-18.817,-18.079,-34.2,-32.524,13.492,16.296,-16.132,3.2714,24.311,10.723,18.383,22.205,-5.5433,-13.156,3.5236,5.7941,-13.202,-25.462,-6.0111,3.963,-12.013,9.8874,36.789,1.0568,-19.145,10.113,11.717,-0.063947,10.342,5.0328,-16.212,-27.381,-22.067,-1.559,3.5931,-2.951,12.77,17.297,2.9717,13.663,15.114,-8.968,-3.6814,6.2128,-12.353,-13.538,-3.6433,-11.653,-7.4491,2.5164,-6.901,-3.903,18.283,20.516,0.76409,-8.0512,5.1846,14.348,0.81123,-11.119,-1.7726,10.765,6.6162,-14.476,-30.667,-17.477,10.486,21.392,15.231,10.548,11.895,4.2659,-15.155,-20.347,-10.389,-6.4438,6.1472,21.711,2.1451,-20.343,-4.8956,6.5173,-3.2919,-3.7779,-4.3397,-11.159,-5.3613,6.2098,14.614,16.259,9.8,14.93,14.677,-15.618,-22.403,3.6658,-3.2102,-16.134,3.9223,2.2267,-11.974,10.364,24.436,9.8498,6.2264,4.3347,-10.21,-20.923,-18.085,2.0707,10.146,-13.666,-21.224,-5.7777,-4.7444,4.7495,16.68,-5.318,-9.3255,21.131,18.503,-0.94351,7.8773,12.148,-0.50837,-3.0015,8.2561,14.287,-5.8125,-21.334,3.1346,10.814,-14.359,2.0464,27.809,-9.0406,-42.066,-16.415,11.725,4.1817,-18.67,-20.245,4.8538,15.564,3.194,-7.2641,-14.467,-4.682,20.922,23.403,18.334,23.68,0.54833,-24.625,-2.8791,20.084,9.629,-5.7008,-4.7814,5.3412,-12.367,-43.045,-17.301,20.523,7.8918,10.763,25.548,-2.2581,-0.23811,28.385,-5.6291,-31.052,1.4814,-3.7149,-38.454,-30.496,-8.3603,-3.4648,-5.5779,-2.9208,8.5544,5.1346,-3.8873,17.652,34.733,24.988,29.026,35.099,17.201,1.4169,-6.1853,-13.841,-8.7121,6.4552,8.5644,-13.028,-28.947,-19.162,-19.614,-25.769,-5.4946,-2.041,-19.391,-14.022,-23.151,-36.369,-0.9377,18.395,5.6338,15.141,6.7471,4.2044,53.668,48.728,4.9134,37.579,57.282,22.685,33.03,34.454,-13.605,-22.037,-19.672,-58.231,-79.565,-67.666,-51.085,-46.595,-49.261,-9.501,40.655,18.591,-10.011,19.738,40.146,38.186,47.791,46.526,34.613,22.657,-0.33091,-8.6794,5.1936,3.2859,-11.571,-12.205,-5.4699,-7.1402,-16.926,-21.931,-8.9277,7.666,-7.7465,-39.015,-27.635,-3.075,-25.472,-29.699,18.055,25.918,6.3344,26.613,22.859,-10.257,17.905,59.469,25.77,-29.525,-32.069,-4.5732,-3.6868,-21.352,-9.3047,20.633,30.692,15.476,-16.464,-18.08,23.378,26.339,-12.31,-23.186,-25.67,-24.793,5.413,9.1608,-16.676,-8.9497,5.417,-4.3722,-10.625,-5.584,11.23,20.166,-2.109,-11.751,12.831,27.097,16.625,1.0698,2.1233,13.495,0.75279,-14.032,-4.6087,-1.1922,7.3336,16.82,-11.617,-18.391,9.3644,-6.4222,-20.377,-5.6282,-25.47,-20.065,22.369,2.4171,-17.836,12.304,-0.037119,-23.646,8.5509,39.372,37.232,7.5069,-21.391,-1.3211,9.1099,-21.789,-3.5126,38.023,18.561,-9.0778,-3.1274,5.0644,4.301,-6.2608,-11.974,-12.654,-32.989,-37.324,-10.217,-12.007,-24.866,5.7734,32.387,17.191,10.985,35.106,36.822,1.6392,-9.7969,10.536,11.415,-2.0465,-11.008,-12.741,8.2946,8.0888,-26.135,-8.1696,22.135,-19.771,-38.039,-7.1295,-23.347,-28.63,21.581,24.849,-4.3934,14.25,27.592,-1.4095,-9.0136,18.857,25.557,5.4338,-0.93228,-6.7346,-22.433,-3.1556,23.155,0.08613,-15.042,7.0451,2.2553,-20.474,-9.2524,14.173,7.2216,-21.58,-21.196,9.8425,8.9593,-14.991,-12.066,-2.6929,4.9431,18.032,4.1539,-10.592,9.014,10.241,-10.6,2.1486,29.043,30.593,14.638,0.97327,-0.51156,-10.182,-33.783,-30.359,-4.2635,4.0321,3.8472,4.408,-4.1156,-6.5825,-5.2691,-13.829,-8.0208,12.872,9.6283,-7.3313,1.4866,16.032,5.8845,-0.31379,14.391,16.357,-4.9769,-22.516,-11.199,23.438,27.612,-9.0404,-11.915,15.394,1.1307,-21.859,-14.811,-13.609,0.70293,27.176,-2.248,-33.954,-1.7043,0.77185,-37.103,-8.3166,36.157,11.962,-6.2596,16.989,24.006,15.365,6.7765,-4.834,-0.56265,3.4538,-7.3517,0.63261,8.2611,-7.2027,-2.97,-2.091,-33.442,-23.79,11.849,-10.525,-28.679,12.233,31.958,7.054,-5.8478,4.3036,10.814,-2.7501,-11.082,10.272,21.431,6.3355,2.8327,2.6989,-8.1575,-4.523,6.3127,4.5849,-0.64417,-1.3497,0.085171,-13.481,-34.008,-16.568,11.69,-3.6665,-16.123,5.2205,14.506,7.9877,-0.63928,-8.5228,12.706,34.897,11.457,-5.0668,14.286,11.206,-17.954,-25.986,-6.9656,13.047,4.1926,-22.962,-17.061,13.834,9.9155,-17.772,-11.412,12.52,3.1873,-7.4678,21.239,29.351,-11.741,-22.16,6.8365,2.1863,-15.963,-0.37515,8.8949,-7.7474,-15.243,-11.273,-2.8841,15.915,24.598,15.833,14.298,14.285,0.81242,-5.0927,-0.72254,-10.509,-23.023,-16.882,-9.0197,-11.325,-11.216,-9.1231,-2.842,19.724,30.108,3.7479,-10.031,9.9191,10.112,-0.57514,18.385,18.95,-14.471,-19.722,-9.2445,-19.068,-16.206,2.8759,16.967,26.458,4.2902,-31.612,-14.828,18.884,12.877,3.1734,2.6518,-3.6961,-0.50201,-0.68009,-7.3053,0.9385,-2.0473,-11.231,8.9651,14.795,-9.4573,-13.176,-8.5813,-6.6445,13.166,15.263,1.4274,11.6,10.379,-4.556,4.1287,-2.4599,-20.094,-4.1335,-0.084462,-9.4218,11.098,7.5393,-18.582,-3.0898,3.8394,-14.909,-0.97463,8.2654,1.9046,24.719,18.959,-19.204,-6.1278,11.256,-10.619,-4.2112,14.085,2.5559,1.9002,6.2994,-5.6316,-4.553,0.015588,-5.903,-5.2713,-11.22,-18.308,-2.4298,8.1603,0.21273,1.3687,8.487,5.67,-3.7773,-5.9704,8.8224,15.323,-3.3928,-11.59,6.1445,21.631,16.924,-2.1288,-8.7616,-0.9261,-11.057,-17.53,6.2518,7.8589,-18.374,-14.071,3.1196,-1.6925,-2.2727,8.8467,14.247,10.902,-2.6597,-14.907,-12,-1.2148,7.1431,3.2249,-6.547,2.4307,15.696,6.4656,-2.0638,5.9896,6.4084,-9.6309,-20.83,-6.9685,14.773,12.763,5.3495,10.944,1.1089,-15.086,-7.3381,-1.2433,-6.0544,2.1393,4.1414,-10.791,-9.1733,7.0487,4.7848,-10.629,-8.5149,5.914,-1.275,-14.159,7.2526,25.304,2.7584,-6.3917,14.066,9.2392,-9.5883,-2.5448,4.6571,-3.1488,-3.1746,-1.1393,-5.4265,0.1922,9.5351,7.1136,5.7096,7.7384,-1.0065,-8.1312,-8.6452,-21.139,-21.743,8.6495,13.654,-17.626,-15.508,12.867,11.714,2.6713,5.6373,-4.6332,-13.542,-0.041888,14.68,21.975,25.601,13.427,-10.222,-20.923,-13.203,-4.792,-0.47533,10.411,12.814,-4.6576,-8.5567,5.7733,3.6921,-5.0326,-3.9343,-7.1392,-7.5936,-6.4009,-17.391,-15.776,0.89176,4.3845,6.1851,11.785,9.4256,5.349,-11.423,-17.147,29.493,49.88,-4.4422,-25.039,7.7992,9.5556,-0.88409,4.2831,-4.1387,-10.073,-5.2507,-7.8814,-4.8834,-1.6579,-5.3443,-1.4727,-11.505,-27.532,-6.0179,16.398,2.7275,-6.0273,5.4111,17.94,19.551,1.032,-6.6859,14.88,19.737,2.6303,-3.8273,-12.359,-18.507,-1.4943,7.3975,-1.9396,2.2943,6.903,-10.296,-20.429,-6.9895,3.3354,-2.2845,-10.949,-10.669,11.199,40.753,30.915,-8.2927,-18.615,-7.4199,-3.3515,6.0565,9.2978,-1.4916,-2.5871,-8.9999,-21.245,-9.0899,-7.4882,-21.094,11.354,44.935,14.884,-13.146,-1.5739,4.8189,1.884,1.2561,0.41195,6.2033,5.2873,-7.3517,-8.2426,1.4616,7.7924,2.6521,-17.716,-21.67,1.9335,6.8112,-8.089,-5.1368,2.5381,-0.13746,0.46874,2.717,6.4948,12.932,7.2351,-1.8044,6.8731,20.059,13.682,-11.406,-25.517,-4.8056,18.995,5.7703,-20.619,-25.259,-14.271,-3.2026,-4.9203,-10.9,9.3239,28.227,3.4841,-5.1669,34.881,33.937,-15.03,-20.805,-1.216,-7.4929,-7.4162,0.18272,-7.2946,-6.4578,-0.41459,-3.9097,-3.7221,-6.8637,-4.9502,13.023,8.4629,-1.6643,22.913,24.637,-6.2656,-3.4472,7.362,-4.3665,-6.7319,-12.326,-19.947,-5.5446,-4.8534,-12.054,9.0301,12.485,-14.339,-15.535,10.091,22.993,-1.0251,-27.899,2.5906,33.294,4.9645,4.4073,34.264,5.2713,-20.41,5.5265,4.4557,-10.837,4.5177,2.8661,-18.188,-19.433,-14.342,-13.698,-6.3421,5.093,7.2262,0.39956,5.3344,8.6572,-13.079,-19.403,2.8028,11.75,15.107,16.472,-1.9501,-8.1677,-3.9102,-5.9428,21.789,37.423,-1.2323,-5.3413,24.744,2.0777,-24.249,-10.901,-7.3355,-6.6898,1.5828,-4.3138,-5.1411,-5.5081,-23.247,-27.919,-16.645,-5.1722,11.39,10.7,-5.6024,2.6436,22.174,24.379,16.492,3.8584,-0.42792,5.827,-4.5286,-13.46,12.252,30.622,8.017,-6.6055,10.917,7.7983,-29.298,-35.157,6.3389,25.077,-9.3336,-38.012,-11.362,26.984,9.0772,-30.016,-21.93,-0.26573,-5.7328,-8.5352,-4.039,-1.8069,11.068,15.152,7.919,17.355,15.645,-6.2234,3.2646,26.113,14.062,0.13039,8.7603,3.9991,-16.475,-12.836,10.913,12.379,-0.060087,7.1737,10.017,-5.5938,-10.724,-19.959,-36.153,-19.068,-4.7605,-27.412,-30.314,-20.522,-32.497,-6.7028,38.813,18.819,-7.6014,18.081,33.924,38.647,54.298,32.776,2.8274,22.004,39.468,28.482,15.813,-15.471,-44.877,-34.668,-29.85,-43.112,-39.999,-43.348,-45.627,-16.255,-5.5516,-17.019,5.2019,23.318,11.23,18.533,29.955,22.388,28.045,31.622,16.917,7.6796,-7.9017,-14.982,18.844,35.773,11.389,6.2751,8.2079,-12.524,-18.342,-14.249,-20.635,-14.558,-14.3,-29.816,-17.434,-1.4762,-22.906,-28.353,3.6015,13.019,-5.3769,-2.3238,18.464,11.783,-10.461,8.1224,41.735,24.428,-2.5062,13.284,24.781,11.616,7.2666,8.1072,6.6037,3.7591,-9.9278,-15.758,-9.5868,-17.957,-24.521,-17.492,-19.635,-17.149,-9.3116,-21.79,-16.172,24.524,31.243,0.18391,3.0271,29.649,16.199,-15.104,-6.176,10.043,-4.3068,-0.77444,19.496,4.9205,-3.7648,14.44,2.8088,-11.953,4.2633,0.76082,-9.0686,6.0146,-0.84259,-16.9,-2.5742,-3.3982,-22.266,-7.6169,15.475,7.7761,-7.4061,-4.0489,12.448,13.271,-16.512,-28.37,15.024,39.154,-10.851,-34.914,14.896,22.043,-17.079,3.4523,23.529,-16.969,-23.892,3.2136,5.9502,21.394,23.576,-14.339,0.063682,40.827,2.2322,-42.535,-12.846,18.48,3.2099,-19.902,-25.165,-25.357,-21.835,3.9434,22.331,0.9848,-8.5958,14.843,23.27,16.756,11.56,11.955,30.174,16.541,-35.361,-26.689,11.522,-12.303,-22.841,6.1032,-10.87,-26.086,6.7875,4.4787,-24.994,-10.314,17.961,24.135,20.197,13.417,14.277,13.801,1.6075,4.6502,10.589,-15.1,-33.91,-15.804,3.1554,3.4323,-9.4336,-18.32,0.27379,11.229,-17.427,-23.986,16.552,33.905,9.0808,-6.9047,6.6749,20.591,5.5262,-9.949,6.6855,11.238,-16.381,-24.537,-10.152,-3.5644,-0.51071,-3.6106,-6.9618,7.6681,19.546,17.089,15.363,7.9025,-5.3008,-11.126,-5.3034,7.1712,-4.2395,-30.26,-17.088,2.0798,-10.093,-1.5057,11.905,-2.6087,11.049,24.721,-8.1911,-7.9565,21.161,4.3766,-8.6225,7.8574,5.2673,-1.1646,-1.782,-13.959,-18.798,-14.532,-1.511,23.152,21.303,4.3089,13.69,10.52,-20.31,-28.068,-10.744,3.592,1.3056,-16.506,-13.315,14.323,17.322,-0.51282,-0.20946,13.292,18.207,9.7426,2.3936,6.3231,0.3328,-19.62,-22.707,-11.069,-11.331,-17.62,-14.943,-6.7456,7.4209,25.663,26.283,8.2683,2.8382,16.372,28.722,23.354,-2.5488,-12.952,0.046245,-16.072,-31.295,-4.93,-21.004,-54.919,-0.2484,33.945,-19.31,-20.375,21.967,21.082,23.337,22.509,3.6001,10.836,-1.2602,-21.293,15.639,17.73,-26.243,-8.8445,10.87,-7.7587,-1.8997,-12.515,-28.455,14.112,31.332,-0.079987,-0.98589,8.3452,13.153,19.287,-12.533,-39.801,-26.207,-17.977,-1.3118,19.676,5.0592,3.635,11.624,-14.684,-9.7171,21.519,9.7659,4.7137,18.912,7.5619,10.045,18.417,-11.818,-30.809,-20.551,-14.991,-8.995,-5.4995,2.0098,15.585,-4.4701,-14.299,30.091,33.116,-10.305,-0.82797,17.831,-0.40124,-0.71023,-4.046,-24.604,-9.3081,1.5373,-23.974,-16.551,15.358,12.398,-1.3023,1.119,8.1248,12.677,4.5595,-11.481,-18.071,-10.698,11.149,19.559,-4.1093,-6.8681,21.777,17.21,-8.865,-5.9626,4.9339,3.9215,0.94944,-1.2785,4.9491,3.6418,-19.913,-21.136,6.7061,7.476,-5.9043,6.0387,3.545,-28.613,-27.54,9.5748,17.06,1.5872,5.3056,-0.28284,-22.592,-12.679,13.69,19.045,21.449,17.62,3.1481,6.595,6.8687,-14.246,-18.065,-4.2944,7.9024,20.029,9.6329,-12.485,-6.1057,10.212,13.074,1.0374,-23.212,-16.541,14.149,4.6798,-15.459,-15.754,-36.88,-41.353,-2.174,6.8213,-11.629,-8.9628,-4.6238,8.891,39.005,38.603,16.973,18.886,32.019,29.321,15.508,19.386,37.466,18.366,-27.722,-37.701,-22.014,-22.407,-32.466,-30.606,-15.833,-21.448,-51,-37.929,15.686,26.551,-2.0105,-15.072,-9.5575,7.3654,17.516,2.6362,-0.041762,22.516,29.996,33.344,51.717,46.027,24.356,34.155,44.967,26.693,13.01,-7.9382,-55.268,-76.32,-67.691,-69.791,-60.211,-43.325,-44.986,-23.973,9.0703,8.6423,17.692,38.289,28.629,35.366,62.631,45.063,6.2748,-2.2839,13.814,26.194,13.654,10.016,23.749,-5.9888,-36.528,-4.4949,5.9012,-27.368,-26.064,-10.261,-12.995,-17.457,-28.562,-24.388,0.89924,2.4438,-9.1489,-7.3895,-1.1423,6.3338,-1.7882,-7.3495,22.601,29.888,2.3244,7.7057,18.886,10.984,19.713,13.973,-3.1707,14.504,18.005,-7.6242,-8.6634,-4.6244,-12.431,-5.1012,3.0679,-4.4446,-13.319,-12.261,-12.745,-27.512,-22.159,1.8368,-12.072,-17.97,19.516,10.68,-21.878,5.1299,28.967,19.131,13.863,0.90952,8.0317,32.928,4.3113,-26.221,1.513,18.684,9.3296,11.103,8.8368,-7.7687,-27.11,-26.722,-6.2155,-4.9787,-5.3438,9.1442,-10.608,-25.067,9.2158,16.905,3.6218,16.925,3.1337,-22.533,-7.3019,-1.5658,-15.133,-8.4958,1.7596,6.9766,11.676,8.1652,2.3667,-2.6499,10.347,36.624,22.603,-6.6485,4.7638,14.485,1.1354,-11.324,-30.327,-30.258,-2.5811,2.7337,-8.9841,-12.203,-6.225,12.388,3.0592,-25.769,-2.936,18.504,-3.3145,9.0029,17.591,-23.532,-12.904,33.043,19.125,-1.9856,2.716,-1.69,9.7798,24.741,2.5016,-12.739,5.1447,11.263,-12.548,-37.236,-33.202,-12.037,-5.6995,-2.7881,16.469,24.371,1.88,-14.42,4.1833,19.049,1.8754,-0.36411,20.811,11.441,-10.047,-5.1937,-4.7036,-8.6886,-0.46645,-11.679,-25.712,-7.7026,6.583,10.735,25.876,18.537,-7.8323,-11.481,-5.5895,3.126,18.886,8.3999,-11.745,-2.5043,1.9365,-10.156,-7.9465,-8.8309,-16.022,-3.4259,5.586,0.8334,9.0581,13.986,2.8133,5.4187,16.805,7.5363,-7.7394,-3.672,2.5611,-12.1,-26.359,-11.883,15.217,17.357,-12.672,-28.591,0.57141,20.705,4.8679,6.1708,15.435,2.4417,10.115,19.607,-14.807,-30.163,-1.3491,13.311,6.9977,-9.3289,-24.536,-8.3489,12.837,7.5958,-1.2635,-2.3318,8.2768,13.397,-14.184,-23.696,0.88764,-1.8661,-0.52207,29.385,18.926,-7.9829,-0.23412,3.9199,0.97533,-0.84565,-14.867,-7.4392,11.403,-0.45966,-12.169,-7.9567,-3.979,5.3125,6.1897,0.095253,1.7207,-3.8342,-1.2992,12.344,6.7817,5.071,2.0476,-27.403,-20.896,17.904,15.872,5.5899,11.876,2.4925,-8.0175,-14.489,-12.743,7.0276,-0.0095312,-17.382,1.0686,5.2164,-4.5139,12.577,18.031,12.451,8.6428,-12.596,-7.5074,6.1315,-22.459,-16.583,21.01,9.4968,-1.0608,3.7865,-10.708,-7.8914,-15.466,-26.69,27.537,41.86,-23.597,-20.584,19.945,11.808,17.352,14.127,-19.13,-3.2006,16.146,-15.801,-29.802,-21.512,-16.835,9.4697,29.907,17.751,6.713,3.8799,-7.4903,-16.437,-4.365,16.272,15.431,-0.9073,-9.9265,-10.003,-0.80368,3.8636,-7.6376,-9.4832,0.23915,0.85145,2.592,8.6361,16.285,20.347,-4.2333,-25.053,-4.9371,1.1663,-12.91,0.40763,3.5552,-13.562,-2.5025,8.2155,-5.7258,-6.5761,9.7439,26.609,27.145,-4.0022,-26.19,-6.1869,13.327,4.6286,-2.7342,3.5235,-1.3389,-13.754,-4.2724,5.8614,-4.5126,-0.1728,6.6377,-15.712,-18.028,8.9409,8.2566,-6.6585,-1.2111,4.8772,-3.6538,-8.9729,11.513,29.616,4.6579,-17.47,-3.3151,3.5482,2.1359,0.81071,-11.697,2.2324,23.148,1.1859,-9.8144,0.92036,-3.811,15.342,27.806,-12.714,-25.783,-11.094,-22.554,-8.0709,13.563,-8.4585,-13.653,-2.8119,-6.8871,13.627,21.986,-8.681,-6.8871,17.185,18.474,14.123,-0.34164,-11.09,0.67409,-2.4016,-4.5283,15.634,10.029,-1.4513,10.759,-0.46817,-14.938,1.3093,2.38,-7.9925,-7.4888,-26.409,-42.009,-16.763,12.95,14.645,4.6872,9.1534,18.733,6.6044,0.44976,14.468,5.476,-2.9081,12.712,-7.7953,-33.214,-1.3483,13.544,-10.273,-2.8095,15.282,18.622,23.053,4.0531,-9.4154,19.211,16.574,-28.929,-35.139,-10.852,-3.3765,-6.2657,-13.273,-13.357,5.5816,21.108,12.627,-14.405,-30.403,-10.676,13.596,12.122,5.2878,1.1383,-0.50465,11.531,19.606,14.514,9.7261,1.2045,2.1682,15.318,-2.0779,-30.296,-12.712,16.962,15.13,2.6923,-2.5174,4.1313,12.185,-5.3814,-27.359,-19.813,-9.1334,-15.722,-19.625,-16.126,-12.481,-12.929,-20.022,-10.83,20.224,21.61,-7.6837,7.7728,55.898,52.825,22.487,28.021,37.486,21.956,5.6836,-4.8643,-8.1669,-10.676,-34.259,-50.847,-33.783,-24.743,-39.521,-44.81,-27.671,4.8288,22.241,4.5216,-2.3143,20.853,23.347,5.306,7.9255,15.861,9.6372,17.35,38.683,28.265,-2.758,3.086,23.877,8.578,-13.065,-19.649,-25.317,-4.365,18.823,-15.758,-41.997,-4.233,7.1214,-30.829,-33.492,-6.5012,3.0965,9.1401,6.1312,-14.645,-7.7468,25.654,26.636,3.6866,4.5302,17.702,13.296,0.1171,1.9661,16.795,15.904,-2.8896,-15.184,-18.473,-5.9048,14.597,-3.883,-23.844,14.638,27.058,-15.112,-8.1615,14.526,-17.456,-27.26,-2.4055,-3.0594,-7.5217,-10.05,-14.845,6.3663,13.688,-5.3726,6.5349,20.384,4.5006,3.8017,8.7629,-2.6429,-0.47017,9.3127,1.9177,-9.3588,1.5373,25.831,11.657,-27.518,-19.557,6,3.6082,14.257,20.415,-11.216,-18.145,6.7367,-2.2416,-28.523,-17.636,8.9518,0.72096,-14.479,8.2763,15.662,-10.152,0.22291,15.024,-7.7783,-3.5549,11.876,-0.69242,9.7261,11.678,-24.758,-13.703,25.931,12.832,-14.038,-11.969,6.648,16.475,-0.9451,-3.1384,13.813,-4.1329,-9.7115,21.211,9.8314,-19.46,-10.703,1.0435,9.8548,10.384,-12.948,-19.04,-22.509,-37.342,5.4435,47.897,-6.3913,-48.289,-1.8674,22.828,-5.3421,5.0682,44.264,21.55,-22.018,2.4164,18.359,-21.61,-7.6123,37.702,10.477,-15.98,11.418,18.689,-5.6054,-20.712,-3.9202,22.988,-1.671,-35.624,-12.797,-2.8246,-18.082,-1.4546,-0.65925,-16.533,0.13835,-4.617,-28.559,-13.917,-1.8204,1.4038,31.275,42.303,16.844,-1.6902,7.1541,28.968,14.887,-17.295,8.3577,33.832,-4.3355,-14.697,14.04,-2.621,-26.231,-9.8182,-2.1969,-11.711,-7.6882,-2.1097,-12.576,-24.472,-17.872,-0.80306,3.0844,-12.454,-26.423,-14.745,-4.354,-22.303,-10.586,33.982,25.222,9.8548,52.411,50.777,14.329,60.318,86.094,7.1941,-25.445,9.1698,-17.563,-63.798,-54.577,-45.648,-48.604,-26.815,-12.859,-25.722,-29.197,-13.378,7.1131,24.133,27.02,15.619,6.2133,12.242,25.76,23.673,16.216,26.316,25.844,8.3589,9.0034,2.3783,-14.104,13.08,26.344,-19.145,-26.679,-7.3442,-37.113,-37.908,2.359,-9.287,-25.472,-1.8271,1.4097,-3.0264,7.529,6.2692,10.168,12.883,-4.4316,-4.2432,2.3494,-6.1403,8.3385,18.93,-6.7242,-8.7031,15.903,14.856,6.0474,13.524,23.808,20.702,-4.9063,-17.083,7.8891,9.0655,-28.198,-31.771,-4.3381,-3.5152,-17.285,-23.124,-26.346,-6.8865,20.28,7.4068,-3.8987,18.107,1.2671,-29.697,14.845,51.961,9.1934,-12.731,13.129,17.556,6.4945,-4.3966,-10.889,6.0772,6.2083,-20.343,-10.306,10.544,-8.1507,-14.503,8.0642,6.7329,-14.8,-17.548,-1.9447,1.7452,-11.556,-7.3104,11.096,8.5867,3.8513,7.6875,-5.443,-5.1208,22.451,18.621,-3.2492,9.5169,14.15,-11.148,-11.789,0.90967,-12.223,-16.907,3.4522,12.84,1.4032,-17.191,-25.763,-10.526,10.22,16.714,9.1364,-6.9454,0.70993,27.17,8.2279,-18.537,17.793,30.659,-20.253,-24.98,6.5242,-5.2719,-14.34,-4.1006,-9.5188,6.7226,25.18,-9.5218,-23.25,15.517,11.735,-19.969,-0.040789,20.044,-4.6587,-15.165,2.4466,10.337,4.2118,-8.1059,-3.0801,25.745,18.197,-21.811,-13.037,17.027,5.148,-10.893,-10.886,-9.8115,1.6113,-2.6289,-19.414,3.6327,26.56,1.3893,-17.073,0.16518,21.672,14.571,-26.673,-33.623,18.412,34.951,0.38455,-7.9174,10.562,18.086,3.7128,-17.586,-8.6972,7.8785,-9.4913,-23.644,-14.501,-4.5566,3.5219,-6.5953,-17.212,11.221,30.217,14.655,8.3519,-1.5107,-12.41,4.4349,5.9289,-6.7086,6.7372,6.2902,-9.2841,3.1847,14.633,6.9912,-5.0309,-18.03,-6.6223,11.096,-4.4497,-7.1949,17.096,10.506,-16.606,-23.461,-15.95,-11.481,-17.518,-13.895,4.1025,1.6819,-3.6914,15.995,25.692,26.513,41.419,40.243,15.014,-10.956,-19.493,0.65037,2.4885,-36.764,-40.217,-3.4535,-1.0996,-11.285,2.9883,-0.27331,-23.691,-17.389,8.0133,4.2454,-2.992,25.787,31.588,-3.4864,1.9444,24.284,3.3269,0.69525,18.309,-5.069,-22.492,-11.225,-16.478,-23.326,-20.8,-13.151,14.162,22.283,6.131,17.331,23.286,6.051,13.361,17.054,-0.67,-3.1065,-12.933,-23.705,-5.236,-9.9442,-27.452,-2.0318,8.6016,-9.7709,1.9922,3.128,-22.123,-3.2111,32.419,21.195,-3.5136,-6.3752,-1.9317,-4.9389,-10.907,-4.9638,3.2244,2.8454,15.76,25.007,-1.1813,-12.801,16.949,26.252,8.5444,9.2859,9.9211,-11.829,-21.964,-3.3794,11.116,-6.113,-26.231,-14.614,-8.5611,-33.057,-37.563,-19.94,-22.967,-21.21,0.84303,9.5037,14.543,23.378,17.361,25.95,53.963,55.438,45.458,50.018,41.811,23.038,5.7376,-28.836,-58.146,-54.695,-50.089,-52.52,-39.241,-33.949,-45.652,-30.05,2.3349,4.3195,6.1329,34.764,43.515,28.316,20.221,7.6748,9.8808,40.163,33.831,-3.0117,-0.29882,11.463,0.13076,3.3244,8.2254,-7.904,-16.465,-8.9929,-0.16915,-6.3511,-24.523,-18.624,-6.7742,-22.15,-17.365,0.84354,-19.234,-18.388,18.536,8.7417,-15.886,4.408,20.559,13.875,7.9664,-2.3681,-1.0234,20.969,29.666,8.303,-15.884,3.1808,45.218,28.539,-20.993,-17.132,5.1964,-2.7051,-9.7151,-12.41,-18.125,-11.916,-9.5044,-12.071,-6.7658,-16.569,-26.021,-1.23,13.708,-7.5895,-17.221,-6.347,2.3842,20.788,35.193,17,6.5369,31.662,37.097,11.757,8.6576,13.824,-8.5248,-29.019,-26.988,-13.754,-3.2513,-17.744,-31.304,-6.6277,3.3419,-20.015,-5.6197,26.696,11.784,-8.5144,2.4775,9.8837,3.969,1.4123,5.822,5.7668,-6.2345,0.30632,27.687,16.333,-23.346,-23.427,0.57075,7.9561,9.9335,9.2303,-0.86072,-7.2963,-1.0958,8.6116,-0.58935,-20.099,-11.507,5.0406,-5.0955,-7.515,4.2239,-1.7179,1.8434,21.511,11.954,-9.8778,-8.8257,-2.3885,2.8606,5.0606,-12.969,-24.789,1.4795,28.579,14.5,-10.801,-5.7221,9.066,9.0154,8.5655,-2.2448,-22.302,-0.77138,30.216,-2.6104,-32.905,-0.58611,14.509,-5.54,-1.8489,-2.037,-18.03,3.004,23.444,-6.5178,-19.522,9.8547,16.957,7.6745,9.9153,-6.71,-19.827,2.1832,8.7865,-3.0632,-1.2242,-16.252,-20.675,19.397,20.882,-12.55,1.7894,11.117,-10.034,-0.20785,4.9791,-4.7057,19.948,23.274,-11.125,-16.3,-13.391,-16.457,4.2358,17.44,14.666,3.9766,-22.706,-8.9343,24.075,-16.204,-46.811,-0.38641,14.516,-5.1477,5.928,7.3697,8.3293,32.775,21.769,-6.5003,-2.7115,-2.7177,-7.4339,2.7174,-0.029802,-1.7415,12.376,2.6044,-17.909,-5.1785,12.55,-5.1838,-35.442,-32.409,-3.6482,-0.70145,-14.593,4.6459,25.695,9.5884,1.8629,12.14,6.6163,13.019,34.61,27.107,7.897,-6.749,-24.803,-10.219,11.671,-14.764,-29.698,-9.0982,-8.8193,-5.817,4.6726,-9.6136,-5.3877,3.2348,-16.651,2.158,28.358,2.3238,4.7412,19.857,-9.5714,0.31197,23.627,-15.021,-24.508,8.468,14.381,17.408,7.0013,-9.3241,14.038,-1.0497,-39.373,6.772,22.606,-41.42,-23.299,28.712,-1.5866,-9.781,23.219,3.9383,-18.487,0.23758,1.4181,-11.601,4.022,20.422,8.1175,-1.242,-0.74827,-18.048,-20.781,10.725,20.949,11.191,15.344,5.4686,-8.6072,-1.5488,-8.7252,-15.831,2.9955,-0.80629,-15.995,2.2251,5.9766,-18.005,-7.4339,25.757,25.481,0.88514,-10.21,-1.7402,4.5222,-4.3742,-10.385,-5.0343,-9.9941,-14.582,8.1621,18.645,-3.0277,3.8108,24.785,0.52576,-15.725,3.0076,0.68556,-3.3582,6.0578,-6.1592,-6.8489,7.5609,-2.6781,-4.5207,-4.7308,-23.031,2.1981,32.937,5.4175,-3.2374,12.688,-4.416,-13.397,-11.5,-11.327,16.338,12.906,-20.832,1.8695,14.643,-22.786,-13.851,13.764,4.827,9.4478,13.632,-2.0006,2.3591,7.9041,2.7012,6.4224,-1.023,-8.0371,4.1287,2.9947,-13.182,-27.008,-29.498,-1.1405,21.839,1.1473,-15.671,-3.9818,11.223,27.734,30.859,5.464,-18.196,-13.394,7.7731,13.185,-3.2513,-11.706,-5.7344,2.0246,5.9785,-6.0377,-11.131,9.8393,9.96,-8.6345,-3.3984,-2.4,-5.81,8.4011,-3.1768,-19.198,3.7147,2.7096,-19.681,-1.0514,13.914,7.9053,19.599,9.5383,-20.397,-3.049,26.343,10.902,-5.7287,4.0162,-6.2318,-30.045,-0.87274,41.649,10.524,-28.102,-5.2637,3.8196,-17.327,-16.947,-13.941,-4.005,19.077,2.9955,-16.537,10.862,20.72,0.39636,-0.88029,1.0372,-0.25622,5.867,-1.117,-8.7892,-1.8211,0.57893,2.7869,13.948,22.633,15.797,-9.3109,-17.002,2.227,-3.3284,-18.348,-0.79798,-0.65871,-29.366,-24.17,8.2477,23.848,16.917,-0.0079583,-4.3265,5.4583,8.0566,-0.13871,-12.807,-11.267,8.2521,7.5391,-7.7177,-2.1643,8.3517,21.022,29.932,-1.0959,-25.381,-5.1557,-5.6734,-23.631,-14.287,-5.9057,4.8014,19.292,-1.5084,-12.48,19.893,34.257,14.638,-13.421,-26.859,-1.4318,15.269,-6.4806,-7.4,8.3454,1.7803,-7.4398,-17.626,-20.749,-3.0073,-1.2603,-4.7728,7.5827,-2.6187,-3.7564,25.234,13.181,-9.1019,13.844,17.93,0.18922,5.7069,0.96538,-14.875,-9.518,10.011,32.087,21.676,-20.159,-19.577,10.298,2.5872,-16.68,-19.256,-19.993,-16.552,-15.859,-18.709,-11.055,-10.762,-22.093,-15.22,12.901,35.673,36.101,35.232,49.643,43.674,19.376,21.607,21.138,-8.2183,-24.62,-32.784,-49.42,-39.86,-17.72,-22.449,-29.35,-15.368,-1.5178,5.0202,19.113,31.148,19.373,5.2583,11.589,11.56,-3.3023,-13.439,-17.579,-6.4753,9.3035,-0.38302,-0.34337,30.413,35.388,8.5814,-9.3587,-13.131,-1.8376,10.573,4.8812,-2.8774,-13.27,-24.37,-11.978,-5.4388,-17.735,-5.9702,11.164,6.5503,2.3513,-9.7812,-14.007,16.183,18.111,-16.585,-11.988,7.9942,-0.26744,5.316,24.932,16.674,-9.6524,-18.493,6.8199,30.494,9.0653,-11.221,11.428,18.711,-5.9497,-9.2891,-10.469,-38.394,-39.19,-5.5769,6.0455,8.6924,22.232,6.8806,-17.095,-0.34826,18.304,11.072,10.317,7.301,-10.483,-10.562,-1.2815,-13.747,-15.081,14.587,13.378,-27.126,-21.519,20.734,17.948,8.325,33.145,29.857,0.088009,-11.58,-17.225,-9.2558,-2.6554,-23.241,-11.395,12.997,-16.948,-15.077,22.67,-3.4168,-9.5808,30.617,-1.5173,-28.885,11.425,1.3736,-17.461,18.288,-1.2268,-40.276,3.6952,36.941,11.729,4.9528,14.053,11.893,13.84,9.2514,-9.1027,-16.822,-7.6439,-2.2101,-8.2899,-14.794,-15.536,0.23038,21.658,2.0154,-28.589,-4.5109,14.706,-10.459,-5.785,11.382,-11.555,-13.007,18.037,19.092,3.8921,6.7404,16.502,9.1684,-16.086,-12.771,17.168,8.6683,-12.935,0.86904,7.6596,-1.1477,-1.1849,-14.087,-22.761,-1.0846,12.116,3.5817,-4.1027,-9.7393,-7.3205,4.8415,8.3301,-1.1892,-7.8058,2.264,11.893,1.3103,-3.2904,8.866,11.891,7.4476,-2.2179,-12.537,1.6881,3.6572,-32.711,-34.079,7.8682,23.002,13.321,5.3526,11.141,31.952,16.317,-20.404,-0.43964,20.455,-18.518,-39.269,-15.836,0.82064,5.5012,2.5169,-0.75952,2.5431,-7.0363,-10.73,5.7301,6.289,5.1872,13.633,-13.592,-42.497,-18.294,14.144,23.499,22.063,7.786,7.2815,30.04,23.908,-10.509,-11.837,12.019,2.8117,-16.619,10.992,34.143,-4.8075,-34.35,-16.466,-18.71,-42.667,-35.838,-8.0305,6.0646,-5.3143,-19.95,-6.1152,18.02,25.528,24.313,20.123,18.703,12.17,-7.276,7.4142,45.368,22.754,-14.619,12.072,30.025,0.6558,-10.264,-8.8914,-28.19,-30.907,-6.7819,-5.552,-30.756,-34.406,-28.747,-42.986,-27.283,12.666,5.0828,-3.4225,26.211,22.749,7.388,31.246,42.828,36.763,35.179,23.433,27.659,28.476,-1.092,10.088,21.387,-52.463,-91.368,-40.879,-22.947,-33.632,-14.07,-4.2574,-13.293,-17.051,-11.341,7.516,19.2,20.203,29.964,36.423,35.175,19.874,-16.376,-22.686,4.573,10.953,13.598,17.245,-3.5678,-8.9992,-2.1682,-11.49,2.3005,11.998,-19.592,-27.531,-12.593,-12.555,0.19912,-2.0958,-21.827,6.7565,25.569,-7.5022,2.6994,36.092,10.945,-12.698,-2.1411,-9.7185,-17.436,3.586,12.183,-10.025,-18.875,10.853,34.84,13.809,-15.501,-9.2652,14.481,18.33,1.154,-7.5888,-0.081517,-1.3431,-16.242,-25.175,-19.557,-0.026443,18.095,8.5786,-15.84,-10.947,17.85,19.584,-3.0537,-6.7643,-3.2682,-7.2577,10.893,24.909,-4.3508,-19.462,9.3821,19.375,-4.3877,-14.326,2.0528,10.764,-6.3179,-11.433,6.9786,2.8884,-11.536,-8.5942,-19.653,-18.386,18.242,15.174,-8.6293,18.522,21.954,-22.073,-13.987,19.319,7.4697,1.437,14.137,-0.2166,-10.433,6.4662,3.5457,-15.431,-9.0119,-2.113,-11.256,3.4778,20.974,-0.89568,-13.883,2.8062,5.9665,3.6598,-2.7588,-24.554,-9.47,24.445,8.3457,-9.3856,-9.0165,-32.651,-15.098,39.999,19.578,-18.435,10.363,28.199,20.319,21.04,-8.7667,-29.045,-0.42025,-2.8495,-21.247,8.9613,16.79,-12.795,-2.3424,13.558,-10.016,-25.75,-18.599,-2.1374,16.571,10.071,-6.1023,-0.48509,1.4753,-1.3993,12.379,19.63,13.974,-1.4401,-36.44,-43.018,-5.0535,4.089,-9.6704,12.196,30.059,10.917,3.6107,25.381,37.18,20.189,4.8344,8.7646,-0.48586,-20.148,-17.777,-18.122,-26.745,-11.86,-1.3684,-12.42,-16.865,-18.121,-9.8558,3.5362,-18.079,-27.879,14.162,22.625,-11.17,-4.2943,27.113,38.109,33.894,19.102,10.697,14.785,15.334,12.36,-2.6128,-16.195,-0.38876,4.4749,-9.4528,2.527,-2.4288,-33.437,-17.488,4.6515,-14.878,-10.694,8.7152,-14.439,-46.374,-49.698,-27.932,0.88817,1.5554,-16.545,-10.984,13.197,26.218,23.272,31.98,66.222,84.738,68.011,49.014,38.977,30.232,9.5757,-31.532,-56.614,-58.538,-75.145,-81.906,-54.237,-31.327,-28.797,-31.579,-18.508,8.4616,4.831,0.91622,41.754,46.076,9.9181,22.03,33.198,19.251,41.422,40.054,-0.47733,7.5145,26.112,10.975,2.2727,-12.859,-27.97,-16.492,-13.574,-13.887,-9.3523,-26.628,-20.81,6.4569,-14.1,-29.695,9.0089,25.547,-4.0487,-28.79,-31.918,-20.874,-3.5559,9.2818,8.3083,11.348,35.183,32.418,0.15702,8.7055,27.84,14.954,18.573,20.764,7.715,22.604,9.1451,-31.901,-11.796,3.53,-24.552,-17.957,-16.015,-34.646,-15.887,-13.564,-28.432,-6.4718,-3.6643,-8.8019,14.971,3.6311,-8.2235,21.966,24.26,18.308,22.719,-6.7639,-5.925,25.851,4.4293,-4.2218,27.327,15.344,-5.7018,1.0566,-5.8298,-8.3404,1.205,-2.9985,-8.4388,-13.941,-11.892,0.58731,-14.125,-22.256,7.0251,-6.107,-43.997,-11.831,25.308,2.613,-1.5333,25.394,20.452,5.3009,5.9325,-6.9675,-9.4541,23.603,28.408,-6.905,-9.8952,8.1041,-2.463,-9.3052,6.3453,9.9933,-1.0841,-3.5906,3.2259,-4.3274,-25.595,-19.02,10.342,14.371,-1.0159,-11.436,-17.052,-15.943,-14.141,-3.8054,20.334,20.106,2.532,5.3318,6.6111,4.7199,3.989,-22.089,-17.011,35.042,29.939,-8.0431,1.4482,3.7721,-9.005,1.5615,-7.1416,-23.057,-3.0364,18.313,20.475,3.541,-22.88,-19.167,-3.4245,-0.70912,10.706,3.0291,-19.711,-5.9303,0.64843,-12.786,9.3859,20.137,-2.7635,3.0621,10.558,-2.0633,7.943,7.6732,-17.467,-9.3795,14.467,13.012,7.4876,2.6759,-4.5658,1.9059,0.14141,-21.746,-15.621,13.325,1.1231,-20.361,8.3083,24.5,-8.8095,-19.748,0.056957,4.787,0.47579,-6.4667,-10.443,0.81466,2.4551,-3.9551,10.099,23.88,16.605,-2.9763,-14.696,6.3448,24.766,1.7433,-14.623,-4.81,0.0029266,-1.7829,-21.349,-35.116,-0.51726,17.493,-3.859,9.062,16.813,-12.198,3.6171,27.052,-9.7781,-19.763,18.477,11.561,-20.997,-7.2168,11.914,-7.2797,-10.733,13.972,11.871,5.4926,13.016,-15.937,-32.513,6.7843,9.3705,-16.52,5.1157,16.11,-2.9448,-2.0225,-0.45588,6.5927,20.97,2.04,-10.991,-7.7087,-27.691,-14.206,21.3,2.0566,-5.4142,18.156,2.905,0.24183,17.143,-14.612,-28.007,8.9132,14.004,0.47769,9.2873,11.536,-0.19467,-16.126,-20.567,1.2433,10.853,-4.5105,-0.99403,12.708,3.091,-13.326,-13.565,1.6713,14.652,7.0518,-9.1063,-11.488,-2.9572,2.9595,3.732,3.5445,4.0278,8.8121,15.883,11.867,1.6394,-4.9065,-15.043,-10.975,9.3738,-3.5154,-29.481,-7.7367,19.175,7.6356,-6.2683,-8.8271,-0.75945,13.477,-4.0032,-23.257,9.4916,27.356,-5.2166,-5.638,14.541,-13.262,-23.212,21.587,24.06,-14.674,-6.611,18.041,13.927,7.8229,-6.1121,-17.519,-0.71435,-5.4656,-23.378,2.4198,11.532,-14.12,-0.42608,15.046,-6.523,-6.4067,11.759,10.039,-11.335,-35.29,-13.511,26.603,10.943,-5.0294,9.6584,1.9516,13.282,33.689,-8.3371,-22.828,22.385,11.06,-25.633,-9.047,12.416,8.1871,-11.169,-23.193,-3.3543,5.5189,-4.4526,7.643,2.2336,-17.137,6.3701,17.5,-10.218,-13.637,-3.3824,-4.4864,-1.0853,0.32236,2.0705,0.96889,-5.0431,10.378,10.511,-20.918,-3.0315,37.201,20.568,3.0387,8.68,2.5946,19.25,30.943,-17.957,-46.275,-10.8,5.7081,-15.082,-22.223,-8.1092,3.3097,-6.2183,-20.144,-6.3393,6.3221,-14.358,-11.609,28.47,19.684,-18.415,4.8734,31.074,2.6703,-3.3975,17.484,10.34,2.8901,4.5236,3.5105,19.405,20.875,-2.6968,-3.8302,-1.2191,-12.163,-7.5552,-7.514,-15.162,-8.7552,-16.135,-28.383,-20.766,-19.867,-14.121,4.3427,-0.38619,-6.0755,3.2458,-0.93074,3.3187,22.983,25.748,21.274,18.944,20.023,28.956,19.344,9.3747,31.01,31.196,-0.75918,-10.932,-10.938,-19.193,-30.642,-55.66,-62.425,-36.183,-24.006,-21.429,-7.0692,-6.4802,-9.0423,12.414,33.947,29.283,16.505,26.29,38.673,25.776,23.914,35.207,15.205,-6.8684,-9.515,-20.467,-16.102,-4.3277,-23.315,-19.687,10.434,-5.9371,-25.603,5.0786,20.366,-8.5129,-28.587,-15.396,1.6924,-5.3942,-13.335,-4.9875,-6.5477,-3.4237,21.138,21.952,2.9184,9.2454,19.608,12.044,3.3235,-4.6008,0.96415,26.49,27.292,-5.6911,-17.449,-2.9942,-3.7703,-10.934,-6.7946,-10.341,-13.254,-5.47,-10.57,-9.4795,9.721,-0.060713,-15.103,8.4535,12.952,-11.415,-6.6813,5.3568,1.7371,2.2844,-4.8592,-6.3934,13.818,13.083,-3.735,6.3236,18.982,5.7886,-5.7604,10.943,25.633,-4.4554,-32.544,-5.8337,13.447,-6.9869,-6.9151,12.378,1.7866,-33.679,-43.102,3.9519,37.651,-1.3466,-22.8,15.182,19.858,-5.8605,3.8346,10.522,-13.391,-14.273,12.58,8.281,-21.141,-15.19,6.7967,6.1178,16.793,22.777,-5.2151,-2.9897,19.115,-0.085314,-8.093,11.055,15.371,14.359,-16.767,-49.189,-8.9158,5.5826,-34.832,-3.1546,24.687,-18.827,-3.9858,23.99,-13.066,-2.9569,34.219,17.853,5.6826,-3.0467,-11.583,14.439,3.5725,-28.041,3.0548,13.869,-17.9,-6.4141,-0.73863,-26.379,-6.5734,34.816,30.389,-4.8594,-10.987,23.342,21.078,-21.207,-17.446,1.6257,-8.0623,-1.19,-1.6532,-20.83,-5.3265,4.8306,-12.619,-8.4237,-7.063,-10.053,18.803,32.855,17.924,9.1261,3.654,13.773,16.969,-17.162,-19.671,4.2473,-19.642,-29.865,3.5837,7.8517,-3.1066,-6.0034,-8.2836,20.325,30.066,-12.667,-12.419,14.932,-7.0288,-4.4146,30.766,5.6421,-28.33,-5.4106,10.758,-5.1169,-16.171,-15.407,-2.2981,10.004,-1.5153,-9.0571,10.955,20.479,5.9319,-1.9422,-3.1984,-2.9028,11.629,17.565,-2.0562,-14.448,-7.096,0.51963,-0.39856,-7.8367,-9.1814,-8.8072,-16.364,3.0482,35.928,11.189,-28.561,-7.2499,23.811,16.508,-0.70888,-4.5105,8.3197,7.8932,-14.711,-10.919,2.8964,-6.4704,0.44791,-1.7892,-35.469,-17.477,26.001,10.766,-4.4572,6.8831,-1.0169,1.574,18.571,12.506,1.426,-7.0089,-11.8,0.74157,5.6727,6.6921,18.438,3.0197,-16.731,2.4181,7.7372,-15.204,-12.619,4.9159,3.6508,-6.7695,-11.906,-12.202,-9.5354,0.9015,3.764,-13.417,-13.85,3.2329,6.4218,24.524,37.8,2.5292,-10.148,4.2552,-17.001,-4.4905,33.985,2.515,-11.4,27.114,6.3933,-18.541,10.706,3.5594,-19.035,-1.4421,4.4632,-8.4842,-21.875,-31.95,-12.371,-3.7284,-33.823,-35.957,-9.3103,12.332,46.205,57.468,26.558,9.5468,9.3115,7.1048,15.832,17.024,4.1104,-4.961,-15.284,-18.405,-15.009,-26.87,-27.628,-1.5335,10.667,4.3615,6.0117,8.4021,-1.0798,-9.9945,-2.9593,5.6092,-2.4764,-4.2534,6.8268,-2.6156,-18.826,-4.8958,13.79,3.427,-11.468,-1.6496,10.044,7.3018,19.679,30.89,3.7369,-10.576,6.2407,-3.8645,-11.257,7.7383,-8.861,-22.382,11.063,8.6608,-17.497,2.1049,9.6827,-5.8987,8.4165,10.787,-8.7111,-7.1017,-13.173,-25.12,-10.628,-9.7605,-22.194,-8.0114,2.0325,2.3975,22.991,32.151,18.731,13.548,7.8955,2.5312,12.521,17.175,16.375,17.943,2.2012,-8.0297,4.4579,-2.4665,-19.027,-18.719,-39.179,-58.393,-28.851,-6.8116,-12.474,1.6958,8.1561,-2.6242,13.954,24.361,12.565,28.025,38.776,14.327,8.9747,15.491,-4.2369,-14.885,-3.3996,-0.60026,-5.7792,-3.7525,6.02,1.9932,-24.457,-27.169,1.2187,2.4631,-14.452,-5.2378,10.368,13.788,6.8374,-10.563,-8.6146,9.9872,1.3606,-16.388,-14.963,-10.324,4.5727,18.982,5.6779,7.8848,29.778,6.6513,-21.564,5.7001,25.137,2.5533,-13.896,-12.429,0.34615,15.911,6.9958,-11.289,-12.253,-12.873,-16.975,-12.808,0.41947,19.245,13.43,-11.248,2.111,20.137,-6.021,-12.627,4.9928,-10.275,-14.582,0.31571,-14.617,-6.1251,32.182,20.204,-1.2909,15.563,13.189,-6.5345,-8.8705,-7.9466,2.7109,11.931,-3.8189,-13.218,-18.001,-28.481,3.1065,38.929,8.7773,-17.197,4.3778,6.9286,0.21348,18.887,8.7763,-30.715,-26.647,9.0771,14.903,-3.0199,-15.202,-16.405,-0.61008,14.518,4.1819,-0.0012948,15.698,8.4079,-7.9696,1.1371,4.8235,-0.25311,5.0019,-3.054,-6.0463,16.675,14.944,-4.1089,-0.69557,-9.047,-22.214,-5.5303,-2.9712,-15.386,1.0032,10.708,-2.7753,-2.8728,0.634,1.0348,11.049,12.936,7.6736,3.7495,-4.6856,4.0674,10.896,-23.863,-35.746,7.5454,19.995,-5.3561,-11.511,-8.9513,9.4117,40.982,18.593,-22.926,-4.906,7.5446,-20.535,-7.3992,27.454,8.6604,-22.782,-16.537,3.3064,9.0054,-4.0464,-8.5425,13.171,15.62,-10.417,-11.838,-0.77391,-5.3242,5.7742,11.323,-21.016,-23.11,20.938,27.667,-0.20611,-9.0308,-10.092,-3.6892,12.655,3.3731,-6.5415,15.537,13.441,-20.23,-22.707,1.0897,22.138,27.281,-3.7442,-18.785,21.132,25.288,-23.442,-24.919,4.7409,-5.1374,-23.554,-16.554,-3.6076,-9.5815,-26.666,-6.0312,30.646,10.381,-11.662,26.595,46.539,19.512,2.0709,-3.2866,-1.1832,5.4324,-5.4521,-7.871,1.8074,-11.595,-17.211,-3.9325,-6.2724,-2.527,2.4333,-13.615,-5.8378,5.8022,-11.888,6.1204,24.782,-17.469,-16.997,21.584,-14.162,-33.067,26.337,39.584,10.373,12.58,3.0892,-15.871,-12.1,-14.933,1.0812,38.404,15.194,-30.615,-8.1231,19.568,-5.7536,-18.403,-0.82348,-3.6988,-14.223,-3.2764,0.61757,-3.7977,13.674,19.188,-7.7108,-11.384,6.5905,2.574,-0.60202,-1.5723,-19.441,-9.2748,19.945,9.5971,-5.7903,2.7056,0.44913,-2.531,6.3961,9.3758,7.17,-7.7635,-14.785,17.716,27.433,-8.9422,-12.252,5.4298,-7.5341,-15.784,-7.5979,1.4624,10.298,-3.9622,-12.305,11.395,1.2564,-25.122,0.69359,15.702,-4.2361,0.67846,-3.0759,-21.894,3.6833,21.876,-5.9319,-2.3179,32.708,24.686,-15.993,-29.886,-1.4462,26.621,8.7596,-20.736,-5.3542,18.422,3.4077,-7.55,8.9197,10.557,1.9971,4.4956,-4.5213,-13.85,-13.966,-27.98,-19.439,5.8843,-18.638,-28.08,9.5107,-3.277,-3.3137,59.172,31.049,-34.107,15.185,41.404,-9.2213,0.87546,22.085,-1.1403,1.4432,-7.1894,-29.924,7.0443,26.746,-19.832,-30.523,3.952,9.7181,-6.8341,-8.991,-0.71333,-0.073023,-0.11278,3.6576,-7.4967,-16.278,-4.2778,-1.3519,-2.5807,4.6886,-4.976,-8.6688,5.8541,0.32107,0.91654,22.338,18.601,8.3845,8.7332,-4.5536,-1.2763,16.368,11.282,16.643,27.224,1.1415,-21.103,-15.4,-7.6175,-2.0424,-11.125,-20.556,-3.327,-5.1478,-32.409,-27.917,-14.426,-25.924,-29.861,-12.028,14.384,23.91,3.8674,0.7458,28.721,46.833,57.1,54.567,28.131,28.716,43,8.4262,-24.111,-18.93,-31.988,-48.92,-41.815,-50.288,-54.337,-24.704,-14.543,-22.321,1.3791,20.091,4.9698,3.8588,23.85,28.2,16.723,7.8819,14.448,28.874,21.958,11.953,32.237,30.507,-20.067,-36.216,-4.6024,-5.3635,-22.468,-1.1309,11.442,-13.693,-19.647,-0.79082,0.82254,1.272,9.3131,-14.8,-45.56,-23.688,14.484,15.45,-0.49158,-12.058,-10.373,14.263,24.686,5.0229,6.6131,30.127,31.334,17.161,-1.335,-21.683,-16.501,-0.1761,-4.483,-4.4955,2.4338,-11.349,-17.046,4.4621,14.266,-1.5194,-18.522,-10.82,19.196,22.952,-5.021,-7.5037,5.771,-7.1952,-17.668,-6.2372,5.9344,8.2399,-11.373,-27.887,-1.1787,21.714,3.8533,-6.9733,-0.38133,6.6283,18.51,12.661,0.69975,12.321,6.724,-4.1309,23.23,12.65,-39.754,-19.479,23.761,-5.2548,-26.45,0.30443,8.0427,-0.71987,-8.1062,-25.944,-20.53,12.825,25.968,20.414,12.357,-7.5183,-17.099,-8.5044,-12.784,-12.876,5.4132,-1.2581,-9.7008,27.397,40.092,-5.6441,-20.463,9.1804,21.088,16.119,3.5062,-14.29,-6.446,7.0922,-8.0303,-13.904,1.5255,-3.6519,-15.271,-1.8406,3.318,-16.773,-19.012,1.6618,9.3418,11.229,12.33,-7.474,-13.329,12.306,11.49,-7.9615,1.8245,4.3124,-12.348,-2.0665,16.036,7.5238,-3.5653,5.6012,21.952,18.573,4.6823,7.1713,-1.2948,-23.359,-12.353,-5.8797,-35.057,-27.848,7.7642,2.2843,-7.7806,8.796,12.765,3.3286,0.3272,5.9678,18.761,14.327,-12.066,-19.486,1.7489,14.404,0.91431,-10.169,5.3454,17.511,-1.3236,-19.648,-5.994,21.2,21.005,-10.7,-21.478,4.2079,10.211,-12.706,-16.649,1.4837,10.746,1.6676,-12.681,-13.796,2.1671,19.768,16.444,-2.3268,-1.339,5.7704,-12.422,-16.484,0.99075,-6.6863,-11.315,6.9274,7.9378,11.071,23.717,8.2649,-3.1124,2.0228,-10.408,-9.1242,5.1118,-8.0231,-11.649,0.59029,-7.4074,-5.2325,10.565,8.7552,6.2172,1.0086,-8.1474,5.5849,11.249,-5.8412,0.011694,14.347,4.8518,-9.0603,-20.559,-23.355,-7.7773,-0.40755,-4.6732,2.7787,7.8515,-1.3047,0.44847,21.969,31.364,14.359,5.5339,7.3295,-12.347,-23.233,-7.5823,-12.92,-18.337,7.0544,3.3552,-17.981,7.2451,24.269,-1.8074,-4.21,13.149,5.7332,-2.8317,-3.2302,-12.623,-13.533,0.842,10.666,8.0768,-3.318,-6.6729,6.4926,11.015,1.4877,-0.43796,-4.3523,-17.27,-16.605,-4.2872,6.5137,16.445,11.987,-3.2897,0.77573,16.941,14.171,-6.5322,-16.807,-1.7032,9.4037,-4.0232,-12.817,-10.987,-9.728,5.3566,11.229,-5.0185,2.9178,18.921,4.243,-9.9695,-16.843,-10.606,25.629,21.917,-24.653,-20.108,0.47742,-5.9437,8.9806,9.0107,-12.393,7.1291,8.8908,-15.696,12.412,23.57,-10.61,3.3834,18.191,-15.64,-21.746,-3.2862,4.733,17.12,13.57,1.5683,5.8009,1.0461,-3.9422,-0.40197,-11.438,-13.518,-10.212,-24.371,-11.678,10.394,-12.27,-21.708,8.2011,13.348,-5.0965,-6.6142,10.761,29.598,28.502,17.351,19.009,23.124,18.383,-1.2786,-26.958,-20.856,1.7622,-4.8602,-17.619,-11.585,-6.9135,-12.265,-16.907,-3.1112,8.0309,-19.308,-26.953,14.057,14.216,-15.422,4.8461,23.692,2.117,-11.759,-10.207,5.0993,28.875,25.159,10.815,13.981,17.619,21.13,20.959,8.7451,-0.26511,-12.073,-20.564,-16.097,-35.145,-48.296,-16.127,-12.94,-31.853,-2.0573,5.975,-23.121,-0.67159,29.837,21.876,24.393,25.09,17.405,24.327,8.8494,-10.792,7.3483,12.257,-2.7187,-3.2016,-13.877,-15.487,13.269,13.897,-6.6677,0.48448,-1.8968,-29.825,-32.488,-7.9649,2.1479,-5.9007,-4.7804,4.3159,1.1139,-2.6374,-0.93566,-5.741,7.1274,33.214,22.177,-2.066,3.9611,7.3292,-5.1604,-12.214,-18.018,-8.9139,16.088,15.731,3.0596,9.0222,0.93917,-17.537,-1.6698,18.291,5.7814,-5.8667,-3.4434,-6.314,-12.462,-19.949,-17.042,7.3686,11.33,-11.338,-2.5627,14.783,-4.2866,-10.078,6.1505,3.0589,4.6276,7.8459,-9.7548,3.1539,33.368,11.804,-17.106,-5.815,7.1164,7.5356,0.019867,-9.8134,1.5302,9.6453,-9.7294,-17.129,-2.8012,5.9246,0.79856,-17.503,-16.07,20.309,28.83,-3.4562,-12.465,-0.32248,-6.6039,-15.299,-6.919,2.8303,3.7498,4.7295,3.3483,-6.9754,-6.2837,7.872,10.237,10.391,11.276,-4.8932,-3.1791,20.692,9.5971,-12.414,0.010585,11.498,6.8833,-2.8069,-17.896,-12.217,-0.66167,-19.194,-22.88,1.6298,0.46359,-13.176,-6.7153,5.9273,15.924,9.259,-8.5207,3.8092,28.058,20.096,3.8848,6.6236,10.379,-4.8282,-28.651,-22.724,9.3151,11.621,-10.489,-1.01,27.377,21.676,-12.399,-29.021,-21.438,-16.986,-13.208,3.3348,13.184,6.5885,2.1093,7.4763,15.414,16.005,10.234,8.672,1.1273,-18.29,-23.407,-9.4683,1.2898,5.2811,3.7994,-5.4003,-9.6901,3.1191,18.98,6.1761,-25.624,-20.941,17.892,29.76,8.1987,-8.0095,-8.427,-5.3201,-3.4306,8.2452,23.297,11.839,-14.03,-19.3,-8.5329,8.6701,18.247,-3.6748,-26.149,-17.163,-7.5373,-3.9799,10.19,10.762,-7.2788,-12.464,-0.46908,11.888,18.647,19.556,7.9774,-9.1072,-4.0589,10.831,2.651,-2.0588,10.254,2.1632,-14.281,-9.7461,-0.30991,3.6647,-4.8157,-22.216,-16.175,2.8394,7.463,9.1679,0.95469,-15.142,-10.798,-2.3775,2.8159,17.829,15.424,6.2653,14.563,2.7042,-14.21,2.237,9.5094,1.1079,7.7502,6.6087,-5.058,-12.47,-17.226,-3.5647,2.1913,-19.73,-9.0668,19.819,4.9574,-4.95,10.985,-0.50899,-18.39,-12.745,-3.6506,9.7857,15.252,0.098802,4.5134,25.654,9.7579,-18.037,-2.6719,12.07,-15.414,-19.731,13.4,10.466,-2.3955,18.411,7.473,-24.127,-8.5688,4.9119,-5.8729,1.0546,-4.5817,-22.849,-13.944,-9.5282,-7.9706,19.439,25.744,1.3927,-6.0846,5.9147,20.78,19.032,-2.0498,-4.2883,9.241,8.7366,1.6925,-12.317,-20.063,-3.1089,1.7242,-5.452,-0.87443,-13.909,-10.666,28.412,5.2626,-44.929,-10.534,18.448,-15.919,-11.498,19.856,12.072,3.4967,8.6985,7.3717,6.5498,2.2022,4.0926,20.292,20.63,4.3582,-10.639,-23.812,-17.319,1.5046,5.2843,7.3375,-2.1106,-29.37,-12.934,27.548,8.3748,-20.933,0.77073,11.187,-12.692,-25.363,-20.253,-2.8987,15.993,12.181,-3.0447,-11.38,-7.0799,19.779,36.889,19.28,12.188,20.427,7.0874,-0.42105,13.884,12.712,-8.3794,-28.371,-24.189,2.4441,-6.5527,-39.776,-20.674,1.337,-26.53,-19.652,19.732,4.6048,-19.537,0.69991,18.141,15.883,4.6242,-5.5303,15.728,33.104,4.6501,-3.0011,29.306,28.584,10.697,18.135,10.27,-13.353,-15.019,-13.487,-12.519,-3.0113,-16.509,-34.252,-20.036,-17.692,-31.637,-12.483,7.1211,-4.1471,-11.081,-12.82,-8.0876,19.411,24.324,1.232,12.529,41.452,44.441,41.444,37.936,27.677,23.073,12.464,-10.548,-30.462,-42.834,-44.009,-44.634,-51.765,-32.248,0.092818,-8.7562,-21.323,10.534,33.353,15.476,6.8165,20.669,11.782,-18.143,-16.205,8.7085,10.972,15.878,38.904,35.954,19.186,13.179,-10.632,-22.474,5.5795,-1.5684,-44.212,-27.775,17.487,5.8366,-19.267,-3.0781,6.2073,-10.802,-4.5309,7.1748,-23.402,-41.509,-7.1308,9.7739,-2.6884,14.924,33.055,12.327,1.9656,14.868,13.283,11.779,23.458,16.964,-4.7202,-13.589,-9.7745,2.2116,6.1369,-18.859,-34.6,-11.117,2.1595,-7.4319,-0.8146,1.6994,-12.6,-2.1395,16.134,1.5939,-10.497,5.1534,4.1897,-17.159,4.5131,47.052,18.227,-30.58,-6.9865,13.361,-5.9907,3.937,1.7234,-19.045,15.752,26.37,-13.354,1.1822,3.5898,-29.632,15.833,35.076,-33.529,-27.66,3.9137,-25.595,-1.4269,25.452,-15.992,-6.2809,13.476,-17.211,16.402,54.448,4.7824,-10.56,14.4,-13.667,-37.596,-11.784,17.422,10.658,-18.993,-6.1375,18.668,-12.422,-11.587,30.311,5.3184,-7.0294,37.963,7.7173,-45.919,-11.372,14.918,-5.4885,1.9194,13.358,-14.261,-39.701,-11.57,32.012,9.3002,-27.311,2.1803,20.422,-2.7379,0.62262,10.23,18.965,37.376,3.4924,-30.842,0.1342,-4.1298,-33.806,-5.6192,4.6666,1.947,34.516,-1.4886,-53.305,4.9456,34.265,-17.401,-8.9503,18.143,-0.80982,-0.77942,-5.0089,-20.441,11.833,28.961,-2.0309,-6.4591,2.1888,-6.3019,0.17381,2.1513,-14.635,-9.6188,12.591,18.922,13.396,9.7757,1.3634,-9.762,1.2333,6.8946,-31.299,-38.369,9.4781,0.56306,-38.172,-5.1457,24.456,7.2095,19.783,36.643,11.324,-7.2837,7.7283,30.197,14.932,-29.488,-21.146,9.936,-21.229,-39.215,-1.547,0.49302,-21.448,-4.3042,20.243,15.27,-15.658,-22.888,25.283,43.804,1.8466,-7.9468,13.951,14.459,9.1743,-0.53949,-6.1239,4.9053,-10.13,-35.08,-22.871,-6.5055,2.1635,10.24,-0.66462,1.1389,11.838,-5.0945,4.6887,29.27,-4.3096,-24.492,-0.081612,-11.268,-17.145,16.187,12.675,-6.7588,6.0325,11.291,8.3719,13.2,7.4742,0.031042,-9.232,-20.324,-9.9609,-4.5064,-11.074,11.702,22.302,-8.7565,-8.0541,17.595,2.7198,-16.614,-8.9519,-2.7303,5.369,7.3188,-12.867,-12.837,9.4824,5.8504,0.28799,13.542,2.5837,-12.036,8.6692,11.842,-17.168,-15.977,6.1443,5.5559,3.0354,8.1129,-0.24496,-3.7466,12.066,14.989,-4.471,-13.781,-4.7583,1.5098,0.18443,-2.767,-4.4753,-0.27291,1.2397,-1.3312,11.687,17.532,-11.476,-22.96,-0.24181,-5.6034,-22.561,-9.9304,-11.874,-18.81,14.953,31.599,11.679,15.532,15.851,-7.2607,6.034,25.322,4.4653,3.4395,19.215,-1.7952,-17.211,-8.642,-10.152,-2.6384,0.96291,-20.733,-9.7896,10.624,-22.672,-28.203,13.53,-4.7023,-38.975,-5.4333,16.104,-6.3685,-4.006,15.021,20.137,23.673,20.049,12.299,16.598,13.665,-6.1365,-11.036,11.38,27.134,14.804,3.2117,9.5663,5.5078,-13.448,-20.51,-23.28,-35.235,-31.092,-16.724,-37.058,-56.102,-14.448,15.736,-13.047,-6.2466,32.751,21.881,21.281,51.686,30.542,10.595,41.65,38.579,12.787,27.461,36.936,15.153,-15.192,-43.253,-48.221,-44.24,-46.949,-31.245,-26.354,-48.16,-31.581,11.204,12.427,-1.0156,18.846,38.615,11.28,-11.1,33.566,55.479,4.1824,-4.0284,24.92,0.86786,-8.2869,16.953,3.4167,-7.0518,1.469,-19.26,-22.49,6.0335,3.0176,-20.694,-12.986,23.109,21.931,-30.843,-37.687,-0.028687,-3.1257,2.5804,20.061,-20.011,-23.871,24.671,0.41944,-29.699,7.3779,17.034,0.27699,7.3207,20.272,33.648,11.527,-25.323,8.7422,36.051,-1.9618,3.9143,25.568,-18.848,-39.702,-9.5808,-1.4688,-7.2416,-9.0527,-13.288,-4.2044,7.7919,-2.5166,-25.41,-18.277,23.818,24.137,-22.79,-18.034,22.486,13.45,-11.84,-6.9817,1.3271,4.167,14.65,21.321,13.756,12.778,17.971,-4.7012,-19.882,9.0021,10.822,-12.934,9.3138,15.125,-23.687,-21.893,-3.5531,-9.1562,-0.34958,-4.257,-28.282,-22.4,-11.522,-8.7027,6.0849,1.3743,-12.58,1.45,27.189,46.852,32.643,-8.5612,-7.5065,14.805,10.338,16.06,12.453,-15.88,-0.077646,24.704,-4.611,-28.865,-21.272,-6.89,8.7885,-0.76847,-22.41,-22.433,-22.52,-16.698,-6.0804,-22.757,-12.514,31.835,18.293,-10.518,19.448,38.765,21.495,9.7924,-0.13059,7.6593,28.781,10.25,-17.874,-10.304,-2.5533,1.2014,14.29,0.049546,-24.651,-9.4721,4.3079,-23.302,-35.764,-8.7087,1.3057,-11.418,-3.5654,4.5409,-13.908,-13.083,18.789,22.534,-1.658,-0.43876,16.738,14.844,5.9725,8.3916,19.943,33.256,36.815,24.86,-3.3934,-36.442,-42.206,-26.495,-23.133,-16.593,-3.4648,-10.417,-9.8845,-0.44365,-9.1195,17.133,49.785,-5.1874,-35.658,31.507,28.133,-41.933,-23.715,8.7119,-17.57,-6.7359,29.47,23.192,11.413,11.463,3.7458,-4.0425,-3.2463,13.335,19.774,-9.2856,-15.882,12.615,3.6572,-17.47,1.7319,9.1406,-7.5133,-8.5457,-11.349,-17.016,-16.936,-39.043,-47.022,-10.286,10.909,21.461,49.521,37.928,8.9097,11.886,-6.3389,-13.883,25.926,11.3,-14.292,35.474,28.124,-26.037,9.505,16.607,-42.599,-19.274,8.6602,-32.837,-31.105,-16.695,-27.678,11.403,33.226,-5.4592,-6.9722,13.577,10.338,10.396,1.8365,2.1977,20.206,-6.5741,-33.916,-1.8131,15.991,6.8401,14.346,5.495,-9.973,5.6526,16.027,7.019,2.3767,-1.0744,-1.0069,8.2084,11.565,-1.3742,-20.136,-23.197,-13.052,-11.726,-18.978,-23.861,-14.42,9.858,13.215,-5.4865,-2.8719,10.803,15.123,24.578,22.431,4.3678,1.4838,5.2393,2.3646,0.85832,-1.7926,6.6272,16.91,-3.7967,-19.532,1.3343,9.5912,-10.188,-21.644,-18.873,-14.285,-12.267,-8.2827,0.18301,6.6209,16.592,20.031,0.0014803,-5.6543,8.6853,-7.463,-19.767,12.108,26.056,2.3028,-14.375,-11.624,8.7775,16.396,-9.2594,-11.465,16.03,17.12,7.7316,3.3493,-10.85,-6.3913,1.4728,-18.195,-11.925,16.348,0.67392,-20.398,-4.5711,-0.296,-12.315,2.7142,24.48,9.2058,-11.783,8.7684,20.13,-17.424,-26.132,7.0074,4.2745,-7.6277,3.9648,-11.519,-19.993,17.95,31.552,15.481,15.744,6.4986,-9.4541,-8.4093,-11.326,-9.3271,-1.4681,-5.0993,16.014,33.59,-14.258,-39.594,6.2321,10.465,-34.851,-33.324,4.8667,26.255,22.812,3.0948,-11.741,-14.565,-9.4991,11.498,25.977,10.805,-1.8492,6.1503,7.8146,-4.8572,-11.216,-2.4124,4.9621,2.1618,3.7184,7.0763,0.14258,-6.1333,-6.9594,-5.9939,-2.5196,-8.7827,-18.372,-7.5501,8.0959,6.5798,0.50839,6.276,20.736,17.571,-4.3547,-7.8714,-7.381,-22.401,-5.5163,19.975,-10.196,-32.298,2.0888,22.716,10.472,3.8229,4.8458,10.072,12.749,6.0582,2.9927,1.3824,0.35228,1.5059,-20.942,-42.069,-8.2655,30.315,11.994,-12.551,2.1901,14.63,-3.5251,-12.925,4.4896,3.66,-18.637,-11.166,11.247,2.7063,-10.463,0.61642,3.8118,-11.292,0.19731,32.168,17.624,-16.762,2.6179,21.84,-1.8844,-2.166,8.3923,-8.1003,-4.5184,-3.1542,-27.045,-5.374,23.173,-4.9251,-10.999,10.366,-0.91159,1.6564,15.677,-9.1193,-17.735,7.8155,5.3294,-19.095,-22.423,2.005,17.8,-9.5159,-21.384,19.736,25.338,-13.674,-7.0169,21.543,17.085,13.844,18.376,3.0045,-12.053,-3.7917,8.07,-5.0192,-28.096,-23.196,-5.6083,0.18847,14.459,18.782,-10.894,-18.438,5.3777,2.2754,-5.0255,4.8245,-11.717,-15.178,24.573,12.946,-33.977,-0.10679,44.793,1.9654,-34.254,-5.601,14.181,6.8639,5.4091,10.711,10.86,-6.8184,-20.287,1.9893,14.556,-11.825,-11.292,27.817,31.667,-4.1117,-15.089,7.0761,14.46,-1.8312,-9.9421,-12.628,-27.139,-37.203,-30.905,-12.866,5.2173,2.0564,-6.5096,5.0624,13.714,16.918,26.905,20.689,15.757,20.628,-9.1183,-26.16,9.4573,8.5442,-19.287,8.6827,36.659,26.595,21.761,17.63,16.538,5.4553,-43.798,-56.22,-25.409,-41.159,-43.161,-3.1694,-25.441,-51.947,-11.521,3.3481,1.5315,26.733,17.974,11.154,44.473,43.966,36.892,67.193,59.416,20.267,17.366,15.742,-11.01,-21.126,-16.439,-37.817,-66.093,-53.604,-33.447,-42.13,-34.953,-15.272,-15.726,2.9026,23.017,5.1088,8.9922,28.181,11.83,16.445,41.531,24.501,1.562,0.81462,10.914,35.283,29.733,-2.5415,0.3511,3.1643,-15.638,-8.6395,-3.2507,-19.006,-21.966,-21.695,-16.037,-1.8652,-7.4622,-10.49,-9.18,-26.386,-9.3905,26.81,10.462,-4.0793,10.077,-6.7887,-21.199,-0.092003,12.516,15.782,18.032,7.023,1.7514,10.784,20.899,19.641,10.838,24.802,34.995,-1.1686,-26.044,-20.017,-29.825,-20.955,2.7348,-16.165,-24.566,-9.3505,-29.055,-24.519,18.724,6.8117,-22.939,-2.8582,14.988,11.678,14.125,20.039,25.856,11.265,-13.167,4.9275,28.675,5.9313,-10.659,2.1556,9.2689,11.705,4.5474,-11.483,-5.2517,5.0718,-1.6873,-6.5625,-23.696,-38.927,-10.149,5.2477,-21.832,-12.051,19.974,7.6149,-9.5403,-1.706,12.249,24.053,4.1182,-20.057,6.1909,15.015,-11.137,13.204,28.125,-17.238,-9.627,29.895,0.78336,-17.247,17.205,19.762,-0.36447,-0.46923,1.6247,4.8977,2.784,-17.052,-27.855,-21.823,-18.481,-23.751,-30.046,-12.692,17.036,7.7744,-14.636,5.1803,25.782,13.695,17.644,41.444,35.746,12.262,10.449,13.163,-3.1124,-19.177,-22.566,-21.945,-20.993,-22.206,-15.821,4.1358,10.526,3.2509,8.1499,5.7193,-3.2997,11.083,8.74,-22.45,-17.108,-0.23533,-22.667,-20.417,20.919,25.242,5.2493,9.6008,15.127,11.296,14.138,9.193,-6.586,-7.9673,5.9603,5.7088,-15.931,-20.567,-0.0048441,-4.6585,-23.441,0.50201,24.177,4.1237,0.96828,14.18,-10.229,-22.842,2.9423,0.3352,-22.941,-13.207,13.314,24.589,8.9708,-12.994,1.1526,24.293,10.881,-6.2405,-5.7993,-5.889,-3.0985,-1.5034,1.4169,16.236,10.159,-14.672,-12.426,-2.6295,-5.2602,4.5304,10.417,0.31428,-3.373,-9.3949,-13.619,1.8694,4.2512,-11.251,-0.47702,17.951,1.7837,-13.621,7.7742,23.697,8.7732,2.8129,6.3944,-12.02,-22.738,-4.902,1.1256,-12.303,-11.082,8.7366,14.652,-3.6097,-2.8007,15.814,-1.9072,-13.627,22.128,23.07,-15.887,-17.7,-0.72788,8.8269,4.3735,-24.991,-6.4324,45.867,9.3029,-40.1,-2.1309,20.295,6.8792,9.8053,-20.787,-47.964,-8.0987,17.701,-0.1322,-3.008,10.211,17.23,3.0375,-17.796,-5.8933,12.699,10.915,12.452,9.2003,6.2384,16.005,0.6804,-17.609,-2.0549,-2.7845,-20.883,-15.587,-0.77328,19.695,22.2,-16.79,-26.181,9.554,14.792,-6.6227,-14.099,-1.6099,14.246,-7.0362,-32.297,-12.024,-3.8887,-5.5463,32.786,41.47,9.4088,6.6126,4.8072,-3.8083,5.1094,-8.7099,-18.896,3.3242,-2.7138,-13.115,8.6354,5.6444,-4.8235,12.518,9.7609,-8.6067,-7.7706,-0.35329,3.664,-5.4765,-16.865,-11.326,-14.506,-10.258,21.199,14.363,-15.013,2.4302,9.3788,-18.777,-14.27,8.0228,12.03,15.049,16.3,10.305,0.97794,2.9991,25.307,17.796,-12.603,7.32,13.969,-37.83,-24.534,32.304,-3.8394,-56.133,-28.409,-0.71023,-6.2894,4.1037,19.481,9.9613,-6.8731,-0.48206,17.153,9.8953,-6.9819,-3.4563,-1.1927,-8.8934,-2.509,7.8228,1.8907,-2.7214,10.523,23.028,17.149,4.303,-6.496,-15.38,-9.9792,6.8933,17.409,20.855,10.292,-12.247,-13.94,-2.6607,-10.193,-12.84,0.76123,-9.5915,-39.525,-35.519,3.7445,17.758,-6.2914,-11.676,3.335,-4.577,-11.489,2.4269,7.0556,10.967,23.657,30.854,49.186,59.869,32.665,15.688,17.296,-5.3129,-20.199,-14.29,-27.924,-37.21,-30.317,-50.387,-69.95,-41.478,-7.8247,-12.248,-16.443,10.228,25.785,16.988,30.199,47.493,28.502,12.338,17.059,23.158,38.065,34.013,3.5819,-3.8463,-17.522,-47.658,-17.074,23.877,0.31923,-11.626,-7.0678,-37.852,-34.986,-1.0357,-15.817,-26.644,-0.24998,-2.688,-12.565,16.15,36.56,21.448,4.2148,1.4066,1.8194,2.3837,10.525,12.337,-1.6336,-0.33591,15.459,5.2068,-11.113,2.2496,12.817,3.1279,4.1216,7.0153,-12.922,-28.24,-22.543,-16.287,0.59987,21.952,1.6957,-20.692,12.707,27.694,-14.694,-27.066,-0.95169,1.9363,-7.0363,-7.0605,-4.2972,0.88445,-0.12225,6.9923,28.922,22.933,-2.6706,-1.4919,13.759,21.841,9.8228,-18.398,-7.6871,14.693,-22.426,-35.152,18.371,20.041,-18.058,-9.935,-4.8977,-12.197,7.0851,-0.33548,-27.942,-10.754,11.256,3.3111,-2.3721,-5.9275,-3.6222,21.594,37.037,19.092,1.19,6.754,4.2151,-19.322,-9.5195,19.062,-12.591,-36.413,15.341,18.986,-35.21,-14.286,21.29,0.60212,11.854,20.903,-28.889,-28.394,22.436,26.065,15.075,3.3994,-31.553,-23.693,14.1,-0.58923,-24.78,-9.3109,7.906,16.193,20.261,10.72,1.8015,-0.65627,-2.8814,-0.25425,0.90843,-4.5747,-8.1194,-3.4487,4.179,-4.7677,-16.498,4.3809,20.235,0.46624,0.74815,16.135,-3.0863,-14.318,1.6451,1.6763,5.8709,17.463,-7.7992,-23.806,8.5679,9.1247,-38.981,-38.924,13.993,27.299,-3.7613,-12.654,4.332,17.846
13.107,7.0321,-0.95609,-4.827,-7.1446,-7.1985,-5.1966,-5.3546,-2.9693,1.8002,-1.4745,-3.5008,4.9386,5.6546,-2.3513,-0.55397,3.7416,0.54372,-3.7821,-8.4535,-8.1269,1.7105,9.7981,14.408,15.875,5.6782,-3.6404,-1.7484,-2.2986,-2.604,3.9063,3.8795,-1.6856,-4.2748,-7.2167,-6.8912,-4.4965,-6.9216,-4.5144,4.3568,6.7338,2.3489,-2.9833,-4.2472,-1.0359,-2.759,-5.8923,-4.4378,-5.4549,1.706,17.699,14.939,5.2608,8.9127,1.7585,-7.9342,3.77,5.7751,-5.2778,3.2666,9.8855,-2.9555,-7.7798,-4.0791,-5.3028,-5.9323,-7.4251,-10.692,-11.875,-9.4702,2.0518,9.8628,2.686,2.9128,9.6817,2.8936,1.976,11.407,6.9173,0.82988,2.7493,-3.3368,-6.257,2.4349,5.8634,2.1669,-6.1972,-16.107,-11.994,1.5048,10.258,15.323,11.201,0.22787,-4.2888,-9.3156,-13.151,-2.1327,7.0888,1.649,-3.5898,-4.1728,-4.3405,-5.5592,-7.8641,-1.7525,9.0287,8.9373,4.4986,3.1728,2.3399,6.6977,9.1261,4.3669,4.3372,0.89452,-9.5176,-5.5706,1.5002,-5.6307,-5.8993,1.5351,-0.67352,-1.7863,0.85835,-4.5431,-10.27,-7.1423,0.70346,5.4341,4.1397,4.6818,7.4797,6.1657,5.7892,2.2922,-7.9205,-5.9724,3.1628,-2.6175,-7.7911,-0.56811,2.6696,5.4718,13.491,9.8823,-5.6168,-14.178,-8.942,0.543,2.7429,1.0415,0.78922,-3.7042,-4.0628,7.988,10.714,-2.2456,-5.4269,2.6599,3.792,-1.5779,-8.3085,-12.947,-6.2043,6.4723,9.0527,3.6592,0.98153,0.94978,-0.36352,-1.7346,2.9279,9.6484,1.7637,-12.917,-8.9802,1.931,1.0263,5.4487,14.732,7.0969,-4.0141,-1.6231,3.8527,7.1282,5.7355,-3.4634,-12.579,-20.428,-22.704,-9.6529,-0.75309,-9.4425,-10.213,7.5891,27.334,34.052,20.051,1.0443,-5.0167,-6.1847,-1.1574,10.081,4.1522,-10.244,-9.6656,-9.1082,-11.691,-2.4717,6.0411,6.9986,7.0387,0.061217,-7.442,-5.4898,-3.374,-1.6295,1.2104,-3.4062,-6.3333,1.1137,5.0082,1.5583,2.173,6.5899,5.1564,-1.0939,0.086559,5.8381,0.5474,-7.2731,-2.1341,4.084,2.4613,2.4679,4.5897,4.7258,4.4897,0.9243,-6.5303,-9.6314,-3.9196,4.5816,5.1126,-4.1984,-12.383,-12.394,-6.911,1.0221,5.4808,0.82344,-4.7899,-1.4896,4.803,7.0246,8.0788,8.588,6.8387,4.6212,1.854,-0.58622,0.2012,2.2417,3.4897,0.70907,-10.095,-15.972,-5.0785,6.3882,6.1536,1.3045,-6.4702,-9.8732,2.3234,13.318,4.7797,-7.7111,-6.0913,1.6059,1.5175,-2.7494,-2.8446,-4.6412,-8.885,-3.4303,7.8955,10.938,5.0117,-2.2294,-2.3466,1.3435,-0.10361,5.1762,17.227,11.643,-0.87577,-0.44624,-3.7265,-8.383,-1.4191,-1.4197,-6.7038,-3.7106,-6.3226,-8.0501,1.1865,1.2157,-2.1866,2.4186,-2.6049,-5.8377,6.8969,10.717,3.667,0.20669,-3.624,-0.66168,3.0593,-8.6683,-10.546,2.4875,-3.3233,-10.36,7.5311,18.904,10.671,6.7051,9.6135,10.693,9.0129,5.0584,1.1948,-4.9382,-11.627,-10.266,-7.4572,-8.4431,-5.0811,-6.9444,-20.447,-22.363,-10.579,-8.2215,-7.055,7.0349,14.2,9.7661,15.149,22.383,18.053,20.859,25.802,8.6336,-5.9641,1.4024,-1.1834,-13.939,-9.2215,-4.3587,-14.517,-18.796,-11.93,-4.4036,-2.6893,-10.506,-13.909,-2.8394,7.09,8.2944,5.3052,1.3102,5.5952,12.238,9.1027,8.7272,7.9522,-7.8548,-10.87,8.9524,11.362,-2.7217,-1.308,3.0884,-3.0034,-2.609,3.8843,4.0012,0.43341,-4.4869,-10.648,-12.439,-8.1468,-0.28196,4.8003,-0.63122,-7.8688,-4.2723,1.8597,5.102,11.101,11.006,4.2679,4.6871,0.67017,-10.782,-3.5879,8.7719,-0.6737,-9.3719,-6.3646,-4.374,6.4099,12.751,-4.3543,-8.811,9.2906,10.795,0.58557,-0.85737,-3.8263,-6.1423,-5.2868,-10.029,-9.1146,0.43306,6.7693,13.459,13.996,1.8982,0.08657,8.3135,2.0943,-5.5276,2.0991,3.9345,-10.9,-23.927,-22.106,-10.714,-2.9252,-1.863,4.5533,17.445,21.313,16.063,11.382,-0.37344,-14.148,-3.2518,18.622,11.946,-7.9963,-5.023,4.8412,-4.5249,-17.706,-14.405,-4.7441,-3.1096,-0.85319,8.5589,10.051,0.57017,-3.057,0.65242,1.1426,-1.2515,-2.2479,-2.7658,-4.229,-2.9355,1.6787,1.248,-0.22907,6.893,8.9737,1.528,4.2689,11.829,5.9667,-5.73,-11.64,-6.5277,5.9643,7.0946,-2.3893,-7.1626,-10.253,-8.003,1.4342,-1.4388,-6.2537,7.7212,14.544,1.0001,-3.9226,4.9816,5.2952,-5.7323,-7.7733,2.9506,1.1145,-12.043,-8.3539,1.956,3.964,12.564,16.762,3.5994,-2.5261,1.7484,-2.1045,-11.029,-14.007,-3.1326,10.452,3.5334,-9.0479,-7.5587,-2.5714,8.7308,17.595,3.0722,-3.2212,10.408,4.782,-4.1232,3.097,-7.1821,-16.801,2.9261,10.025,-5.1736,-9.4338,-8.6362,-9.787,-5.4047,-2.2965,0.73397,2.3465,-2.9513,2.7245,18.212,16.788,5.4518,5.3598,11.672,9.7255,-2.9001,-4.876,9.7874,4.2905,-20.275,-18.424,-4.8549,-14.198,-17.088,0.94205,6.8458,2.9642,9.4722,9.9677,-1.1236,-2.4959,0.048661,-9.1668,-10.7,6.5671,14.184,1.9204,-5.194,-0.94263,-0.43835,-1.885,5.7251,16.636,15.511,2.8103,-3.7346,1.4785,4.624,-0.40645,-6.2089,-7.8062,-7.5798,-11.423,-14.006,-2.0038,10.33,-0.38733,-12.928,-3.5635,2.5189,-7.9018,-9.5953,1.0419,8.6754,11.593,9.4126,10.628,22.122,18.446,-3.1916,-4.9148,4.8667,-5.8192,-15.315,-8.5479,-7.7418,-8.2579,2.1487,6.2858,-1.5341,-4.9602,1.396,3.5131,-7.1484,-10.626,2.3025,4.7016,-3.6379,2.4794,8.2814,-1.4849,-4.6103,3.9409,7.6345,5.3084,4.4497,7.5123,7.0089,0.19787,0.85014,4.3872,-5.9744,-17.762,-20.266,-17.968,-3.9204,9.5113,4.7412,5.2951,16.03,9.4962,-0.90332,3.4523,3.1305,-1.2954,5.7114,8.1901,-5.2354,-13.953,-5.3908,1.227,-8.1908,-12.113,1.0184,5.1527,-4.868,-4.8008,5.3822,13.049,16.56,10.27,-2.809,-8.2921,-8.7717,-11.189,-8.1138,2.0953,11.279,14.518,7.5628,-7.2396,-13.846,-5.5134,2.4711,1.5569,1.0892,2.8192,1.5794,1.7597,4.4479,4.3777,2.7543,-1.002,-7.028,-6.9124,-4.6651,-10.009,-9.6941,4.3231,12.816,9.3199,7.4641,7.5899,3.7551,-0.75809,-5.7173,-11.902,-13.293,-8.5046,-2.6937,1.5205,4.3453,6.4417,6.1847,4.5906,9.0742,13.323,3.4832,-7.0124,-4.7261,-3.3443,-1.0078,7.8435,0.38997,-15.093,-6.3424,5.9278,-1.1217,-3.6848,2.4708,-0.26511,-7.1151,-8.3681,-1.2022,5.2496,-3.5759,-8.1136,7.8332,12.496,0.70588,5.2829,14.917,4.054,-8.5304,-3.8959,5.1436,3.0782,-5.7601,-8.128,-2.7814,5.9594,11.696,1.6422,-12.344,-6.6233,1.892,-2.4892,1.2393,10.849,3.3662,-12.563,-15.382,-2.5871,5.9245,-3.7918,-6.1929,10.966,13.957,0.36886,-3.1542,-3.2523,-3.4492,2.5929,-1.3801,-7.7875,2.9373,6.9022,-3.0539,2.8452,16.245,12.633,4.1483,3.2128,2.2977,-2.4201,-5.7153,-2.9314,-1.4305,-7.8387,-9.3658,-4.0503,-10.826,-21.895,-12.829,4.8044,9.106,7.1821,4.3443,-5.1227,-5.7223,11.497,18.28,6.1399,1.6919,2.557,-4.8291,-3.5414,4.6559,2.8598,7.6675,21.508,20.364,10.155,-0.046542,-12.365,-11.181,-7.6929,-22.043,-22.061,-5.5799,-13.552,-23.903,-12.872,-12.204,-11.634,8.8286,14.506,7.6011,19.987,33.017,30.996,25.391,15.375,4.8595,-2.7251,-11.341,-6.9163,5.2513,-3.585,-21.383,-24.378,-21.404,-15.818,-4.7279,4.0754,11.673,13.754,1.4233,-6.0428,1.7747,-0.061004,-11.318,-4.4548,10.688,7.0511,-5.7654,-6.7228,2.7312,10.726,11.145,11.383,15.49,7.8562,-6.8699,-3.3157,2.522,-9.7065,-12.098,-1.435,-8.3998,-17.343,-1.6584,17.562,15.464,-0.60796,-6.4613,3.5028,3.4503,-11.992,-15.612,-4.9039,3.2343,5.7717,1.7913,-4.2276,-0.76613,8.5326,10.105,0.27034,-7.5546,-0.39328,8.0478,4.8683,3.4194,6.3363,2.6213,-2.6551,-3.2263,-2.6239,-2.3336,-1.0116,0.36751,-4.0441,-8.5234,-0.66474,4.4285,-3.0553,-2.4786,3.2453,1.4146,0.96267,-3.5354,-6.8301,5.2574,3.4168,-10.268,1.9339,9.4245,-3.6136,3.7992,9.9577,-5.7678,-1.996,8.8896,0.11232,2.7569,12.9,0.41465,-17.119,-15.729,-0.81571,5.0302,-2.7945,2.9021,14.886,2.7386,-10.308,-3.259,2.2759,2.2172,2.065,-2.3987,-6.6043,-8.8761,-4.4566,5.8847,-0.42408,-11.573,3.2262,17.599,7.1973,1.0397,9.6204,8.5455,-5.5891,-8.4019,4.9145,6.2289,-7.4084,-9.6229,-3.1894,-1.1593,-2.8428,-9.8184,-6.824,6.4991,-1.6893,-10.533,10.759,18.338,2.5216,7.6429,13.781,-3.3537,-6.9227,3.1779,-5.7147,-13.952,-0.69519,3.2594,-11.847,-11.933,2.5682,5.5258,6.8908,11.117,2.4871,-2.6496,4.023,0.092928,-6.8411,-1.2573,4.4399,2.8198,-4.5222,-7.3373,2.3712,3.7807,-3.3793,2.9647,4.614,-3.2073,3.254,5.1737,-3.3887,2.6964,3.7139,-6.9932,0.98316,10.288,-1.4611,-13.226,-14.334,-7.1501,0.48454,-4.1035,-4.5303,9.1702,13.429,6.267,1.8406,-0.090452,1.7097,2.055,-1.2191,6.7553,16.303,6.319,-7.0927,-6.5057,-4.1095,-8.0412,-8.8106,-2.4189,-1.2395,-9.6857,-11.132,1.5646,14.731,14.477,1.0903,-6.6173,-1.8667,-3.5686,-7.4991,2.2055,7.4816,2.0258,1.4755,-3.3427,-9.2018,4.7992,16.864,9.4106,9.3302,13.965,-0.46613,-11,-0.2152,2.3438,-12.136,-20.621,-18.342,-9.9461,-0.73464,-4.1618,-8.9746,3.2833,12.505,7.7126,7.6317,11.692,16.093,19.537,3.3621,-13.702,0.88879,11.925,-5.8708,-15.159,-7.4991,-5.0458,-5.8223,-3.4779,2.7208,6.3617,-3.0915,-10.274,-3.726,-1.0681,-0.099097,9.9757,11.057,-2.9658,-10.861,-3.8365,3.5823,0.82071,1.6502,10.198,6.256,-0.62341,9.3255,13.612,2.8787,-2.4778,-3.9574,-4.1301,-2.3456,-12.299,-18.364,-3.6893,0.74052,-11.17,-6.4568,8.7363,7.3477,-6.8727,-11.898,4.386,22.624,17.546,3.7938,5.0113,12.081,8.1113,-2.9809,-5.4581,-2.5669,-12.31,-21.275,-7.9176,5.281,0.55091,-1.8025,2.6542,1.0486,-1.9888,0.075261,5.7566,11.556,8.8311,-3.2536,-12.76,-11.615,-2.7784,1.8812,-3.3587,-6.8378,-1.8114,4.4295,9.3404,13.011,13.018,11.512,10.479,9.1286,3.4573,-10.01,-17.432,-9.5486,-6.9395,-14.456,-12.693,-9.5824,-14.079,-6.9448,8.096,11.139,11.711,19.574,23.454,14.386,-3.5692,-11.123,-0.42336,4.2459,-5.1699,-8.6536,-7.3692,-9.9009,-7.0269,0.54571,3.8447,2.7002,-0.33125,2.2541,8.2319,1.4573,-8.1082,-0.11425,10.598,9.6642,6.296,-0.35551,-9.1734,-7.7492,-4.6142,-8.5282,-6.1495,0.097208,-1.24,-1.1931,0.44222,-1.9743,4.186,11.519,2.7996,-0.79615,10.086,12.366,9.773,7.9296,-5.9802,-14.623,-8.5582,-9.8614,-8.9756,2.4155,0.44977,-3.9496,5.5601,6.2324,-2.5544,-6.3123,-9.1853,-3.6515,6.5955,3.6949,1.309,4.5173,0.87529,6.5039,17.931,8.7341,-2.9337,-0.483,-3.6788,-11.168,-9.7917,-5.9373,-4.9948,-5.6918,-1.2536,11.657,16.806,5.4578,-8.1838,-11.989,-5.1163,2.4002,3.6625,5.9326,4.7933,-4.3619,-3.9071,3.5791,1.3164,1.4154,7.2762,1.585,-10.975,-16.271,-10.703,2.1122,9.6815,9.4587,6.7333,-0.047648,-0.27043,8.8382,6.9754,-0.23639,2.4809,0.11989,-9.0937,-8.6769,-0.72684,6.0248,3.5518,-6.4967,-7.9545,-6.8664,-10.662,-1.2867,7.6106,-4.3379,-5.1074,11.979,10.986,1.8237,7.5371,9.0695,-1.183,-4.1566,2.3404,2.6671,-7.0586,-9.9455,-0.47261,1.9503,-2.9824,2.1425,6.5407,-1.4241,-3.4452,4.6246,5.611,1.2333,-0.84577,-5.3004,-7.239,-2.532,-2.3419,-3.4389,0.95885,-3.6541,-10.511,1.3511,11.513,5.3445,5.8438,8.3395,-2.8319,-6.0139,5.2867,8.0114,-0.090041,-5.2125,-2.3176,2.4437,2.404,3.8956,4.7051,-6.4133,-14.004,-6.465,0.61065,7.1658,13.113,3.1586,-8.3088,-5.8405,-4.8967,-5.205,-0.52634,-1.4485,-2.0933,1.6108,-1.5217,-2.1532,3.3453,-0.025968,-1.6502,7.2305,7.4629,0.7741,3.4463,8.0811,6.1726,3.6662,6.9033,13.396,6.9098,-14.37,-20.99,-6.8498,-2.1493,-9.3736,-8.6688,-6.2448,-8.61,-4.4716,2.8979,4.243,4.0773,3.889,1.8868,-0.091638,0.0044754,8.8249,19.114,11.275,-0.2293,6.2736,10.554,1.0074,-5.0547,-7.1628,-9.7958,-10.643,-14.361,-13.187,-2.9439,0.62738,2.1192,8.9056,5.5562,-0.67744,3.1216,1.9672,-0.54219,7.5488,8.8987,0.073811,-3.2074,-1.9408,1.6395,4.8846,-3.2595,-14.509,-11.747,-0.26911,7.2333,8.0406,4.1489,-1.6408,-6.6759,-8.8873,-6.5745,2.175,12.957,14.753,11.324,10.935,1.1132,-14.33,-10.718,0.25231,-1.2524,-2.1119,-0.42293,-2.0475,2.11,2.6421,-6.2992,-7.1181,-5.9365,-10.909,-4.8802,7.1312,10.374,9.344,1.2726,-7.7267,-1.117,7.6954,8.1148,11.447,10.943,2.6754,-0.72345,-3.7366,-7.9558,-4.4272,-4.2647,-11.295,-9.1016,-0.78585,-0.12953,-3.8027,-3.2362,2.5386,7.8365,9.6014,8.7872,3.136,-0.051503,4.527,-0.7834,-10.548,-0.92251,2.4019,-15.507,-11.789,8.8485,5.6861,-1.1772,4.5715,0.84583,-3.2839,2.5922,4.6699,7.0208,9.2886,5.0038,6.0174,4.6452,-6.3519,-7.2892,-7.9045,-17.538,-10.604,0.40691,-5.1637,-4.0286,1.6174,0.93889,11.188,15.045,1.9189,3.6665,6.8917,-8.3283,-8.2017,8.3298,11.259,3.0985,-5.6466,-2.7134,8.7873,-1.5752,-16.535,-4.2984,0.62137,-11.697,-5.3421,4.1587,-1.0911,2.7447,9.4543,1.669,-3.518,1.4981,3.0018,1.1798,6.5932,11.104,1.4498,-5.1651,0.38044,-5.5396,-12.242,2.9001,10.863,1.3209,-2.3618,-7.5313,-11.493,-0.59436,3.2614,1.3801,9.2404,3.0947,-8.9325,1.499,7.0159,-3.4133,-2.5321,1.3672,-3.1973,-3.205,0.79338,4.3114,5.0473,-0.67822,-2.7012,0.11297,-1.2298,0.099685,3.7286,4.0046,6.9793,3.7281,-8.5203,-8.4496,-0.56525,0.67208,5.932,11.316,6.3008,2.2227,-3.6759,-18.78,-23.172,-9.6772,1.3959,2.4258,3.9203,9.9316,9.6661,-1.7149,-6.1249,6.54,15.204,4.5763,-8.051,-2.795,9.3451,5.0767,-8.5378,-7.6955,3.2308,5.118,-1.8429,-5.7522,-0.41864,6.4267,2.9578,-1.4621,4.62,4.4811,-7.3238,-6.8325,2.375,-4.4328,-12.645,-3.3487,-0.36768,-11.61,-10.243,-0.99453,-2.0669,2.949,14.39,11.086,8.508,14.942,5.8599,-3.4366,8.4529,11.148,3.075,10.245,6.8983,-13.236,-9.3781,3.7787,-5.0488,-13.899,-16.248,-18.953,-6.6659,2.2385,-9.778,-11.146,-3.1135,-7.8767,-2.6084,12.894,12.805,10.882,14.002,13.26,19.664,19.082,-0.19236,-3.5682,6.1568,-2.0203,-7.6431,-0.44301,-3.6822,-9.8762,-8.9497,-8.9949,-6.7858,-4.7202,-2.2671,7.2978,1.0897,-20.508,-15.906,2.5921,1.6243,4.2104,14.496,5.9945,-2.0488,6.6262,8.2629,2.9976,3.3217,-1.3318,-6.0469,2.7409,9.0852,1.6581,-2.312,3.1709,2.83,-3.2131,2.0975,13.81,8.2196,-9.3968,-12.269,-4.6269,-7.4898,-12.811,-6.7171,-1.8367,-7.4076,-9.5095,-3.1742,-1.7389,-2.8298,7.1612,15.739,9.1958,5.4865,10.153,7.9731,8.8779,16.27,6.6574,-8.7624,-5.1862,-1.3375,-9.9787,-13.837,-9.029,-1.7051,2.3965,-2.5428,-5.9576,-1.4342,0.98423,2.3459,3.7771,-0.27823,-1.9846,0.12365,-0.18457,3.4322,6.6779,1.2069,-1.2327,1.7096,1.0769,0.22719,0.43488,-0.036771,0.18244,-1.1125,-0.039172,2.3312,-3.2657,-4.0782,7.3352,6.9781,-7.6059,-10.433,0.7159,4.8039,-2.6258,-1.8909,6.5132,0.067059,-3.9511,12.406,12.523,-6.4812,-7.9264,-4.2041,-5.4946,1.6171,-4.0827,-16.522,-0.69359,15.288,3.9584,-4.9702,0.50615,6.3143,5.7692,0.30887,0.31098,1.4157,-2.1609,5.4671,12.254,-0.32604,-6.2811,0.52322,-0.76896,-6.8405,-15.902,-18.049,0.27004,7.5877,-0.8663,7.9674,8.1423,-9.7238,1.2359,19.886,11.255,8.7893,12.092,-2.0892,-9.135,-4.9805,-8.5687,-13.432,-19.425,-21.103,-4.2609,6.9276,1.1972,9.2276,23.31,14.517,-0.16653,-0.82129,4.8836,9.0206,4.1929,-5.2311,-1.3851,4.4371,-7.6917,-16.538,-5.4829,2.9365,-2.4538,-8.4887,-7.7265,-2.698,-0.78932,1.0851,12.637,17.4,3.5345,-3.2505,3.3102,4.5164,5.1345,3.346,-11,-14.86,-2.6093,-2.7306,-6.5971,5.0505,8.792,-2.9956,-2.3093,9.9628,10.229,2.427,-0.69195,-3.1877,-5.2044,-5.5185,-10.324,-9.0725,4.1455,6.1981,-0.71586,6.6267,11.606,2.2309,0.31053,2.2529,-2.5035,-0.91732,0.56492,-7.0689,-8.5205,-4.7384,-4.6205,-1.8479,0.57783,2.1529,11.282,15.063,5.5361,1.7195,6.2762,2.3947,-8.5826,-13.084,-8.7128,-3.8234,-4.9301,-9.2002,-10.248,-5.5834,3.1772,11.112,13.123,8.8833,4.6464,7.4661,13.352,13.057,9.8356,7.5053,-2.63,-16.383,-16.723,-9.6019,-10.523,-16.436,-21.231,-16.364,2.1793,8.4531,-1.0974,8.0579,18.646,5.5187,11.786,31.604,12.577,-6.1531,7.7969,5.6699,-8.9014,-7.7713,-13.633,-19.858,-11.576,-7.8714,-2.0196,5.0393,-1.3959,4.9436,16.874,2.0023,-6.844,4.1796,5.8295,7.9676,7.3931,-11.047,-14.787,-1.3945,-0.96675,-4.7914,-8.14,-11.27,2.1958,16.719,16.702,14.27,5.6852,-4.1402,-4.2654,-8.8201,-7.613,8.6054,8.4861,-2.5073,-0.42964,-3.4276,-10.142,-6.5758,-8.4254,-9.0754,3.1008,9.1797,10.496,15.722,11.889,0.99631,-7.4681,-8.6988,2.6161,4.1688,-15.631,-21.553,-9.3449,-7.5466,-5.7011,5.1911,8.7553,12.651,19.967,12.845,5.0547,11.633,9.5919,-4.575,-8.2661,-4.2926,-4.3964,-7.3729,-11.823,-9.9875,-0.35035,1.8628,-0.45571,4.1892,5.8311,2.6086,-0.32094,-10.486,-14.397,1.4461,10.275,2.1658,-1.3023,-1.945,-5.7948,-2.5491,6.0535,13.52,14.173,2.8384,-4.4036,-1.0377,-4.5007,-3.5105,13.522,14.465,-4.9517,-10.841,-7.2184,-8.655,-0.82168,11.668,9.0609,-3.9465,-16.645,-19.395,-4.1734,9.0416,3.2436,-1.4344,5.2182,9.2308,7.1366,-1.143,-10.485,-4.7079,6.9525,4.2663,-3.5058,-5.5377,-3.7525,1.1902,0.19481,-5.6153,-0.96732,7.2764,12.191,20.672,18.33,2.1483,-1.7416,3.2186,-1.1344,-5.7593,-7.4377,-12.77,-13.127,-6.7226,-7.1736,-13.855,-10.098,-0.27805,-7.4121,-18.719,-5.5651,13.999,17.852,16.935,13.503,9.1078,10.172,4.0562,-1.6313,7.7676,5.9695,-7.7952,-2.6685,6.919,5.8287,6.4087,0.97572,-3.6613,8.1642,8.8392,-8.1055,-14.435,-18.371,-25.538,-18.661,-14.139,-21.287,-15.66,-4.1061,-3.4763,3.5596,18.321,22.899,24.688,28.431,23.361,18.147,18.94,12.269,3.0277,1.2807,-4.0289,-12.851,-16.827,-21.392,-22.066,-13.251,-6.8354,-4.9467,-3.9071,-6.552,-6.9295,-5.5874,-5.6446,4.4733,14.38,6.5709,1.2364,7.2859,5.4602,-0.5793,1.7711,9.2077,13.455,6.3072,-1.9944,2.9843,6.5453,0.16738,-2.5876,-0.19941,2.8949,1.7245,-8.1079,-11.657,-4.2844,-2.4712,-4.1445,-3.9405,-6.156,-3.2734,1.4244,-2.9636,-5.7756,-1.7358,3.3995,10.561,11.353,1.8713,-2.5534,1.5393,1.9887,-4.2506,-5.471,2.6049,1.9427,-6.2436,1.3409,10.198,3.6619,4.5616,11.139,4.3338,-4.0216,-6.4569,-2.5555,7.3172,0.72807,-15.349,-8.0311,4.0246,-2.7265,-7.4958,-4.3281,-4.4883,-2.5777,3.7384,6.8178,4.9529,3.1499,-0.92686,-10.024,-4.8546,14.452,12.15,-3.7469,-3.0447,-4.0802,-10.175,1.1155,13.37,12.106,6.7167,0.027025,1.6544,7.2656,-0.73586,-8.4935,-6.9958,-5.2376,-0.33267,-3.9038,-14.355,-5.0895,3.9143,-5.8438,-7.0344,-2.8508,-0.42077,14.304,16.648,0.035237,-2.722,2.4084,4.245,6.0497,-2.2362,-3.5218,7.3956,0.21289,-5.7436,4.7969,-2.0074,-7.8711,7.3009,2.8899,-12.435,-3.4731,5.739,2.2987,0.1996,-6.8032,-12.734,-3.5554,5.9962,1.4825,-4.4093,4.9511,18.968,16.151,3.9633,-3.0757,-9.8226,-13.11,-5.5991,2.7252,2.2215,-4.3398,-6.1868,-0.42583,-0.83899,-6.0206,-1.9228,2.915,4.7428,12.421,12.083,1.7308,5.3321,14.451,6.2101,-7.672,-13.849,-16.179,-12.156,-3.7786,-1.3566,0.24966,5.451,1.5283,-7.4981,-3.9943,4.6216,7.7427,10.368,8.7665,4.7723,5.6011,-2.727,-14.008,-4.4293,3.0936,-7.5066,-5.4634,4.1815,-1.1263,0.35444,9.834,2.3889,-4.527,6.053,10.502,-1.6454,-12.649,-9.3629,2.2589,4.4825,-2.6612,-0.17506,9.0517,6.4549,-3.843,-9.0021,-9.0107,-3.6267,5.5357,7.8943,1.2673,-5.861,-7.1002,0.39039,9.6964,8.6264,0.4299,-1.9441,4.018,6.4009,-4.365,-9.8923,5.409,12.575,-2.3399,-8.8381,-5.7393,-10.389,-8.0728,2.1494,1.8691,-3.2157,-3.425,2.7523,12.997,12.087,0.98269,-2.7184,-0.018564,6.0424,12.443,4.4631,-9.6842,-10.53,-3.3066,2.7165,0.85634,-11.992,-19.579,-12.705,1.1663,16.912,21.699,9.3341,-3.6782,-8.6215,-7.5518,-0.43685,6.628,8.0186,2.6726,-3.0852,2.2602,8.763,4.8964,2.5697,-0.61933,-11.075,-15.474,-15.75,-12.589,2.4065,10.1,7.3499,9.7139,1.3367,-9.3653,2.8789,11.982,8.5284,10.992,5.7135,-1.7482,-0.74668,-14.76,-22.807,-2.1713,4.3512,-6.3044,-3.7181,-4.6951,-7.6466,4.9627,10.109,6.1788,13.587,18.661,13.206,8.8013,1.6337,-11.088,-16.891,-11.149,-6.2667,-8.1101,-5.4455,-2.2246,-11.251,-14.015,3.0464,16.316,14.33,10.49,8.9602,6.0444,3.5977,4.6657,3.9945,-4.1552,-12.24,-15.432,-14.473,-3.4982,6.1903,1.157,-0.0063142,5.8574,1.9412,2.7036,11.464,6.6914,1.5842,6.7917,1.2443,-8.7893,-7.9604,-7.339,-4.932,3.4707,1.3041,-6.5292,-3.9598,-1.871,-2.4708,5.7449,7.328,-4.2663,-4.0217,3.0593,-3.6257,-3.519,11.728,13.324,2.3549,0.29975,3.6445,3.3876,-0.26394,-1.1273,1.6856,-5.5428,-14.444,-4.045,6.5625,1.9903,-1.7544,-4.2832,-3.9937,2.9411,-2.3646,-8.4474,4.6137,8.9581,-0.63355,-4.7165,-12.281,-10.547,9.2435,11.964,4.5096,10.428,5.9742,-4.8562,-0.30285,5.1924,9.9932,11.525,-5.2541,-14.39,-3.1751,0.50692,-0.6621,0.43678,-7.4353,-9.7446,-0.36695,3.1182,0.7737,-3.9477,-7.8143,-2.8443,-1.0371,-4.9864,1.9726,9.4062,3.4703,-3.4383,-3.1505,4.5086,15.525,17.847,9.8824,-1.7129,-8.6278,-3.2592,1.6513,-2.2695,-1.7906,-2.662,-9.0522,-3.3255,1.88,-4.8058,1.3321,9.432,-2.668,-7.0864,1.7383,-1.0538,-6.3933,-9.083,-13.996,-3.3844,10.417,2.5275,0.35188,15.206,15.089,5.3633,7.6382,8.1479,0.64204,-3.16,-7.2841,-15.117,-12.379,4.2905,12.558,1.7272,-6.4094,-2.0093,0.019008,0.51552,3.8457,-0.11349,-5.4092,-2.3678,0.86255,2.3098,0.37312,-6.8903,-1.4888,12.319,4.9719,-9.9099,-6.457,-1.7586,-6.3007,-8.069,-8.0175,-4.5358,6.8875,12.744,8.7006,7.777,10.183,9.0309,7.9217,10.676,12.947,7.3687,-4.3059,-6.7247,1.5067,-4.0392,-24.171,-26.243,-12.513,-14.073,-20.893,-11.714,-1.0896,2.1726,5.67,8.416,14.062,20.952,16.469,11.178,16.903,18.139,8.6186,-2.0969,-7.351,-3.2396,-3.0428,-14.999,-15.324,-1.8253,0.27272,-2.9309,-1.8512,-9.4179,-15.13,-2.916,8.5316,4.6611,-1.3471,-0.72448,1.8362,5.1662,6.3744,-3.9739,-12.868,2.2285,16.664,2.6111,-7.6999,3.644,7.6978,3.3732,2.1525,-3.0213,0.29264,11.484,3.0428,-9.6321,-2.8098,1.1554,-4.4534,-3.5552,-1.4268,-0.68428,0.80527,-3.0764,-4.0171,1.6528,2.8067,2.5802,1.0046,-5.2212,-2.6258,1.3779,-6.2517,-3.7581,7.141,1.3283,-5.6388,-1.8298,-1.4448,1.1659,5.8514,4.8202,10.556,11.944,-2.9911,-3.2135,8.3528,0.40498,-5.7936,2.5659,-1.5162,-9.2859,-2.8626,0.06697,-3.9852,-0.8929,2.9266,-2.9686,-8.9562,-2.0538,6.9937,2.8344,-2.1294,-0.44986,-5.4916,-8.4163,1.9232,5.931,0.6574,5.111,10.765,2.4058,-4.954,1.4749,5.7159,-0.62517,-1.165,2.6706,-3.9559,-5.5246,6.0724,6.8589,-0.9217,-0.66788,-2.8297,-4.2537,5.7514,5.7038,-8.4939,-8.6862,2.6,0.77607,-7.9463,-3.9025,2.8948,-4.1179,-6.3763,7.6239,8.0197,-8.3706,-7.718,5.6489,6.8171,1.3269,-1.0178,-1.0789,0.57332,2.7298,9.9339,16.043,1.6623,-14.653,0.78485,19.774,5.9321,-6.9107,4.7217,-0.012686,-22.287,-14.777,2.8344,-8.254,-12.274,4.3923,1.4588,-6.4397,7.9484,11.458,-6.3046,-13.078,-1.6006,12.509,10.565,-6.0887,-6.4281,8.0999,8.1055,3.8095,6.4223,0.6932,-3.6852,4.7326,9.0541,6.5608,6.9526,5.7823,-0.50835,-9.1782,-16.489,-16.451,-7.7143,1.3277,-1.9651,-10.3,0.20318,14.116,-0.69018,-16.452,-4.7276,1.7533,-4.7124,6.1507,17.846,6.2344,-2.568,4.1749,4.649,0.0094708,4.5167,7.7492,0.4232,-7.3832,-8.9932,-2.9085,9.8493,16.905,15.92,15.654,4.9437,-15.116,-15.186,-6.105,-15.242,-16.826,-6.2383,-20.589,-31.895,-4,12.236,-2.5093,3.4304,23.46,20.915,14.439,13.086,2.7559,0.38564,11.132,12.548,6.1238,-0.47106,-11.779,-16.056,-4.4458,6.7814,5.7506,0.046268,-2.1998,-6.5294,-13.922,-10.073,-2.6053,-8.9248,-8.2669,3.4427,-5.2703,-14.35,3.9149,13.072,5.9505,11.524,9.6454,-4.4097,2.9959,14.719,7.3699,4.4189,5.8012,-5.8704,-14.033,-6.6853,2.7224,3.2989,-2.3259,-0.25619,8.6233,3.4418,-8.3181,-1.5525,8.7496,-0.4936,-12.153,-10.549,-8.524,-9.7798,-3.9746,4.8252,5.0525,-1.4211,-2.5058,5.3426,8.9405,2.8247,1.4422,7.3177,9.5146,8.2259,2.8145,-3.5203,1.1443,2.2829,-8.9517,-4.3211,6.3459,-7.7633,-15.741,-0.56645,1.4105,-5.9324,1.4462,10.523,11.717,2.9944,-13.317,-12.66,2.0185,3.5173,2.3219,8.6781,5.0764,-4.8985,-5.7504,-0.64768,0.80998,-3.8954,-2.4218,8.5155,7.4121,-4.0649,-4.3634,0.26896,4.5343,11.956,4.509,-12.279,-7.9738,1.6415,-7.1406,-9.8165,2.8976,6.0478,2.8093,8.8135,10.19,-0.43067,-5.122,1.6598,8.2157,6.867,-3.4162,-14.433,-14.943,-6.5895,0.2172,-2.3633,-7.5371,0.70287,10.091,1.0189,-2.6564,10.724,9.5475,-1.8305,3.3667,11.103,9.955,3.7931,-13.052,-19.91,-1.1728,7.1447,-3.4938,0.43109,8.347,-3.8727,-12.661,-0.63139,10.423,5.7848,-3.272,-2.361,6.4926,4.4099,-12.801,-16.169,3.3804,8.4928,-8.5965,-9.6504,5.9564,10.017,7.6515,8.2631,4.6698,-1.3825,-7.5818,-9.6925,3.2192,17.208,9.4003,-7.0755,-6.1704,7.9397,8.5326,-9.5291,-17.504,-5.7636,-0.5956,-8.6514,-9.3512,1.1888,5.7891,-2.9643,-6.7115,7.3276,19.631,16.427,7.283,-2.0236,-3.6939,4.831,4.127,-7.604,-11.342,-7.0975,-0.6663,4.7966,1.5656,-3.4782,-4.4574,-7.5278,-4.6934,3.8613,0.65501,-7.1428,-3.2332,8.5549,17.619,11.136,-5.8508,-9.2632,-4.9424,-7.6832,0.73133,19.923,19.867,4.4271,-1.0405,-0.53779,-6.0645,-5.4431,6.0437,4.6299,-13.701,-24.025,-25.238,-26.311,-14.667,7.6285,19.926,16.553,8.0543,12.482,25.734,19.619,4.7101,8.2666,9.0287,-5.999,-11.641,-8.0593,-8.9485,-7.1057,-3.7522,-9.7592,-19.029,-15.016,-0.030308,3.4132,-2.971,0.24448,3.141,0.90597,7.8146,9.3332,0.60156,5.9994,16.414,17.279,19.465,13.737,-2.5577,-9.7112,-13.159,-15.943,-10.052,-14.385,-27.331,-19.4,0.03332,7.4861,7.2688,8.7867,14.109,16.312,11.072,6.7547,1.4038,-4.3242,1.8393,4.0966,-9.1386,-12.474,-4.652,-3.2919,0.30026,7.6786,10.274,11.006,6.653,-0.37992,-3.4269,-10.408,-13.198,-3.8724,-5.2172,-15.152,-10.344,-2.3906,-1.7728,3.4433,11.955,14.533,6.7755,-3.7277,0.94241,10.386,4.2964,-0.72599,6.9106,11.803,10.708,7.1365,2.4256,0.35727,-6.3111,-14.179,-8.2078,-3.6536,-13.878,-18.282,-12.734,-11.719,-11.527,-8.5413,-5.4146,3.7829,15.282,16.414,14.283,20.825,21.598,7.3971,3.7108,14.43,8.463,-5.0573,-1.5751,-4.977,-20.505,-17.891,-7.9538,-5.9831,1.8359,1.3806,-13.696,-11.104,3.1233,3.3246,4.2602,8.3425,-0.34523,-5.666,2.4427,5.0955,0.094069,-0.07696,2.8384,1.3614,-1.0593,4.1663,8.9193,1.1275,-3.2332,5.9517,6.7585,-1.0526,2.6538,5.0889,-5.4277,-9.1819,-2.8547,0.10941,2.3134,3.1276,-4.6999,-10.274,-1.6031,7.9519,-0.97139,-17.36,-13.693,2.5212,4.3733,-0.95567,1.3506,3.3744,4.7622,7.2864,3.0197,0.27446,4.2863,4.1484,5.6122,9.5263,1.3728,-5.0784,2.3285,5.647,5.3062,6.5979,-3.8063,-12.388,-4.0942,-1.8727,-10.312,-11.589,-11.974,-14.498,-8.3244,0.6029,5.5218,8.5332,6.088,2.7131,7.1133,10.989,9.5269,12.958,16.049,2.8061,-14.029,-11.294,-0.53222,-0.7406,-2.9007,-2.2305,-5.9184,-3.5988,8.0241,7.6929,-6.6206,-12.44,-3.9032,5.7849,7.6779,3.1167,-2.1964,-4.4892,-3.3916,-1.4843,-3.3065,-8.6658,-9.2637,0.24461,10.177,8.8087,3.7287,6.116,9.6137,9.3215,8.1749,0.20043,-13.15,-14.168,-1.228,6.5509,0.9519,-5.7197,-0.45059,11.476,12.571,-2.2355,-15.531,-11.905,-5.1379,-8.9638,-6.0478,4.9253,1.8732,-0.49837,9.8183,4.1982,-5.7393,9.4195,15.268,-3.131,-6.8695,-0.91747,-3.3178,8.1624,20.307,1.0068,-16.692,-3.049,5.1523,-8.831,-12.868,-3.4381,1.2985,6.9344,10.028,1.4223,-2.5349,-1.6236,-5.5335,-0.0063352,2.2424,-13.74,-12.87,4.5983,6.5603,10.309,16.437,4.2808,-1.7307,-1.3227,-10.469,-0.94632,13.907,1.616,-5.5345,-0.038574,-5.584,-8.1171,-7.6249,-5.0482,11.49,6.727,-14.833,3.0222,24.197,5.6155,-4.4514,2.2551,-3.9547,-6.6974,-4.5663,-10.323,-9.6152,-1.4848,6.6644,12.605,6.4477,-1.4286,-0.37664,-5.4887,-10.012,-0.027718,6.0322,-0.55752,-6.2703,-1.3307,15.567,24.346,10.501,-0.90241,0.84073,-5.9753,-14.744,-7.6625,-0.70812,-4.8615,-9.4402,-13.334,-13.934,-3.6322,7.6365,12.452,11.866,0.60766,-4.6121,10.638,14.865,1.0749,0.38237,3.4138,-1.4945,1.0022,0.076931,-4.5193,1.2165,-3.932,-12.653,-1.4162,-0.27765,-7.2578,5.4478,5.2046,-8.8761,-0.00047696,7.5242,0.351,0.30978,-0.83575,-1.7374,-1.2747,-10.874,-0.96931,19.916,5.8905,-0.75478,20.68,8.4283,-14.833,-4.1276,-5.1959,-18.068,-1.6641,10.068,-5.1452,-12.724,-8.0099,-5.8759,1.9375,15.931,17.368,7.3331,7.8103,10.59,-4.8747,-16.858,-10.245,-5.5026,-0.21309,11.044,7.9534,-3.7835,-7.4802,-9.6407,-4.8982,8.5542,9.6294,2.9763,5.0079,2.1164,-10.687,-13.205,-1.1337,8.9644,6.6052,-1.0248,-3.6601,-5.5516,-7.0793,2.9069,13.662,8.8115,2.4687,-0.71189,-11.259,-8.8961,9.6874,9.1777,-2.1004,0.36137,-3.6313,-10.545,0.89878,6.4697,-1.6583,-1.9557,0.3429,3.9298,7.7533,-5.6589,-14.949,-1.7656,4.6916,2.9803,4.9334,-1.0993,-0.027789,8.3181,-3.7747,-10.442,3.1028,-0.18529,-5.639,10.799,13.916,-0.95625,-5.5493,-3.5584,0.63327,6.0342,0.081121,-7.8937,-3.0144,3.614,0.12313,-7.7467,-8.7328,-2.7746,2.9258,10.539,16.071,6.3762,-8.5408,-9.8062,-2.3024,0.53282,-4.4307,-9.4218,-5.6859,3.0065,8.6067,7.164,0.054467,-0.043176,9.3831,11.953,5.2537,-1.3125,-4.9628,-3.311,-2.5435,-7.427,-6.4838,-2.8931,-6.435,-5.0557,1.8512,3.1989,4.3811,3.7949,-1.0045,2.9293,8.4388,1.5158,-5.4354,-6.0488,-6.8062,-1.1171,11.627,14.106,2.3034,-4.8458,-1.0538,-0.33953,0.23791,4.0731,-8.1541,-21.493,-5.6521,9.3182,1.3522,0.27265,6.5029,6.0412,7.9363,2.3067,-8.4045,-0.45325,5.877,-5.1467,-6.2194,1.7678,2.2224,1.5158,-2.0626,-6.4825,-0.44563,6.9436,8.7224,6.6223,-2.9803,-9.8091,-7.8554,-5.3273,3.2476,9.9275,-1.4385,-8.2854,-1.5893,-4.6869,-2.5238,19.071,22.235,-1.8637,-14.144,-7.5678,-4.2222,-4.1806,1.0315,4.5163,3.1938,3.0033,0.94652,-1.5747,4.5207,9.4839,3.6282,-5.5345,-17.768,-23.589,-6.9272,9.344,7.5541,10.189,16.465,10.881,4.6017,-1.224,-8.517,-3.1546,1.6918,-11.881,-21.869,-11.277,4.9164,10.684,6.3413,2.3897,1.705,2.0823,6.2908,8.0781,4.6353,5.3182,3.4197,-3.738,-3.4984,-5.7671,-12.255,-3.8022,3.9346,-1.8463,-0.02106,3.2476,-2.6319,-0.89126,2.0564,-2.6534,0.24712,6.5437,5.1658,-2.2724,-14.443,-13.274,4.9598,7.3741,-4.8576,-2.9485,6.2004,9.4235,8.3119,3.6923,4.1114,7.9264,5.3105,6.4055,10.285,3.6834,-2.1567,-4.1057,-14.51,-23.069,-21.978,-18.933,-13.076,-8.3227,-5.6489,7.9401,22.721,22.598,19.344,15.055,3.0089,0.068572,6.7227,1.6699,-6.5903,-5.379,-7.8069,-11.245,-3.8809,1.2409,-1.869,-1.6032,1.2833,4.653,10.222,8.9463,1.792,-0.62327,-5.1489,-15.422,-16.761,-6.4778,1.5117,1.4394,1.1972,3.83,0.37374,-4.2537,4.8075,14.959,11.418,7.5974,6.5864,-1.4595,-10.153,-13.721,-9.4,4.3778,8.5564,-1.37,-0.57053,8.078,6.5296,4.2576,3.4516,-5.4413,-10.781,-4.8036,1.2342,0.17813,-8.5464,-14.756,-5.1812,4.6064,-2.0646,-4.5593,5.2201,6.0679,6.16,18.162,15.992,-0.71194,-2.1301,-0.63603,-8.6691,-2.1576,8.8115,-1.1297,-11.712,-9.8421,-9.2838,-5.1013,4.9433,6.3742,4.4143,9.9526,9.9158,-1.6402,-3.2793,7.0811,4.0615,-4.917,-2.6873,-11.17,-24.909,-13.671,-0.18291,3.0723,14.711,11.998,-1.1849,8.8528,9.4249,-4.0619,8.9059,9.9464,-13.039,-5.2569,4.4402,-8.6056,1.7567,10.783,-6.4457,-3.3984,5.2378,-4.8747,2.0637,8.7852,-9.9595,-14.499,-2.5248,-1.2173,0.31556,3.0137,-2.1142,-2.8391,2.5553,3.7505,0.72551,-0.52037,2.2049,5.4023,8.8925,7.8543,-2.9603,-3.3259,8.1948,0.063698,-12.403,-3.219,-0.010391,-3.8558,6.9889,7.9654,-4.6071,-2.8364,1.7032,-2.533,-1.9932,0.67757,-0.94886,-4.9161,-7.7391,-3.1699,0.42238,-3.2669,-0.44354,6.4546,5.3247,1.9121,0.19706,1.7643,6.3929,3.3919,-1.5603,3.5175,7.4996,3.4121,-1.4332,-2.2244,0.35303,-4.0698,-11.247,-3.6618,3.4341,-3.3325,-4.7325,-1.8675,-2.1399,3.4556,3.6498,0.25426,12.055,14.974,-4.4347,-13.958,-8.3807,-4.6767,-5.5428,-8.2798,0.32292,14.017,5.8141,-5.7953,4.539,11.739,3.7084,-2.1581,-2.7024,0.093606,3.5969,3.357,3.8189,4.8027,3.0447,-2.6569,-13.927,-14.03,2.1957,5.3272,-2.6981,2.4,5.275,-0.78064,0.3393,-4.9101,-18.218,-10.032,9.701,6.7203,-6.3233,0.59485,11.526,1.7603,-6.2098,3.9692,6.6573,-1.504,-2.2783,-0.023478,4.5892,11.353,8.7895,9.8768,18.348,8.3107,-9.841,-10.926,-7.3095,-7.878,-5.3931,-0.24848,0.4413,-14.934,-32.743,-24.379,-8.1695,-6.8795,-0.24503,11.172,9.9803,12.258,23.337,21.056,6.9775,3.7154,10.911,10.104,8.2056,16.724,11.219,-8.8894,-8.3024,0.62339,-6.7602,-12.713,-13.054,-13.256,-10.366,-18.805,-26.396,-13.013,-7.1693,-8.7204,3.3551,0.82656,-4.8637,20.888,34.361,20.488,23.448,28.02,11.508,-1.8444,-7.3771,-8.5863,-1.746,0.79839,-2.1235,-4.8666,-11.622,-17.797,-19.557,-12.68,2.1665,2.023,-6.1337,2.4818,4.8872,-1.7656,9.6489,13.537,-1.1381,-3.8738,-4.2381,-4.9414,9.8392,13.977,6.0722,6.6062,-4.2317,-12.057,3.6677,-0.6324,-17.02,-3.6625,0.8784,-11.8,3.9043,19.62,7.6955,5.3742,10.805,1.9254,-0.93612,6.9784,5.7904,-5.2161,-15.318,-15.519,-7.6831,-5.2647,-9.4231,-11.092,-7.1418,0.94441,5.5311,4.214,6.6641,11.623,10.253,5.5548,2.8811,6.1956,13.17,7.8773,-7.4568,-9.854,-1.0927,3.8623,6.2292,2.5692,-9.7494,-14.38,-6.2735,-0.91304,-5.0655,-9.9798,-5.4353,2.5135,0.094992,-1.9335,6.9033,5.8092,-5.0968,1.219,13.409,10.631,8.078,7.8521,-1.2562,-4.8413,-2.4953,-8.6471,-6.0514,8.7907,4.8909,-10.942,-9.4659,-2.563,-3.8756,-0.61164,4.8852,3.3465,3.3206,6.0074,5.421,6.1898,3.647,-8.5885,-12.216,-1.3337,0.23187,-7.8841,-6.3766,-0.44101,2.9222,6.2812,0.97049,-6.8383,-1.7744,4.8138,11.668,25.138,15.611,-12.959,-10.597,7.6545,1.4035,-7.7888,-8.0272,-11.218,-2.6588,8.4352,0.22867,-4.8229,-1.1881,-7.9746,-11.037,-6.5115,-9.6749,-7.0895,5.8702,13.256,15.089,10.088,2.6607,8.4739,12.73,5.2393,7.1586,8.4639,-7.9781,-17.537,-11.835,-5.7008,2.8212,5.4062,-5.0782,-5.4904,7.1312,7.7898,-2.0767,-3.9324,-0.90216,-7.5302,-18.689,-16.199,-4.545,0.54619,2.8932,5.3511,4.9535,8.6543,11.304,5.974,6.0681,10.26,8.4395,8.7016,6.4196,-1.0685,4.6988,9.0319,-8.2388,-16.113,-3.2236,-2.1531,-14.328,-17.266,-10.55,-4.957,-3.9547,-1.7308,2.5686,4.8491,12.161,17.139,2.8746,-9.8074,-5.4271,-4.6362,-4.1146,4.0659,1.0414,-3.8613,3.1257,1.4857,-4.1235,6.3419,18.599,19.466,10.598,-2.031,0.37061,14.387,14.4,3.8092,-4.1987,-11.539,-15.542,-19.777,-28.133,-24.123,-10.251,-13.32,-25.99,-18.846,1.999,12.719,15.874,22.859,27.921,25.411,20.626,18.916,19.658,14.881,5.1906,2.224,-3.1187,-19.763,-23.712,-11.269,-9.1154,-15.032,-15.826,-14.078,-5.701,5.1689,5.478,-0.15167,-5.3429,-5.7474,3.6841,9.6127,5.17,3.2379,4.7346,5.5611,5.4661,0.43322,-1.8721,3.7797,4.9768,-2.6235,-11.323,-8.8836,7.5653,15.84,10.553,9.639,7.7905,2.1048,-0.47786,-8.5925,-8.3699,6.0314,-0.601,-18.197,-14.887,-7.5973,-2.8729,-3.019,-17.375,-11.198,9.8878,0.79425,-3.3458,12.919,5.5279,1.8474,19.137,14.234,3.9941,7.9377,3.0977,1.3416,2.2049,-6.1362,1.1987,9.0479,-5.2798,-10.6,-7.399,-9.4932,-1.2187,2.2767,-4.2574,-1.2322,-4.8532,-10.152,2.2857,2.841,-5.8788,4.9836,8.9092,-2.8725,-3.0075,1.594,1.0105,0.48894,-0.37859,4.1257,7.2933,1.6161,6.0984,13.841,0.37636,-12.04,-2.5713,4.9253,-2.0394,-6.6127,-1.3141,5.6601,9.4436,6.2775,-7.333,-15.882,-8.1146,-4.0199,-6.9194,1.1758,4.7892,-7.8863,-10.446,1.4338,8.2036,11.455,14.682,11.809,5.7122,-0.30611,-5.8598,-4.6901,0.97369,-1.4963,-6.0067,2.3188,7.214,-7.123,-16.248,-7.1191,0.69115,1.5134,0.59507,2.2282,11.597,9.8683,-9.9892,-11.096,10.117,15.921,6.263,0.84273,-0.42675,0.76747,0.22628,-6.8698,-13.555,-13.624,-6.3957,2.6629,3.7957,-0.9067,-4.5723,-4.5279,2.1414,7.5072,5.6746,6.1975,6.619,1.5488,1.5929,4.5073,2.7049,4.0271,5.4457,-1.6019,-6.9852,-2.3481,3.595,-0.55724,-11.318,-12.73,-3.7226,-0.54625,-6.6069,-5.8466,7.218,10.178,-1.8111,1.848,12.534,-1.8142,-11.452,4.9063,9.9507,0.89824,-1.317,-4.7218,-3.7486,4.791,4.2673,3.3165,6.6767,1.0586,-4.4048,-4.0595,-3.5366,-0.28058,-3.1745,-9.6911,-3.9418,1.4292,0.61073,5.3326,7.9969,7.2288,3.947,-6.3126,-3.2433,5.2653,-8.8567,-12.694,3.857,-2.0204,-8.7872,8.8953,9.6942,-4.849,0.56844,9.8849,5.7026,1.3184,2.8038,3.6032,-0.015272,-4.1407,-9.1427,-11.507,2.164,13.112,-0.28171,-7.0764,3.0317,1.1198,-4.8633,-2.2955,-1.2408,0.13813,-3.4988,-9.1024,1.6116,10.056,6.2751,8.4641,2.3564,-7.5734,1.7532,0.69806,-10.899,-0.51978,2.2245,-6.8287,8.1074,15.747,0.37034,0.034878,2.4765,-8.5591,-9.0492,-1.8032,2.7328,6.1485,0.031576,-4.1538,1.8012,-3.8486,-14.097,-6.4366,6.2686,10.711,9.3967,3.8267,0.95857,1.2884,-0.89799,0.27086,2.2501,-5.2934,-11.235,-4.8524,0.54943,-2.9576,-4.6471,1.0195,7.8856,9.7341,5.2682,2.5977,9.6411,12.688,-1.8738,-15.435,-11.36,-3.8312,-3.9369,-5.8068,-3.4364,4.9333,8.4222,-1.5333,-5.4107,4.0892,2.9167,-2.4398,9.7096,13.009,-6.8376,-13.369,-2.5053,0.17888,1.0318,2.4828,-2.8012,0.031612,5.8074,0.098873,0.94398,5.8864,-0.89674,-1.4293,1.1757,-7.7954,-5.8266,3.1108,-3.5403,-6.2996,3.4387,13.293,19.018,3.903,-15.723,-4.1047,6.7401,-3.5181,-3.3725,-6.4141,-17.26,-2.7609,8.1074,-4.7474,-0.13849,11.263,2.2331,-1.0202,6.3354,8.1048,8.0826,4.4123,-1.0255,-3.8928,-10.489,-9.7405,0.60888,-0.92153,-7.119,-2.4868,2.7356,5.628,8.3553,6.1632,2.2826,0.21337,1.355,2.4106,-3.6986,-2.959,7.8401,1.5511,-11.559,-5.2545,-1.4946,-9.2878,-8.6193,-7.8039,-8.0838,5.8268,15.006,5.7456,-0.38648,5.0642,12.387,12.466,1.3266,-4.7352,2.2941,1.5418,-4.0334,2.3167,-0.66214,-14.926,-6.0246,8.9156,-1.2355,-5.5119,6.9747,2.3943,-9.1004,-3.2129,4.2519,2.9158,-3.4275,-12,-10.358,-0.56675,3.4642,5.0878,4.6675,0.052573,-0.41185,0.41261,2.02,9.936,10.409,2.9949,3.4925,3.0871,-1.5608,0.66525,1.8329,1.0518,5.2645,3.2068,-4.063,-4.9408,-3.7489,-4.0102,-7.574,-12.79,-10.024,-9.028,-15.461,-9.882,0.92416,-0.57575,-0.97032,5.4368,14.551,27.864,27.448,10.702,3.9176,3.3082,-2.9237,0.24685,7.6598,1.7681,-6.3737,-8.1533,-11.825,-13.352,-7.398,-6.4658,-14.334,-15.416,-6.9998,2.1856,13.274,17.411,6.0397,1.8412,11.94,9.1529,-4.8196,-7.2766,-4.555,-8.1929,-9.5603,-1.0524,7.5603,4.1626,-1.2923,3.285,7.1508,6.6119,9.1947,6.7101,-2.3145,-2.7307,5.5284,8.4367,0.80305,-7.625,-8.0144,-8.2009,-12.105,-11.181,-6.8114,-2.744,0.36733,-2.6511,-4.9265,0.10142,4.0287,7.4241,8.8748,2.6503,2.3314,7.4928,5.2346,5.4825,3.5216,-7.6526,-2.9376,10.383,5.8924,0.55085,2.0613,0.75125,3.3317,-0.93285,-12.084,-4.991,2.8503,-8.8658,-14.287,-5.6358,-1.3767,-7.5701,-13.533,-1.7687,11.935,3.6922,0.63392,13.998,13.942,5.4965,5.4161,9.935,14.768,2.3328,-17.753,-9.0519,1.3321,-14.117,-14.076,2.9528,0.23911,-5.7651,2.9817,8.0638,3.8897,3.8438,11.859,14.212,6.4382,-1.0964,-12.769,-21.741,-9.7048,0.98456,-3.6025,-2.7376,-3.8916,-11.858,-10.768,-5.3181,10.744,29.836,18.794,8.0336,17.348,3.2227,-8.3369,8.1543,-1.2502,-17.664,-4.0379,-6.7996,-19.535,-10.038,-3.4766,5.6796,13.16,-7.3205,-9.1875,15.118,11.111,4.3102,12.085,-1.2984,-9.5247,2.0653,-2.4587,-9.8171,-2.8963,0.3791,-3.4104,-12.425,-11.963,7.7075,13.309,3.0984,6.4803,6.5115,-1.9808,3.7408,10.204,7.4105,5.6483,2.3701,1.909,2.4578,-7.6221,-14.868,-12.233,-10.848,-10.964,-13.892,-11.297,3.5914,4.9155,-2.1706,12.252,21.362,9.9859,9.6914,12.531,4.4026,2.171,-0.86176,-5.1323,3.1205,1.5037,-12.293,-10.447,-8.7388,-17.32,-8.9212,5.0676,1.0733,-2.5288,2.7564,6.9884,12.04,9.6928,-1.5093,0.45241,7.1705,-2.4628,-6.3953,5.4963,7.3486,0.83237,-2.0807,-10.289,-14.72,-5.3377,0.77536,0.11683,3.3058,6.6433,4.6926,-0.087509,2.6446,12.321,5.394,-10.343,-2.0175,10.695,0.15258,-11.427,-11.108,-7.4144,-2.7543,-3.8772,-4.6916,1.897,1.3754,0.33853,7.4678,5.0042,5.9651,20.339,14.782,-0.82105,3.1947,1.3744,-11.88,-10.713,-7.1382,-11.513,-10.271,-4.6334,0.81739,4.9146,4.4909,3.1164,-1.6122,-7.912,-1.9795,7.4282,6.6461,6.9035,8.6446,0.86823,-6.9918,-4.9111,0.061507,1.9203,2.6821,0.27396,-6.2397,-1.8407,12.785,10.117,-3.1102,-2.5399,-3.6034,-8.6026,-0.40574,2.9551,0.27473,8.23,3.1994,-11.272,-4.8212,-2.5332,-13.008,-4.6683,3.0363,-7.6533,-7.0056,4.6676,7.8563,5.0306,1.2136,6.4606,15.844,9.2308,4.9791,17.351,16.838,1.8935,-8.219,-19.512,-22.764,-8.2097,-0.12878,-4.2352,-5.602,-8.4282,-11.729,-5.5357,4.774,10.931,9.3678,3.617,5.6317,10.286,4.1072,-2.991,-2.6157,-4.2623,-5.8722,0.043012,5.6244,4.7661,2.4432,2.2221,1.9409,-0.53745,0.13771,5.3228,1.1318,-10.513,-7.1418,3.9463,1.5019,-1.1845,2.2043,-5.3402,-10.824,-1.7569,0.25492,-0.58674,9.7623,7.3235,-4.6931,1.5798,4.1054,-7.3854,-0.43081,9.4469,-4.721,-12.905,-6.6634,-8.3292,-4.4944,9.0943,11.367,10.208,12.884,8.941,7.6527,10.586,4.0559,-2.7219,-5.6147,-14.504,-16.801,-5.8046,2.1163,2.5855,-0.98751,-6.2177,-7.7296,-10.09,-10.921,-1.6123,1.7563,-4.5294,-0.3562,4.4068,3.8167,19.467,32.6,18.074,3.9181,2.2072,-4.2568,-7.6792,-6.5169,-11.469,-8.4775,2.1953,-1.5798,-9.1054,-2.4478,1.7908,-6.0324,-7.6465,0.51008,1.3856,-1.74,6.4951,12.664,3.1727,-0.82039,7.6728,5.2916,-7.2156,-12.208,-11.261,-6.63,0.47827,0.16514,-1.3525,4.635,5.4455,2.9105,11.145,17.08,11.556,7.258,1.787,-7.0795,-8.5076,-9.2014,-10.108,0.84596,4.504,-11.164,-17.502,-7.5993,1.9362,9.0222,6.8233,-3.0726,-2.8457,1.8889,3.8023,9.1911,7.5569,0.10461,-0.58285,-5.1693,-6.9629,3.1458,-1.8072,-10.949,4.4504,12.087,2.7472,6.7582,6.9639,-1.2435,8.6074,11.407,-6.8042,-10.33,-3.5183,-8.3363,-10.166,-3.5502,-0.56028,-4.5611,-10.616,-8.0341,0.29209,4.2555,10.014,11.687,-0.51309,-3.7148,9.0933,10.698,0.97661,-0.49453,1.2337,-3.6191,-3.8603,8.0793,10.836,-7.1272,-15.545,-0.55876,10.78,7.1248,-1.8463,-8.55,-7.5677,-8.2876,-11.733,0.29635,13.275,7.1898,2.0967,0.98647,-6.5164,-3.7041,2.3801,-4.6538,-3.69,4.4922,1.348,3.8264,12.666,8.2201,3.6949,4.4978,-4.4244,-11.076,-5.1725,-1.9891,-3.9834,-2.1242,0.34725,-2.9319,-7.3174,-1.8075,7.6648,3.9922,-1.3638,9.336,14.864,0.67865,-7.7432,-0.85667,4.0259,1.8303,-7.1384,-15.689,-5.4647,8.313,-0.45543,-7.0225,5.0677,5.2872,-5.8067,-1.4046,8.681,7.1253,-2.6968,-8.4581,0.82056,8.385,-1.1891,-2.3377,8.3985,4.4808,-2.2821,-0.67016,-5.6157,-4.4354,8.7605,7.576,-6.3564,-13.329,-10.609,-0.10535,5.2033,0.087084,4.1819,11.869,1.179,-11.216,-3.7959,12.174,17.458,3.968,-15.41,-16.106,-0.45276,3.6118,-9.4066,-12.655,1.4896,5.6735,-2.8809,2.4268,15.614,14.497,7.4605,7.5062,8.1521,-0.39767,-11.354,-7.0936,1.8347,-5.7991,-11.331,-3.209,-2.3516,-2.7147,4.3841,0.91445,-5.4083,-3.7934,-8.7775,-10.22,2.1082,6.8075,3.2823,6.0475,10.706,12.139,8.0163,3.0513,4.7028,0.37337,-7.1621,-1.7734,-3.6369,-11.046,6.907,18.432,-1.719,-9.6114,-4.0347,-13.029,-12.884,-0.17527,1.9122,3.4938,1.0551,-12.164,-6.6093,8.9415,1.1249,-4.3394,11.186,13.97,0.83624,0.74365,9.1384,8.3809,5.2717,4.229,-5.0951,-14.115,-6.9865,1.1623,-2.1066,-3.6548,-3.5724,-3.2859,6.2296,7.4026,-6.4144,-5.8847,3.5205,-1.3091,-3.309,3.1921,0.36758,-4.4431,0.014288,7.6189,8.2883,-3.5116,-10.525,0.37739,6.495,0.63597,1.6813,5.9223,3.7247,-1.1103,-5.8841,-4.7906,-0.40206,-1.504,-0.016571,4.6126,3.0337,2.2315,1.8887,-1.8224,1.8187,3.2845,-7.8628,-9.9332,0.10366,0.78204,-6.8952,-7.4174,6.1328,18.298,7.4294,-5.6354,4.6443,10.003,-7.0441,-15.018,-2.963,4.6111,-0.75364,-6.853,-10.164,-10.359,0.17604,11.556,9.7826,7.6062,6.6514,0.50418,7.4463,15.005,1.969,-1.4835,-2.0445,-22.568,-12.518,17.053,-2.1694,-20.075,4.1928,7.6386,-5.4166,-0.13554,-2.9128,-3.0606,9.3711,-0.88654,-11.279,3.0114,4.9951,-3.4663,2.2037,5.4569,1.8697,2.1086,1.245,-0.35633,1.0278,3.6346,3.4099,-3.2,-4.9759,3.8975,8.1267,5.4266,3.6667,1.7432,2.0693,1.904,-3.1333,-4.8759,-5.4109,-9.5678,-9.6103,-8.5087,-8.0392,-4.1383,-8.7877,-15.854,-3.7964,11.258,10.659,8.2264,11.103,13.583,11.083,2.8467,1.6284,9.4275,9.1054,3.0949,4.0652,5.8964,1.0571,-5.6907,-3.9726,4.995,3.1371,-10.935,-21.414,-26.667,-23.716,-11.207,-8.6711,-13.688,-5.5581,3.9053,6.68,16.088,20.963,15.673,19.111,21.067,8.8965,5.7815,11.766,3.59,-6.4298,-2.4322,0.49178,-4.615,-7.7487,-6.24,-5.3155,-10.997,-18.299,-15.253,-10.056,-13.8,-10.703,6.5046,17.158,14.034,9.9529,6.6259,-1.9078,-7.7468,-0.073809,9.8827,7.0606,0.94104,-1.4182,-6.1042,-0.85322,17.343,19.397,2.7642,-6.4107,-6.1825,-2.5643,3.5424,0.45971,-8.6962,-10.722,-12.85,-15.627,-8.706,0.47556,6.97,12.31,8.0401,0.77608,2.4636,2.8218,0.81987,4.3746,3.5865,-1.6889,-2.5426,-2.4279,2.4972,5.2866,-11.524,-20.617,-1.6682,7.88,1.7296,6.2993,8.2201,1.6528,2.1444,3.5456,10.237,20.579,5.6802,-16.182,-12.193,-5.9566,-7.5874,-2.8197,-2.2607,-3.4848,0.096637,-3.7283,-4.6742,-1.1347,-7.9797,-2.6628,13.167,3.5874,-5.7842,9.9294,14.149,2.8054,-0.9691,-2.6267,2.316,12.657,4.0177,-11.698,-11.019,-7.4332,-5.3307,3.91,6.5029,2.0101,8.3658,11.696,-1.7868,-6.4272,-0.61546,-11.39,-17.693,3.6495,14.998,0.22851,-8.538,-5.1568,-1.4025,1.7074,0.17808,-0.14109,5.8014,4.2092,-3.098,-2.1155,2.7578,5.7625,6.8084,4.8184,4.0566,3.1913,-3.213,-9.5035,-8.5762,-1.5238,2.4751,-0.96409,0.24309,5.7934,2.8642,1.6968,5.7692,-0.89569,-7.6237,-1.6515,0.9266,-6.1695,-13.553,-13.614,-3.9864,4.5036,8.6142,12.459,5.7729,-0.66163,10.829,14.389,2.02,0.95777,0.1813,-13.104,-14.289,-1.5201,5.527,1.0481,-11.227,-12.546,3.6946,10.685,1.4371,-2.0705,5.6898,13.658,9.7154,-4.3185,-7.0572,2.9149,2.2441,-9.2368,-12.731,-5.9567,0.39358,0.83462,0.72603,5.28,8.2066,3.5322,-3.7934,-5.3303,1.7943,7.6117,-0.071078,-11.164,-7.9164,0.86839,0.056846,-0.46769,6.9904,11.092,10.013,8.5964,4.2665,1.267,-1.0571,-9.7939,-11.452,-3.0443,-4.523,-7.7274,-2.0739,-4.5629,-7.0772,3.8518,8.1385,4.4085,5.7037,3.2229,-0.31011,2.5704,4.1591,6.4092,4.1401,-9.6988,-12.434,-2.7346,-5.8971,-10.781,-2.9736,4.6691,11.608,16.993,12.195,8.273,8.7623,2.464,-2.7963,-1.3877,-7.2108,-20.63,-24.341,-13.787,-3.6408,-0.67734,4.4802,9.5855,7.6194,8.6275,11.566,6.5503,6.3625,10.691,-0.45563,-12.098,-5.2574,-1.0141,-7.5721,-7.8385,-4.3309,-3.9282,-1.2253,1.419,1.305,1.0191,0.99154,6.9141,14.453,7.4858,-3.3061,0.31832,5.4783,2.8308,1.0678,-0.48563,-3.2409,-6.423,-12.553,-12.126,-2.9714,-1.086,-5.0559,-3.3103,1.5232,5.9511,6.1559,1.1652,0.97739,5.4474,7.6966,8.3053,3.9994,-0.79015,1.2343,-1.4677,-7.1413,-1.2492,5.5649,2.527,-8.8252,-22.728,-13.812,15.234,21.986,8.2777,0.34903,-4.8759,-1.5521,7.9064,1.1977,-7.5181,-6.103,-10.414,-7.8432,4.7167,1.5085,-4.0044,5.4436,9.1694,2.2385,-3.8977,-5.718,-0.38245,1.5753,-7.0825,-11.261,-4.914,6.5541,17.381,16.882,9.5775,4.7724,-3.0804,-4.5423,9.0118,13.673,0.55276,-7.7463,-4.0954,-2.0349,-10.266,-21.47,-22.171,-14.342,-7.1183,0.72183,9.4069,12.423,5.7532,-4.3366,-2.6918,12.002,20.069,9.2208,-7.0063,-5.7636,7.1916,6.8763,4.274,13.07,4.0189,-16.261,-5.2788,12.474,0.25616,-12.97,-6.5401,5.0326,11.908,4.3157,-12.346,-17.858,-15.333,-12.531,-6.4981,-4.2757,-6.9303,-5.0224,2.5486,12.081,14.571,9.2708,11.146,14.617,8.1143,6.0261,7.6229,1.2637,1.7826,9.1349,4.0261,-6.7828,-11.87,-10.771,-3.2962,-4.1446,-15.778,-12.226,2.7687,1.032,-10.768,-11.764,-2.2145,9.0803,11.733,3,-2.7832,-0.27131,-1.0358,-0.30847,13.443,21.055,7.4852,-1.5227,4.7467,2.0334,-7.3078,-4.7558,-0.73176,-0.92772,2.8525,-0.1963,-11.819,-12.243,-3.7534,-1.1973,-0.88633,2.4686,8.6411,14.31,5.2975,-13.729,-13.828,-0.89282,-0.83235,1.4925,13.755,7.606,-7.0249,-3.4698,-1.6482,-8.5234,-2.5348,6.8968,7.7782,5.7836,-3.0605,-9.1501,-2.7364,0.079737,1.7607,8.2529,4.8285,4.4672,13.381,6.749,0.21977,6.1698,-7.1765,-23.413,-10.108,3.0003,-3.1443,-12.045,-13.629,-0.45178,11.712,4.32,-0.034757,5.4887,3.7666,2.6123,1.9792,-0.66849,8.7967,10.365,-9.1231,-13.941,-1.6628,0.89896,1.2845,8.1346,12.778,8.9981,-1.6954,-4.1635,1.1343,-1.2783,-1.4706,0.79405,-9.4536,-14.294,-6.3778,-1.7999,4.4589,4.1813,-9.4261,-5.2652,10.211,5.2679,-1.8466,1.9206,2.9589,1.8446,-4.7128,-9.1502,3.2722,7.3652,-3.0658,4.5239,18.3,14.23,6.1242,0.25872,-1.3523,3.3803,-4.8615,-19.645,-15.384,-7.6291,-11.126,-8.5818,1.5501,6.609,5.4932,3.0134,6.028,9.5697,0.035372,-10.79,-3.2365,9.0259,6.6422,0.4157,4.5522,10.829,7.875,-0.32224,-3.3051,-1.5237,-6.5766,-16.732,-15.072,-4.5439,-1.0133,1.8147,10.422,12.908,9.0435,6.1868,-1.0639,-9.2978,-4.9992,3.6978,-1.6106,-10.362,-0.63655,13.281,6.1952,-8.6641,-10.392,-4.1303,1.7541,5.1824,7.7031,10.343,2.0383,-12.719,-9.8871,3.418,6.9761,4.6318,-2.5748,-8.996,-1.0225,4.5734,-2.5025,-1.2857,4.7749,2.3277,3.2358,7.5964,3.9999,-3.2702,-7.2329,-5.7309,-1.5023,0.2959,0.1971,-1.9296,-1.1011,6.8386,5.1262,-6.4096,-4.2229,2.804,-1.171,-3.459,-2.1391,-0.87685,4.0695,2.2303,-4.6729,-2.7499,0.95222,4.7848,11.82,9.1124,1.4779,1.2846,0.38269,-2.3441,-3.6578,-5.5209,-1.2573,2.5883,-5.2082,-11.439,-9.9201,-7.7888,-2.4254,4.0066,7.5884,8.8091,4.7897,5.6185,13.167,5.8376,-7.4454,-4.4132,-2.4249,-8.6133,-2.5236,9.8353,11.34,5.3823,-2.1327,-8.304,-10.141,-10.433,-10.043,-3.6853,4.8614,4.3119,3.0665,12.186,11.174,-3.4613,-2.0583,4.0334,-7.274,-8.4157,4.0301,1.4016,-4.5518,-1.8601,-1.8422,2.9698,11.167,8.8751,5.1556,2.5661,-5.5609,-7.7981,-0.23977,5.6104,1.2412,-12.404,-18.016,-9.0471,-2.2313,0.85794,5.6805,6.15,6.0946,5.4662,-0.45606,1.3381,9.3049,9.2677,6.2859,-3.2574,-17.048,-7.2738,12.164,7.6382,1.123,7.8231,2.1911,-10.689,-9.3311,-4.7764,-7.8443,-8.6968,-2.6672,2.0185,1.6481,2.1434,2.088,-0.5076,4.8093,11.85,4.5277,-3.4921,-2.4973,-4.5529,-0.1207,11.828,2.1612,-16.432,-8.3566,7.0565,4.6927,0.96867,4.7463,6.9966,4.8539,-0.44386,-2.2053,1.2164,3.1176,7.2565,7.8422,-8.4759,-19.468,-10.135,-7.3131,-10.926,-2.4715,-0.54991,-10.148,-7.5055,5.7499,14.808,12.32,2.1091,7.3086,20.372,8.2841,-6.4319,3.1602,6.194,-3.4255,-0.52881,4.5367,0.6743,-4.7923,-9.3611,-2.6993,6.6781,-5.0545,-14.081,-1.413,-0.51425,-11.528,-9.2153,-9.7493,-13.309,0.76447,11.318,7.0247,7.8991,5.5654,-2.8591,4.7042,14.32,8.9196,8.9388,12.407,0.93393,-9.6338,-5.4206,3.7672,10.433,8.6718,2.0314,3.7878,6.0884,-4.3371,-18.849,-28.188,-28.677,-18.094,-9.4531,-12.866,-15.914,-6.877,9.7638,23.314,29.783,33.986,32.534,16.584,-1.0438,-1.2787,3.7966,-6.0895,-14.908,-3.3579,1.1349,-18.093,-21.101,0.32613,5.1148,0.12784,8.3425,4.6687,-12.38,-15.157,-11.948,-7.0742,8.8645,12.157,-0.89885,5.2914,21.027,8.6554,-13.785,-12.303,-4.801,-10.124,-3.7266,14.425,10.047,-0.73034,13.082,21.353,7.7282,3.4976,5.5329,-5.8275,-13.501,-8.6277,-6.9028,-12.021,-15.61,-12.913,-8.4095,-5.6733,3.4177,15.4,12.576,-0.69682,-3.4869,7.4176,15.031,7.787,-0.52307,2.0674,1.8374,-3.3977,-1.227,-0.83582,-6.6674,-5.1191,-2.3858,-5.8664,-0.86176,9.1926,3.2826,-9.196,-3.458,10.758,10.344,4.5023,4.2749,-1.4142,-6.5639,-2.8317,-6.0028,-12.138,-8.661,-5.9694,-0.57672,5.2622,-4.6086,-0.87283,22.883,15.631,-5.0361,0.82709,-0.35396,-5.1332,13.029,13.208,-3.9187,-3.1171,-12.754,-23.874,-1.6671,6.1766,-10.031,2.5992,18.802,5.7363,-1.1023,6.1281,4.9024,-3.3887,-6.9158,0.52057,2.2177,-11.529,-13.591,-7.633,-12.689,0.34968,23.258,12.651,-1.0594,7.2248,1.9905,-5.9356,11.209,20.201,2.4914,-10.085,-2.1604,4.44,-5.7912,-14.641,-9.5675,-5.289,-5.5541,-8.8586,-15.035,-5.7029,9.9093,7.5014,10.256,21.151,12.38,4.2816,1.4896,-14.512,-7.0634,18.289,6.5405,-11.228,-3.0894,-3.4823,-5.4228,2.0133,-4.2659,-6.6058,1.8115,-2.9307,-3.9569,3.5157,-0.67112,-0.34148,7.2543,4.6083,2.9726,4.1911,0.36001,-1.5341,-6.4402,-11.853,-4.7729,3.7401,4.2623,-0.13256,-1.9396,9.4105,11.49,-3.9101,5.7376,22.363,1.2409,-13.684,-2.1488,-4.8542,-9.8857,-5.2902,-13.396,-20.539,-13.778,1.2966,20.019,14.911,-4.2915,3.9432,13.744,5.7284,12.541,19.134,3.8332,-8.5936,-10.698,-4.6068,3.8731,-6.7393,-19.657,-13.942,-8.2542,-2.5484,6.9045,6.777,5.3381,0.55345,-9.1054,4.412,23.647,15.151,2.5966,-3.17,-9.5699,-5.9733,-6.4173,-11.086,1.0762,2.352,-11.394,-0.98667,13.419,10.077,11.135,5.2554,-9.5672,-3.1137,8.0003,1.91,-4.7029,-8.6942,-11.935,-6.9889,0.71331,7.193,8.7559,1.5783,-1.0528,-0.2009,-8.6518,-9.9542,2.5285,4.8331,-3.039,-1.5738,7.7325,13.29,10.269,1.8326,-0.77933,5.5437,6.4516,-4.0349,-11.441,-12.077,-14.13,-8.2686,5.7382,6.1133,-0.13237,4.5945,5.1122,0.40282,6.5055,7.7727,-3.1008,-6.2279,-5.55,-9.0843,-4.0768,4.8155,6.0004,5.6213,2.0174,-6.6639,-6.3862,1.7072,5.7432,9.178,7.1734,-8.8101,-16.416,-2.2863,6.4424,-0.10604,-1.0073,5.9174,10.643,12.738,9.0788,1.2343,-2.7541,-5.5279,-7.7967,-5.374,-5.503,-9.0001,-6.6306,-4.905,-9.0662,-6.6627,2.499,7.0933,7.8817,3.6051,-5.9135,-3.3619,8.0546,3.5092,-2.142,12.427,17.081,0.73455,-0.54237,12.308,9.983,-0.90471,-2.8336,1.0628,-1.1322,-12.685,-17.654,-8.701,-1.6812,-0.25797,0.91406,-0.67545,-1.2307,-5.6815,-18.865,-18.016,-3.3317,-2.801,-5.2191,5.4929,10.782,10.994,18.713,22.064,20.439,24.783,20.608,2.1465,-3.471,4.5107,-3.4234,-15.321,-10.381,-16.188,-29.542,-14.015,-0.1199,-13.827,-13.81,-3.0032,-12.662,-16.701,-2.7237,6.9325,12.972,17.171,16.397,15.712,12.278,13.72,23.027,16.292,-0.4745,-1.107,0.5279,-9.0407,-11.824,-2.0094,0.12917,-13.912,-18.478,-6.2681,-7.1867,-12.046,1.8532,5.5291,-5.2986,-4.4035,-4.5135,-2.8925,15.069,17.043,-0.69498,-1.3763,7.9098,2.1362,-10.9,-6.3936,14.085,13.67,-3.7615,-4.2985,-6.0698,-8.6673,13.403,16.847,-5.2091,2.9089,12.774,-5.0046,-5.3422,4.3566,-4.4038,-12.304,-14.388,-7.9985,4.2693,-4.7335,-13.138,2.5006,5.5882,-1.132,7.6733,7.7964,-3.515,-6.8442,-7.4339,0.70143,16.031,13.563,-0.44545,-0.85303,11.158,13.519,-2.5933,-10.321,2.0976,3.6662,-8.3058,-7.3038,1.0933,1.4073,-3.0534,-5.6267,-4.0785,-2.5317,-1.8228,0.88805,2.4752,4.5885,4.0638,-5.6075,-9.1889,-5.3269,-8.8018,-2.6947,12.369,6.4125,-5.1721,-0.86827,3.3729,4.6456,8.3517,11.892,14.462,6.6069,-1.517,7.1612,8.4746,-5.5524,-13.7,-20.825,-20.16,-2.9602,2.2293,-2.8499,0.19557,-2.0931,-1.1311,7.6777,1.1607,-3.1377,7.4156,7.927,3.6559,-1.03,-12.228,-7.1836,4.0282,-0.57575,3.7668,10.902,2.1878,5.7426,13.178,1.2979,0.24944,9.8755,1.8802,-8.1208,-8.1791,-6.3898,-3.2943,-6.606,-11.339,-4.6865,-0.48923,-3.1303,-3.1474,-7.2631,-7.5886,5.9613,11.121,0.98461,-2.3529,6.2599,13.272,8.8772,1.3885,4.8241,8.1299,3.0678,6.0215,10.41,-0.43091,-9.2258,-7.6707,-10.292,-12.47,-7.6864,-3.326,-1.127,-4.8113,-13.05,-11.741,-2.9892,5.8803,18.002,21.747,11.887,3.494,-5.1265,-12.152,-2.3776,10.052,12.674,11.348,-6.492,-23.886,-5.4382,9.8413,-8.1814,-8.3193,13.33,9.4552,-2.1796,4.8878,4.2154,-9.4703,-11.731,-6.6451,-7.99,-3.1417,12.55,13.599,-1.4375,-1.7681,6.8854,-0.92879,-8.2757,1.4542,6.1619,-5.2877,-14.36,-8.2946,3.7924,7.6502,5.0409,5.8352,8.4213,7.6645,6.7898,5.9144,-2.4691,-12.167,-8.9815,-3.6697,-4.3459,4.1624,7.6815,-5.7999,-2.2465,7.1938,-8.9116,-8.7001,7.9826,-8.4273,-16.062,8.6122,8.0954,-2.2797,6.6727,0.98025,-3.5121,10.057,6.6182,2.541,13.187,4.6696,-11.877,-14.286,-9.992,4.0779,8.3864,-4.2053,4.9915,17.313,-1.2449,-10.296,-0.51736,-3.9721,-5.2883,2.6667,0.23593,-4.1163,-3.8544,-5.3779,-4.9787,-5.3931,-7.342,-3.1743,3.029,7.6043,11.889,10.798,5.8921,5.6165,9.2513,8.2805,0.97077,-3.2922,-3.4757,-5.6588,-3.8721,-0.57448,-6.1652,-9.5155,-4.9739,-3.0255,-0.15394,3.9312,3.7467,4.6932,-0.92333,-12.297,-5.8957,4.3042,-4.0381,-4.8374,8.631,8.974,2.052,3.1358,4.0425,2.3553,1.2635,-0.64974,-0.53198,2.8214,4.4602,0.78194,-2.3928,3.2417,6.7368,-5.0554,-15.086,-5.9202,7.3433,5.4695,-5.099,-5.8216,2.7139,3.2019,-5.4204,-10.71,-9.34,-3.1259,2.0075,1.5768,3.7388,7.6419,4.3313,4.1258,11.963,12.871,5.4322,-0.89926,-4.9278,-8.8624,-12.875,-7.6828,6.123,6.3747,0.15788,9.2922,9.244,-8.7977,-9.5495,-0.15294,-3.1862,-2.2306,-1.2113,-10.566,-7.4309,2.9599,0.12384,0.51415,8.2324,7.7083,3.4649,1.0887,2.5987,5.0004,-6.6326,-14.323,4.7844,14.032,-3.1578,-3.6819,14.079,12.75,-4.6055,-13.095,-6.7669,1.9158,0.74524,-2.6674,-1.9376,-5.5642,-8.3139,-0.83252,5.9925,2.89,-3.0972,-1.2925,7.294,9.3027,3.5033,0.25055,-2.4988,-6.9578,-7.4002,-4.7013,-0.61398,3.7233,6.1481,10.313,11.94,3.9423,-4.4808,-8.0548,-9.4391,-6.4184,-4.7004,-5.7467,-2.5097,-1.7733,-0.26242,11.54,14.006,4.8367,8.3418,12.468,0.60365,-8.3884,-5.6213,-1.517,-4.1366,-11.893,-10.143,-1.95,-3.6337,-4.6768,-0.21742,0.40219,9.4234,17.354,-0.97794,-15.281,-0.22943,9.7056,0.87539,-1.9194,5.0681,7.1901,1.2556,-1.0654,4.939,4.2673,-3.6381,-0.66472,4.627,-3.2953,-5.841,3.3355,-3.886,-19.134,-5.4765,13.311,0.3036,-11.384,-1.8264,0.077766,1.6238,10.836,3.0894,-3.5524,5.4964,-1.2145,-9.0152,4.8661,7.5448,-0.54562,1.5975,-2.7178,-4.22,7.3078,1.7145,-9.1085,3.0386,13.131,6.7213,-2.4355,-6.6337,3.4135,11.083,-4.2605,-11.13,1.8586,-1.8431,-15.955,-12.764,-4.9523,-1.7706,5.3537,9.5877,2.6113,-5.7272,-1.5437,9.6182,9.6961,0.79008,-4.4992,-5.0139,4.5281,18.621,12.621,-4.7989,-7.2254,-6.7523,-9.9169,0.22615,6.0771,-6.5702,-5.9884,6.1679,-4.1601,-13.724,6.6401,21.344,9.8367,-0.013863,-2.8977,-9.3384,-7.857,4.4916,12.544,7.4153,-9.236,-20.207,-9.9578,2.1318,-5.0884,-13.027,-5.4249,0.13094,-4.4338,-1.5628,11.323,17.82,16.466,16.569,16.947,13.704,6.5027,-2.3712,-4.0025,1.3522,-1.3721,-12.856,-17.936,-14.736,-14.195,-16.666,-8.9125,6.7585,8.156,-0.28827,5.2492,14.547,10.479,1.5321,-8.5126,-16.269,-15.851,-16.622,-10.289,10.972,15.79,4.9726,8.7518,9.65,5.7041,23.652,34.204,20.888,16.662,10.479,-7.4557,-6.8147,-4.5955,-21.225,-26.817,-26.021,-38.58,-38.232,-20.314,-11.284,-5.9546,6.8209,13.117,10.922,17.944,29.173,23.274,11.978,13.054,11.786,8.0248,12.145,6.7614,-2.7544,2.482,0.56981,-11.673,-12.096,-14.057,-18.267,-4.4354,8.9961,6.7378,1.1223,-5.7347,-9.0233,-6.7213,-9.511,-10.474,-7.3281,-9.9826,-5.6993,7.7205,12.582,11.832,7.8123,-2.525,-6.8526,-4.4645,-0.080733,9.0714,10.958,6.7972,13.419,18.245,12.051,8.8685,5.3847,-3.2305,-9.2156,-12.447,-8.1839,3.716,7.1172,0.94384,-6.6112,-14.4,-16.592,-15.831,-16.832,-11.884,-10.059,-18.355,-14.245,2.9574,12.286,17.069,18.803,11.471,6.8443,5.4303,0.94413,9.6568,28.937,31.567,21.946,18.738,13.663,0.58735,-6.4079,-3.8017,-7.7107,-26.215,-43.123,-41.782,-31.214,-27.773,-29.006,-22.937,-6.1231,12.836,24.571,29.696,28.666,22.624,22.692,24.088,11.883,2.2144,6.5045,3.6946,-4.7081,-2.5948,-0.073354,-3.8224,-10.81,-15.324,-3.2803,7.0091,-4.4433,-5.6958,1.425,-12.633,-9.2147,17.32,7.3642,-16.023,-8.8807,-7.2965,-17.523,-10.761,-3.4158,-5.325,-5.5929,-6.0713,1.1543,17.502,26.704,28.461,28.428,27.896,25.133,7.9597,-13.267,-13.867,-6.2858,-7.6882,-10.834,-15.815,-24.307,-29.928,-28.139,-14.489,0.01996,3.6882,11.26,22.598,19.223,11.899,13.611,12.441,2.5823,-6.4812,-4.8801,-0.62341,-7.1528,-8.5701,0.76882,-3.8712,-9.8794,2.7462,7.1397,3.1722,13.06,12.993,-3.6086,-5.9049,0.63184,-0.9605,-4.0214,-7.9944,-10.204,-4.6457,-0.30258,1.3799,6.1008,10.158,12.359,6.8784,-7.5712,-9.4248,-1.6135,-9.9097,-17.719,-6.6246,0.15376,0.025938,6.3499,5.0783,0.26412,12.048,23.853,17.513,4.4412,-3.4124,-2.7795,-2.8723,-14.074,-20.549,-10.774,0.43603,5.9948,6.4139,1.6691,0.93321,2.299,0.1332,3.3133,5.8273,-1.3339,-5.8703,-8.1336,-12.994,-9.0163,-1.2691,1.6693,8.3593,13.416,11.361,13.083,12.235,-1.2093,-11.545,-7.0581,-2.0013,-7.5531,-9.122,-0.93116,-2.2888,-6.1229,5.7219,10.215,0.46892,3.3769,9.5078,0.59254,-8.0511,-3.8973,7.8333,7.1292,-8.928,-7.0281,3.3757,-10.645,-13.08,9.9243,12.376,1.8209,1.4348,0.14833,2.9867,-1.9662,-18.793,-3.7071,20.744,3.1345,-15.047,-8.0768,-3.0011,8.9197,18.718,5.0801,-0.59555,7.5068,3.2298,-2.345,-2.9912,-6.0665,-2.328,1.9932,-3.3283,-7.2718,-6.829,-9.5354,-12.175,-2.1341,15.884,14.967,0.50739,1.8204,8.6583,7.7097,5.2132,-8.27,-19.046,-5.6235,2.0834,-6.1913,-2.8171,3.132,-0.81891,-2.8225,-0.85627,8.8761,21.514,20.566,13.93,4.9683,-12.4,-19.869,-14.034,-8.0867,-0.72326,-1.2104,-7.0849,-1.3518,-1.4465,-7.0551,6.6902,14.746,4.3997,4.3447,2.5992,-10.281,-7.6398,0.79572,-3.5553,-6.1835,-1.1886,5.8037,9.2401,5.8082,4.0871,1.7584,-2.0347,8.2103,13.379,-6.3029,-14.419,2.3212,12,10.632,6.2615,-5.8419,-17.152,-15.482,-3.9411,-1.3604,-13.775,-11.672,4.8853,-1.5167,-10.106,7.4335,8.5755,-9.2244,5.7886,30.199,17.639,-1.15,1.4281,1.723,-4.9985,-0.65496,7.0567,2.5499,-6.466,-9.4011,-8.4197,-3.8341,6.0356,12.77,5.8211,-7.4086,-8.3684,-2.1431,-6.4704,-8.8448,1.5805,2.0162,-8.4409,-5.571,2.7411,-0.27229,-5.4366,-2.714,5.4308,8.9535,4.5192,3.7533,4.6014,-1.2789,1.3776,14.782,17.682,7.6929,-5.7589,-13.475,-7.0994,0.68364,2.6454,10.171,12.148,0.54509,-5.7122,-7.9164,-14.598,-16.013,-15.838,-17.763,-13.177,-7.6777,-2.0366,8.9559,12.864,10.759,12.704,6.7138,-1.9352,8.4783,21.879,14.669,2.5559,4.3831,9.4691,6.7336,3.683,0.049254,-10.891,-16.7,-11.275,-7.4336,-7.288,-13.191,-25.234,-21.605,-5.309,2.0196,13.709,26.01,11.146,-7.0462,-2.9893,2.8159,6.823,13.245,8.134,1.3321,5.1328,6.4982,4.6984,5.8692,1.0448,-11.888,-20.129,-13.754,-1.7879,2.4145,6.1309,10.921,5.6083,2.6474,6.969,-2.197,-13.836,-7.4108,-2.2819,-7.7564,-7.1695,-4.0244,-9.0528,-12.229,-1.4367,16.33,23.288,15.3,3.4112,-1.622,4.0879,6.9916,-5.0725,-10.073,4.8628,9.8608,-5.1171,-11.185,0.61641,9.2085,3.368,-3.9271,-4.2399,-8.6399,-13.591,-4.6315,5.5776,5.2484,1.8873,-4.7682,-5.7395,7.066,8.6559,-1.6528,3.8733,7.2433,-8.3963,-12.702,-1.8559,3.2158,7.0028,6.9436,-3.6938,-4.8693,7.57,9.9627,0.65828,-0.40828,8.4239,8.9968,-2.6514,-11.152,-11.932,-8.6949,-2.1372,-1.9574,-4.5585,3.4198,2.4589,-8.6675,3.8893,14.184,-6.7777,-6.8206,16.614,8.2505,-4.5045,4.8901,-2.4466,-10.939,4.9803,6.9535,-6.9965,-10.556,-11.027,-0.33184,16.783,6.6689,-7.4005,4.7053,11.985,3.4036,-2.4899,-7.6124,-8.6224,-2.1923,-0.68898,-1.7578,2.8111,9.0517,10.174,1.8796,-5.5201,-3.7817,-4.9785,-7.4162,-2.8007,-1.0022,0.72291,3.9555,-4.5013,-8.3446,3.4651,5.7175,1.4638,5.5385,1.1806,-6.4034,1.6522,6.4626,-1.2872,2.8346,17.505,12.121,-9.013,-9.6969,5.4653,4.4252,-6.0313,-11.675
8.6806,3.9774,2.5612,-1.7659,-9.4684,-9.145,-4.6203,-3.3168,0.18795,3.0296,-1.3447,-1.9916,3.9206,1.7067,-3.8551,0.64766,4.8686,0.46866,-4.4514,-6.5536,-4.109,3.2338,8.8383,12.97,13.824,3.9973,-4.9993,-2.6195,-0.09077,-0.68922,0.0079053,-1.5081,-3.3072,-4.2535,-6.9714,-6.7133,-6.3022,-9.0211,-3.8561,6.1185,6.6558,0.9397,-2.5498,0.039804,5.4796,3.6203,0.73563,4.1183,3.0602,3.4125,10.783,6.5551,-2.0176,-0.35772,-6.2149,-12.981,-2.397,2.9925,-1.7803,2.5148,4.1006,-1.2911,1.1611,2.379,-3.2627,-5.1906,-5.5507,-7.2192,-7.9635,-5.9818,2.7775,7.5327,1.7212,3.543,10.461,6.3536,3.9721,6.7152,1.7301,-1.7593,-0.61017,-4.1259,-3.6842,2.1559,2.5283,-1.0785,-8.3593,-15.663,-10.562,1.2003,10.343,17.51,13.213,-0.33581,-6.7434,-11.028,-14.288,-3.1434,9.1687,7.2339,3.845,3.6534,-1.6441,-8.431,-9.0711,-2.473,5.4634,7.7882,5.5692,2.0932,1.5431,6.3318,5.9792,-1.4885,-2.8723,-2.8262,-7.7095,-5.7009,-1.2777,-4.4053,-4.1082,-0.1926,-1.1137,0.72101,4.9477,2.3205,-2.4151,-2.2273,2.733,7.2007,5.4441,3.0246,4.5564,5.4,5.6446,1.9397,-6.9947,-7.5959,-5.0597,-14.165,-17.696,-6.3397,2.8614,10.744,17.711,9.6161,-3.3588,-4.9931,-0.74206,3.5814,4.0228,-0.34379,-1.9403,-3.6224,-6.0027,1.2894,6.9632,0.70768,1.2756,8.5619,2.4875,-9.0203,-10.338,-4.8516,1.4998,4.0284,1.6338,0.65777,2.2817,3.2048,1.0624,-4.1403,-2.2099,6.4787,1.1365,-14.353,-15.318,-6.0167,2.2116,13.45,16.406,2.861,-6.0149,0.74228,10.928,16.207,12.619,0.06273,-13.943,-21.948,-15.896,1.0453,5.7466,-9.0759,-19.534,-7.4857,17.058,28.787,18.221,2.1729,-8.549,-13.459,-4.9334,6.3409,1.354,-6.8225,-8.4074,-12.844,-8.7594,7.5813,14.923,15.684,17.841,9.2984,-3.4941,-8.1814,-10.2,-6.6148,-1.237,-8.3924,-11.772,1.7583,8.197,0.78768,-1.959,0.86366,1.9828,1.7488,1.8746,3.7068,2.0641,-3.9185,-2.4812,3.2897,1.129,-0.74847,3.6427,4.58,1.504,-2.316,-7.7481,-7.6404,0.94819,7.9565,5.841,-3.5206,-9.7415,-6.1386,-0.44178,3.517,7.3496,3.6726,-3.9133,-2.4545,2.2494,3.3465,3.9455,1.0389,-0.4064,5.3227,4.2778,-3.9057,-3.6742,0.40099,1.3395,-0.15018,-9.8485,-17.072,-6.3985,6.4025,6.644,2.2087,-2.7499,-4.1743,4.8468,14.552,10.638,-1.3166,-3.7718,3.797,4.2089,-2.1928,-3.0207,-5.2478,-11.004,-6.2584,4.4781,7.2228,2.3719,-3.4567,-2.7822,0.99839,-0.99103,1.0546,8.6471,5.855,-0.2387,-1.3426,-7.0757,-8.6734,-1.6988,-1.766,-2.8948,0.42656,-2.6459,-1.1904,8.4704,7.7354,2.7844,1.9697,-3.8822,-4.4282,5.6589,8.6719,5.1146,3.1178,0.060618,0.59609,1.0411,-7.5239,-10.994,-4.2516,-5.1493,-9.6044,-1.4801,7.8021,3.8031,-2.5576,-0.70798,2.0592,1.2998,0.53569,-2.014,-4.5433,-0.31586,5.1988,6.5292,9.5528,11.727,5.5331,-3.2956,-5.9044,-2.0567,2.3955,3.0132,0.31134,-7.8639,-17.051,-11.811,0.27083,0.6304,1.9703,8.9483,1.6826,-6.4765,2.5344,5.1814,-2.8689,1.3026,7.1323,-0.94151,-7.1693,-1.3921,7.8972,10.096,1.2407,-5.62,0.50979,6.6231,2.5852,-3.4321,-5.663,-4.2986,-0.51961,1.7354,0.93627,-4.1832,-12.646,-10.187,6.5195,12.51,1.782,-1.2397,2.5363,-1.8633,-0.24796,10.365,7.5475,-3.277,-5.7264,-7.3073,-7.0002,1.7113,6.7699,4.2017,-0.33704,-5.7626,-3.9161,2.1588,-0.028344,0.5306,7.948,7.2847,3.422,-0.37301,-8.5096,-4.5986,5.2932,-2.104,-8.2072,-2.0462,-1.2128,2.8248,7.1869,-6.8069,-11.523,5.2874,8.4742,0.71295,2.0653,0.39694,-4.2217,-3.5244,-3.069,0.79828,5.5983,4.0807,6.5966,8.6001,0.45771,0.13728,7.504,3.0563,-2.9914,-0.37976,-2.2727,-12.556,-21.879,-19.552,-6.2255,0.10585,-2.2369,3.0718,12.681,17.261,17.496,9.0667,-3.8561,-7.7314,-1.4279,9.872,14.547,4.2138,-1.309,3.8251,-7.0853,-22.833,-13.583,-2.5054,-8.6493,-7.2681,3.544,5.7312,4.5223,3.8912,0.97282,1.4909,2.8715,2.432,5.3082,3.661,-3.6427,-3.1452,-1.4019,-2.6446,6.0765,10.104,-2.2723,-2.8233,7.9634,0.636,-11.51,-8.9558,-4.3589,0.9128,9.681,7.4231,-4.2814,-8.9448,-4.006,1.1209,-1.994,-4.0439,7.6219,13.675,-0.085538,-6.2102,4.7595,4.8286,-7.1521,-6.5693,2.6661,-0.13553,-9.6024,-7.6476,2.0978,8.1184,12.075,12.083,3.2292,-3.963,-2.5035,-4.2112,-13.237,-12.529,4.6682,13.495,1.1858,-6.7586,-3.1167,-3.0314,4.5013,14.119,0.49557,-7.9179,8.3407,8.3577,-5.3295,-1.868,-3.1595,-11.59,-1.0692,8.3749,1.1127,-4.7572,-6.8362,-5.5708,-0.29988,-0.8878,-1.0931,1.0244,-3.4039,1.4843,15.559,12.68,3.1748,5.7274,8.8396,5.3877,-3.1859,-8.3474,-0.99117,-3.2392,-19.591,-14.783,-0.93973,-8.3947,-8.0803,9.2212,10.48,6.8786,15.369,10.377,-5.9259,-5.4219,-0.19569,-7.3605,-7.5358,5.2034,6.7154,-4.7808,-9.0824,-6.0564,-4.4599,-0.55865,7.706,15.69,16.41,6.8413,-0.56423,1.6653,2.0065,-0.21203,1.1198,-2.5617,-11.019,-14.938,-14.233,-4.4117,8.7996,3.2507,-11.547,-10.832,-4.9507,-4.3464,0.82191,7.4463,9.9854,10.806,7.9301,10.133,19.872,13.842,-3.3021,-2.0902,3.2787,-8.6456,-15.513,-7.9151,-5.9682,-7.6497,-1.3608,2.431,-3.2853,-4.5004,4.9536,6.1276,-7.8137,-10.848,2.9221,6.0053,-1.158,2.1361,6.6998,0.80915,-2.7532,2.8616,6.8065,1.5708,-2.8754,3.2417,7.5618,3.3279,3.6245,5.404,-0.47204,-7.3254,-16.377,-20.664,-2.2091,15.283,7.0948,1.7277,8.6513,2.4082,-7.4557,-4.8342,-4.745,-6.7083,3.1452,10.479,-0.32859,-11.336,-4.8348,2.188,-4.4312,-4.7934,7.7577,9.5629,0.3152,0.23265,7.171,12.029,14.494,9.3892,-1.4262,-7.3171,-11.746,-18.086,-14.836,-2.969,5.0919,9.8637,8.1246,-5.811,-12.586,-2.6098,1.5934,-2.1102,2.101,5.3038,1.4613,1.2958,3.5106,5.5618,8.6972,4.8693,-4.3855,-8.1303,-5.5549,-0.36046,1.4989,0.084926,5.5976,10.213,2.7773,-0.94295,2.6547,-2.3811,-10.121,-10.92,-9.537,-5.521,-1.6243,-2.4603,-0.51018,4.3357,6.2972,10.916,15.059,5.4933,-9.9622,-10.437,1.6941,8.8321,11.248,9.6166,-8.3717,-23.994,-10.229,6.3578,2.927,1.2266,2.883,-2.1496,-1.1034,2.8221,2.1331,3.5646,-3.9066,-15.224,-3.138,13.539,10.287,7.7424,7.108,-6.2197,-11.507,-0.65995,3.0128,-2.6067,-4.5858,-4.2786,-2.8426,3.4715,5.9853,-4.5993,-12.089,-1.0719,8.7796,3.7103,2.733,9.8223,8.3482,-0.2685,-4.1907,0.2636,5.4121,-1.9232,-11.238,-2.5019,6.9959,-2.453,-11.402,-6.7589,-1.7039,-0.96873,1.6053,8.6874,13.68,4.1213,-10.768,-7.2594,5.4887,3.5821,-3.681,-1.0311,1.3934,-2.6101,-2.9361,2.1429,4.6587,3.9152,3.7708,1.4733,-6.2975,-11.335,-3.8306,8.3265,10.407,4.2532,-1.5947,-5.2431,0.17797,13.21,10.187,-8.4321,-12.054,-5.8505,-11.464,-11.569,-0.7571,-1.8875,-4.3854,5.8722,9.6516,6.3029,7.4746,4.8149,2.183,4.1523,-1.7878,-5.4817,2.4554,3.3231,0.55287,5.055,0.6748,-7.1538,-1.9687,-0.90293,-7.1498,-0.6038,10.717,10.654,2.3372,-7.8941,-11.883,-9.9869,-11.716,-6.992,8.1938,7.582,-9.5748,-13.812,-4.3114,4.6865,13.333,18.481,19.051,16.543,2.6293,-9.2245,0.13623,4.0642,-9.0019,-3.0282,12.413,-1.2211,-20.846,-16.972,-6.8153,-1.6184,2.7837,5.5607,5.872,-0.67414,-7.6862,-2.1937,1.9072,-4.3155,-3.5594,0.29544,-4.6317,-3.8779,9.1348,21.59,21.569,6.5264,-4.1072,2.5395,3.5983,-9.1847,-12.026,-3.7706,-2.7328,-5.1587,-1.2,-0.014761,-4.6193,-0.40385,7.5005,1.372,-6.1169,-2.651,-1.9229,-2.2259,4.4795,6.055,-0.091309,-4.7542,-3.7145,2.6873,2.9744,-2.0232,1.387,1.4342,-3.2213,5.5182,9.2354,0.11616,3.4825,8.4256,3.2682,0.38518,-9.8403,-14.53,3.1323,3.3369,-12.274,-3.3763,2.58,-5.5257,5.2267,10.411,-5.7975,-6.6392,3.8855,3.9327,3.7029,5.0817,1.2137,-5.0539,-7.0126,-2.2683,-2.9144,-5.6122,7.2794,15.205,1.7213,-5.1381,1.2899,3.1765,1.7586,1.0295,1.6077,1.2008,-4.2665,-2.8928,1.9565,-9.1758,-17.008,-3.1042,7.4329,3.6291,1.8475,7.0108,8.5389,-0.45688,-3.4473,7.4463,6.3665,-6.4909,-5.9802,0.08559,-0.15069,-4.5024,-11.488,-6.3937,3.5437,-4.5339,-5.2208,12.23,11.937,4.1814,11.629,9.4419,-2.0742,-0.27902,1.4974,-7.1006,-10.652,-3.2077,1.785,-5.5204,-11.438,-4.8458,2.4253,5.4987,6.1374,1.4868,-0.38093,1.1532,-1.8776,-1.1396,3.6081,2.9283,0.48812,-2.8685,-3.1933,2.2484,-1.4235,-4.7407,5.6034,4.8145,-0.94646,9.3215,6.7118,-5.0933,4.6728,6.0492,-9.8035,-5.6432,5.2509,-0.90963,-9.8231,-13.348,-8.6858,-0.43824,-2.7125,-3.3787,6.2404,9.6318,6.498,2.6499,-1.2386,1.8982,2.0358,-3.2336,7.8171,19.708,6.2625,-8.1364,-6.2172,-4.19,-4.1983,-2.599,-3.3589,-3.4175,-3.4337,-5.0503,0.67837,10.321,7.4756,-3.2087,-5.3657,-5.0117,-10.163,-6.9936,4.443,5.0545,-0.17674,1.6422,2.1233,0.84397,5.8232,8.1929,5.6854,10.258,14.784,4.751,-6.7193,-4.0858,-2.6285,-13.271,-18.836,-13.269,-6.8694,-2.0002,-3.6428,-8.3934,1.2373,14.608,12.535,7.9647,9.538,12.814,15.991,4.4997,-13.585,-7.481,3.3365,-8.0682,-14.671,-6.3882,-5.2634,-6.8155,0.32381,8.2106,7.5131,-0.2242,-2.0379,2.0777,-0.091477,1.6565,12.182,9.5884,-5.034,-9.7516,-4.1133,-0.45081,-3.1767,-4.5339,-0.48647,-0.10029,1.9358,11.222,9.7462,1.7454,3.5316,0.9652,-5.2636,-4.0091,-9.4344,-11.897,0.17559,-0.68693,-7.1799,5.3407,10.207,-3.0054,-10.05,-7.8445,3.7079,17.144,11.906,1.997,4.195,5.0204,3.0265,0.59575,-5.065,-4.4408,-5.4522,-14.285,-7.858,7.1748,5.4542,-0.76588,0.29718,1.8052,1.8965,-1.6148,-0.53198,9.6458,8.07,-5.7258,-13.099,-15.434,-9.1741,3.4367,-0.42013,-9.0036,0.44112,10.436,12.335,16.256,15.983,11.728,11.003,8.1736,0.49465,-8.799,-15.073,-14.458,-13.867,-14.433,-10.627,-10.358,-12.141,-4.4779,4.8851,9.7726,14.557,17.467,19.73,15.434,-2.2366,-10.841,-1.2306,1.9741,-3.5992,-6.3627,-9.0272,-7.2828,-1.6313,-0.20917,2.773,3.9359,-1.0775,3.9765,10.841,-1.0202,-9.8946,0.90733,9.4882,7.0979,2.504,-4.3078,-8.6092,-4.9738,-3.7519,-8.5036,-6.3548,1.0504,0.11826,-3.8633,-2.3197,0.80117,7.0389,11.322,3.7387,1.0965,11.695,14.479,9.4639,4.5249,-8.4484,-17.235,-13.046,-10.963,-6.6298,1.9677,0.15734,-0.16718,7.7557,6.9404,1.4871,-3.2014,-9.0187,-2.6033,6.7798,2.5921,1.2292,2.5669,-2.7569,3.6278,13.301,4.8282,-2.5124,-1.4346,-7.3415,-11.955,-9.2612,-6.924,-3.1421,1.5036,6.0513,13.909,16.931,8.1368,-4.5531,-9.5589,-4.4232,-0.041361,0.25464,3.3352,0.94857,-7.4321,-4.8032,2.0432,1.3721,2.9216,5.0098,-0.065841,-8.0889,-15.265,-11.876,1.0042,4.6916,5.8608,12.554,7.0635,-1.1901,4.1502,5.2735,2.027,6.2281,3.0883,-6.7423,-5.869,2.1576,7.0987,2.5864,-7.5698,-10.679,-13.068,-15.612,-2.7735,5.9226,-4.6549,-1.0856,16.755,13.555,1.7566,3.6789,3.3474,-4.759,-4.9649,2.3646,3.6733,-2.972,-5.1855,1.8404,6.4931,3.3199,0.41877,-0.0064293,-2.6301,-3.8852,0.9405,4.3639,1.1946,-2.6831,-5.0418,-4.9009,-2.1851,-5.6249,-8.8442,0.19688,3.299,-4.7049,-0.37003,7.7901,5.5703,8.2472,9.2005,-1.9767,-3.5703,5.7126,6.6811,0.35603,-5.4663,-3.6279,3.0887,1.4987,1.0412,5.2622,-4.3081,-13.356,-7.6576,-6.8111,-3.2387,10.788,8.4288,-3.3707,-3.1614,-2.563,-2.5479,-0.65857,-4.0469,0.41641,8.0891,0.74693,-2.5048,2.6228,-2.0425,-0.15414,10.507,6.4381,0.62615,4.1781,1.6015,-0.98847,4.2734,8.4372,10.96,4.0911,-16.181,-23.261,-10.486,-4.9203,-7.5013,-2.8802,-0.10046,-4.6697,-3.9776,2.4516,6.2769,6.9645,3.7816,-0.60436,0.43187,4.5497,11.154,18.173,10.397,-3.8642,0.33652,8.6127,2.7225,-2.2956,-6.2354,-16.13,-17.024,-9.8197,-6.4583,-2.9081,-0.31027,0.88099,5.681,5.3705,0.86672,1.9986,0.47606,-1.9697,4.7321,7.5881,1.8019,-0.54042,-0.49965,0.39413,3.2562,0.70172,-5.0389,-5.4531,-0.89701,5.4955,7.7109,3.4848,-0.11284,-1.5725,-3.5526,-5.1927,-4.7908,0.563,4.6932,1.1494,0.73252,1.9024,-6.7892,-10.193,-1.5545,2.6774,4.0694,5.5574,2.6581,4.1056,3.5544,-7.2602,-10.138,-6.9525,-8.3106,1.784,15.336,12.632,7.1021,0.69615,-10.849,-8.0754,3.9215,6.6793,7.5673,5.9614,-0.79234,-1.4368,-2.7594,-7.7766,-3.9244,-2.1774,-9.0284,-6.6562,0.61406,-1.4854,-3.512,1.9801,7.1368,7.5687,8.237,9.0529,1.978,-4.6447,-0.84074,-2.5904,-7.6763,1.4502,1.7304,-12.634,-5.0767,10.08,1.4991,-4.2677,3.563,2.4912,-1.7473,-1.3548,-0.076247,6.4442,9.4924,5.9556,8.6003,7.1398,-3.7902,-8.1384,-10.998,-13.996,-6.4121,-3.8995,-8.1333,-0.9481,2.9348,-0.84631,6.5663,9.7041,1.0873,2.5372,3.9454,-5.6831,-5.3116,5.9179,11.439,7.3376,-0.67131,2.7002,10.438,-2.2888,-14.674,-3.0515,2.3694,-8.3667,-8.9655,-2.8108,-1.2405,2.6906,4.9386,0.733,-0.67942,1.635,-0.62732,-3.0551,4.8245,10.049,-1.9766,-8.5302,-0.13601,-3.6202,-9.4243,3.5624,8.9854,1.4504,3.3557,1.7472,-4.8371,2.3392,6.4915,1.8203,5.8908,4.7,-6.1745,-4.9268,-0.428,-5.4623,-6.2425,-1.5052,-1.3777,-3.7112,-1.5734,5.5993,7.7567,2.1137,0.2567,0.74743,-2.9526,-3.8662,-0.76844,3.8535,7.0275,-2.7156,-14.294,-7.2158,1.4406,0.20926,6.6075,14.203,9.9585,5.0765,-0.70277,-11.626,-12.911,-3.0259,2.6269,1.2756,1.4591,6.3388,6.7786,-2.0423,-5.5378,3.1106,8.1038,0.76174,-7.9323,-4.4667,6.5713,3.9416,-11.066,-12.133,-0.53259,0.28373,-7.9678,-9.2605,-0.8041,8.1027,6.684,2.3863,9.2947,12.952,1.5433,-1.4455,8.1645,4.414,-4.7974,0.76303,2.3685,-8.3567,-8.7084,-2.2304,-3.4033,0.58724,8.0464,3.1337,0.26102,4.6809,-4.4942,-14.464,-6.2713,-3.1132,-7.7639,1.7952,5.5579,-8.2954,-6.9995,6.7478,5.9062,1.9763,2.8393,2.5477,11.056,17.068,7.752,7.8434,13.521,-0.94808,-13.194,-8.2608,-6.9298,-7.7098,-5.8365,-5.9142,0.8065,2.579,-10.354,-10.779,-1.6628,-6.2193,-5.8773,5.2639,6.3534,2.6543,1.5391,1.2616,6.1707,8.8625,10.763,16.747,4.0258,-16.289,-6.0688,9.4569,4.0092,5.0356,7.6333,-7.0536,-11.533,-1.0083,-3.0615,-10.981,-10.514,-10.063,-8.6563,-0.82213,4.1179,2.5398,3.4287,7.1075,6.1772,3.8933,7.7172,12.884,9.5204,-0.55914,-4.5994,-1.1966,-3.9564,-9.1139,-3.311,-0.88501,-10.246,-9.503,-0.27503,-2.2665,-2.9362,8.032,11.272,3.0946,0.78228,5.2358,6.4393,6.4689,7.7057,2.7714,-4.2713,-2.7782,-2.3163,-10.308,-14.109,-9.6623,-1.7695,5.2203,0.48409,-8.4078,-2.7072,5.0759,1.3849,-0.52573,2.5927,4.1482,5.8167,5.7789,5.7012,9.7971,8.9796,0.51371,-3.3125,-1.0156,-2.1584,-5.1119,-2.4039,-1.6179,-8.067,-7.36,-1.5137,-5.1605,-4.4017,4.8548,2.662,-1.6867,1.3261,-2.856,-4.6207,4.7273,7.9811,4.5187,0.91832,0.70941,9.9491,8.4483,-8.639,-8.5796,1.2294,-0.5275,1.4626,0.59127,-9.1422,-1.9751,8.6944,0.41948,-4.6878,1.0768,5.39,5.0447,-2.8385,-6.1347,0.089375,-0.2317,1.7673,8.7242,-0.7369,-9.9542,-2.1505,0.51652,-5.883,-12.426,-13.498,1.2708,10.854,3.0779,6.6703,10.554,-2.0129,4.7097,23.581,17.186,5.2787,1.2769,-7.5027,-9.375,-6.6549,-13.625,-20.009,-23.56,-21.594,-2.3915,11.309,5.4091,9.9586,24.338,18.935,3.4284,-0.78405,2.1761,4.4091,1.5693,-4.6772,-4.5598,-2.4482,-7.1167,-7.5089,-0.5227,0.0044774,-3.3858,-2.5366,-2.2349,-2.5507,-1.8272,0.30443,9.1636,13.324,2.4273,-2.4346,4.4908,4.8562,2.618,-0.65917,-12.057,-12.248,-0.56108,-3.4119,-8.168,2.8449,6.5814,-2.1065,-0.159,10.262,11.274,3.9379,-0.34344,-0.12052,-0.9738,-4.0371,-6.6614,-4.3001,2.1155,1.2552,-4.021,-0.11974,3.5361,0.0035316,0.98174,0.9584,-2.8568,1.8369,1.9292,-9.3009,-9.6926,-2.5945,0.36912,7.8463,10.591,4.6917,8.5985,11.031,0.12094,-0.7631,6.3463,-2.2533,-14.387,-11.333,-3.5106,-4.191,-9.1977,-8.825,-5.7732,-5.9019,-1.0092,11.027,15.696,9.1972,3.037,5.1016,11.43,11.151,5.8037,5.066,1.444,-9.3213,-11.484,-5.1446,-6.1173,-14.928,-22.418,-16.206,3.3163,8.3945,-1.479,4.5672,11.707,1.9443,9.2128,26.407,12.521,-4.2487,4.6278,8.0131,-1.0477,-6.8066,-13.978,-16.719,-10.957,-7.9923,-5.1703,-2.984,-2.8035,7.956,14.212,-0.061465,-6.632,4.0485,10.941,12.566,6.9808,-5.7558,-5.5816,3.1157,0.20689,-7.7656,-10.802,-7.6494,2.3243,10.266,10.511,6.5563,1.135,-2.437,-8.6282,-16.763,-8.8519,7.9204,8.9635,3.2807,2.0979,-3.2022,-6.8537,-4.5041,-5.3716,-4.3155,4.1691,10.966,13.06,14.454,13.808,4.8509,-8.7797,-8.4983,2.9821,-1.5665,-17.91,-19.638,-10.986,-6.3841,-2.8976,0.14964,2.672,11.111,17.734,10.73,3.4242,7.5936,6.9454,-3.4962,-5.6302,0.063804,0.22893,-5.0015,-10.64,-9.0661,-0.59825,-0.2053,-2.493,5.3075,7.4263,1.2835,1.9104,-0.58145,-5.9064,1.4287,5.8191,-1.041,-1.9931,-2.5046,-8.9104,-6.8359,3.2254,11.39,12.496,3.4201,-2.8716,-0.2849,-3.2717,-4.6497,6.611,8.5318,-4.8806,-10.794,-8.4534,-7.175,-0.84407,8.043,9.0447,2.0006,-8.4151,-10.915,1.6568,10.879,4.7548,0.84384,4.4618,3.9302,1.148,-2.0555,-5.2076,0.77427,7.1803,1.4946,-4.1521,-5.0632,-7.2042,-5.4319,-4.2057,-7.7556,-4.3035,3.5336,8.8353,15.571,13.681,1.1256,-2.787,1.1523,-0.17875,-5.2651,-9.039,-7.0095,-1.3417,-0.12284,-1.3069,-2.4007,-1.1121,5.0804,0.68934,-11.29,-1.9192,16.468,17.708,12.687,6.0384,-1.0644,1.2986,-2.911,-15.503,-14.915,-12.344,-12.708,-3.0256,0.13697,-3.507,2.2669,2.1547,1.5525,15.057,16.237,5.8456,6.5212,3.1959,-2.1997,4.4989,2.2723,-6.3202,0.23408,5.0995,-1.7542,-6.2379,-9.7963,-14.176,-12.278,-6.271,-1.1968,0.92088,1.9546,5.8554,9.1746,8.3421,5.3228,0.55591,-3.6151,-3.2083,1.4659,5.884,4.5645,1.4338,2.7731,2.0727,-2.5272,-3.9588,-3.2402,0.371,5.6567,1.7128,-5.4949,-4.6618,-4.928,-7.6853,-3.2238,2.902,2.0991,-3.1877,-3.4733,4.5761,6.4351,-0.75585,0.63386,6.5714,4.2443,0.82796,-3.1024,-7.8674,-1.3103,8.4279,6.1655,0.32489,-2.6026,-4.3794,-0.98836,2.1506,-2.5042,-4.7388,2.459,8.7239,6.4963,-0.39583,-4.8241,-2.4033,0.03692,-5.8219,-8.5647,-2.0044,-4.383,-11.778,-2.0283,9.9954,7.0755,5.1874,7.9378,6.2798,2.9258,-1.4299,0.40792,9.9237,4.5762,-9.5212,-4.8317,2.5336,-5.0131,-8.7293,-4.7873,-3.5283,-0.33448,3.9151,1.6083,-0.66646,3.5179,1.7586,-8.1637,-2.1547,14.869,10.079,-4.0693,-4.8773,-8.618,-11.775,-0.074193,8.3652,8.3391,5.9224,-1.215,1.7527,9.0286,-1.4747,-8.6399,-2.097,-1.7499,-0.51043,0.90152,-6.9623,-4.1705,3.7951,-2.0196,-5.2595,-3.2869,-0.77793,11.284,13.673,0.67433,-1.4645,2.1153,1.6996,2.3874,-4.2918,-7.3569,1.5984,0.23957,-2.9378,3.1542,-3.1435,-8.3671,1.8869,0.19582,-7.2568,0.033393,4.7268,3.8888,6.1577,0.29031,-8.5641,-4.3381,5.4099,5.771,-0.03801,3.5638,12.765,9.1977,-0.25005,-3.6896,-8.4547,-11.125,-4.9824,1.1938,2.9128,-0.18202,-5.2766,-4.1642,-2.6258,-5.4368,-4.4876,-2.8467,0.11952,11.123,13.827,4.1554,5.3737,12.999,6.3396,-5.7536,-9.1147,-7.4695,-5.1256,-2.8706,-3.386,-3.1804,1.9966,2.199,-4.7825,-2.2828,6.3823,6.9394,7.3223,6.2359,-2.156,-2.5601,-2.8412,-13.938,-9.3184,3.5726,-2.9665,-3.1816,8.7154,3.8144,0.78468,10.146,4.4417,-2.9489,5.8875,6.7523,-5.2635,-11.368,-7.2315,1.0015,1.3888,-5.0247,-0.7576,9.8121,8.9558,-1.774,-10.891,-8.0745,3.954,7.0896,0.56285,-2.2137,-3.2921,-4.401,0.60409,7.0747,7.3699,1.5686,-2.51,3.4116,6.0451,-7.11,-10.995,5.9778,10.633,-3.5894,-8.2602,-5.4875,-9.3481,-7.9547,2.5211,7.0176,2.1613,-1.9243,1.8177,8.4616,9.1878,6.1876,2.4569,-2.1444,1.0249,8.1183,1.5374,-10.1,-8.8798,-1.4341,3.794,2.2933,-11.075,-20.391,-12.357,-1.059,8.7831,20.196,16.292,-2.9965,-10.869,-4.472,1.023,6.4008,8.5557,0.28048,-2.3319,8.0498,10.389,3.3604,0.80802,-5.2683,-14.645,-14.994,-13.685,-10.538,3.2617,12.627,10.857,7.528,-0.44788,-5.0219,2.9825,6.5207,5.0845,8.9728,4.7466,-4.9615,-7.6839,-13.724,-16.233,-3.8433,3.217,1.546,4.5696,2.7733,-2.0921,3.1618,6.3925,2.5506,5.1163,9.5782,8.1842,7.9963,5.5891,-6.981,-16.498,-12.199,-8.1028,-9.7389,-3.8475,2.7962,-4.9713,-10.2,3.8712,17.361,13.912,8.4606,9.9377,6.0965,-1.0589,2.4055,5.3388,-6.1528,-17.442,-18.36,-14.303,-5.2675,1.4393,-0.68963,0.61862,6.2122,7.5712,11.401,13.384,5.2154,3.543,9.7105,3.7817,-5.352,-4.3573,-6.5672,-10.832,-4.7608,-1.4208,-6.9669,-6.0073,-1.3743,0.24285,6.1996,5.1139,-7.351,-5.0775,4.7808,-2.859,-5.2365,9.8484,13.346,4.1488,1.1056,3.6786,6.1584,2.4056,-2.5208,1.123,-2.5144,-13.564,-7.0352,3.9075,0.85812,-1.3144,-1.2109,-1.578,1.9612,-2.1122,-4.3148,8.5626,9.2111,-5.6091,-11.346,-12.852,-7.2539,9.7308,11.472,1.9752,4.1732,4.928,0.12946,1.0396,3.2644,8.0516,9.2869,-4.8506,-13.828,-6.1908,-0.58919,1.7474,3.1524,-4.0116,-8.3997,-1.2929,5.9009,5.8435,-0.37709,-4.9166,-2.0439,-1.4878,-4.8436,-0.28918,6.4722,1.8451,-8.046,-7.5804,4.5586,14.178,14.209,8.7613,-0.99109,-6.7926,-1.083,1.0668,-5.4458,-6.0273,-6.0443,-9.8284,-3.1991,4.6832,1.5208,2.8514,8.0261,4.2659,1.6862,1.7045,-3.3058,-3.6394,-2.7857,-8.5769,-3.9534,6.1398,0.3534,-2.8573,7.1372,6.3668,1.3513,8.742,8.7875,-2.8988,-5.9087,-4.9164,-9.5247,-7.1624,4.1609,6.0348,-3.6389,-5.2013,1.2216,-1.3615,-3.7678,3.2053,1.9876,-4.2911,0.10978,4.1528,5.1857,8.0017,1.363,-1.5639,11.625,11.068,-5.0312,-6.9892,-4.027,-8.3255,-8.2958,-7.4488,-6.657,0.78595,3.2779,0.20957,2.6492,2.7626,-0.18681,3.9143,7.888,6.106,2.1911,-4.6255,-5.0663,5.5034,5.4576,-8.5031,-9.275,1.7227,0.86677,-4.5422,-0.0075631,4.3253,3.805,4.7389,5.0684,5.1726,4.3733,-3.6538,-8.4392,-1.3958,1.1497,-5.8942,-8.8521,-5.5667,-1.2621,-1.0311,-6.2563,-5.8105,2.6845,8.6329,11.621,9.3455,-0.77018,-1.7604,9.4847,11.569,2.8666,-2.3546,-3.0902,-2.3876,-0.26042,-1.6682,-10.923,-16.25,-3.647,8.706,0.76869,-6.1527,-0.12871,0.96535,0.51648,2.1741,-3.5655,0.072376,11.561,3.0224,-4.3302,7.3561,4.9966,-6.3924,-0.90745,1.9448,-1.8213,1.906,-0.83292,-5.4303,3.4971,7.8527,1.6111,-2.9092,-7.152,-5.4744,2.9744,3.5569,1.4414,2.53,-1.979,-5.8136,-5.7203,-6.9669,-1.3989,5.6118,4.3546,6.4131,5.9327,-3.7871,-0.74714,6.3436,-4.0899,-7.2138,3.3557,-0.056894,-6.3096,1.3719,4.4281,0.45576,3.8507,6.6256,-0.28533,-4.6034,1.5512,4.4191,-2.0285,-3.1087,-1.1098,-8.0584,-8.2196,3.0544,2.8889,-2.3894,4.2851,6.0028,-3.3356,-3.8472,3.7572,4.7802,0.76944,-0.83779,-1.8128,-4.9575,-3.1063,5.0988,5.1471,-2.0666,-0.83078,2.1243,-1.0627,1.7246,5.0563,-2.6602,-4.3549,4.4705,2.4928,-5.1802,-1.248,1.2898,-6.409,-5.6974,6.5468,8.8796,-2.3435,-8.034,-2.3516,2.4964,2.1841,1.2247,-0.38758,-2.0936,-1.3335,2.1905,7.7736,5.8675,-6.8122,-6.3176,9.8061,7.5051,-5.0515,2.2247,3.6572,-13.554,-12.543,-0.55958,-5.889,-5.6728,7.931,8.7319,4.5685,9.5035,7.2398,-4.7913,-8.8007,0.75615,11.861,6.2351,-13.031,-17.264,-1.1288,8.5448,4.5587,1.8845,-0.12913,-4.7812,-1.0992,6.6008,4.6234,2.8027,6.3338,0.30685,-10.477,-13.063,-13.083,-8.1488,2.7171,1.5161,-4.343,7.8289,19.327,7.5327,-5.6252,-1.0107,5.3042,4.7128,9.78,14.642,4.1075,-5.6654,-1.2464,-2.5485,-11.316,-8.253,-2.6314,-8.2554,-16.381,-20.84,-16.459,0.26201,14.087,17.004,16.398,7.6402,-7.0462,-7.4783,3.6203,7.8879,10.322,13.963,4.6381,-5.2474,5.1221,13.255,3.1859,-0.099898,3.7406,-4.9579,-14.732,-18.865,-23.096,-15.844,-4.1121,-3.7806,0.4011,6.0503,-4.8202,-9.4129,6.2642,16.706,16.027,16.164,14.184,7.1268,2.1081,5.5967,6.759,-6.5165,-13.314,-3.9752,-6.9724,-15.969,-4.0649,7.7732,4.3687,0.861,-6.8589,-13.35,-0.81696,9.5955,3.3123,1.9938,4.0069,-4.5438,-9.979,-4.9635,-0.041996,2.1871,3.0283,4.2977,8.7866,8.4091,1.3384,3.7956,11.881,3.2047,-11.667,-10.277,-4.7619,-5.7784,-1.2382,5.3218,2.2465,-3.684,-4.3282,-0.26636,3.0654,-0.32303,-3.4365,1.5848,6.6177,4.8745,-0.49953,-2.309,2.8334,2.8408,-5.1626,-4.1461,0.083099,-5.6464,-6.093,-0.31125,-3.0401,-2.9596,6.4772,12.836,13.285,5.1987,-7.8434,-8.7213,-1.5264,0.32548,2.7362,6.9058,6.031,1.4528,-3.7641,-5.8813,-6.2427,-8.5272,-4.0046,4.493,0.95405,-5.5532,-3.217,-0.00079627,6.1706,12.887,3.2861,-9.8716,-4.3062,3.3966,-2.9695,-5.3168,3.4761,4.5971,-0.0051671,6.2178,10.537,1.5708,-2.5073,1.6889,3.0921,4.6311,0.97377,-10.167,-10.667,-2.7228,-2.581,-7.1853,-9.5335,-3.8683,5.4541,2.425,-0.28824,8.1838,3.2357,-5.922,6.9095,17.113,10.059,0.67262,-12.246,-15.185,1.2242,6.8889,0.25211,2.6448,1.4546,-6.1384,-4.6508,1.4141,6.4594,5.519,-4.9642,-5.0899,8.1647,5.8712,-12.4,-16.164,-0.15673,6.4549,-6.3155,-7.2348,8.6604,9.9787,3.7094,7.1839,2.3452,-8.108,-7.5556,-4.6454,2.9401,15.07,9.9969,-3.3544,-2.5271,3.7605,3.8476,-3.9358,-12.644,-7.9906,0.028088,-2.488,-1.5011,2.9289,-3.3624,-8.7195,-1.8225,8.9973,15.884,14.358,5.2111,-4.9473,-9.3047,-2.9201,3.1506,-4.5794,-11.931,-6.4405,-0.32429,1.0206,2.2361,2.1517,0.85633,0.37045,1.8208,3.6568,1.0696,-1.4722,3.679,12.628,17.64,9.1553,-11.057,-18.859,-11.666,-10.151,-4.4682,12.222,11.424,-4.4554,-5.6976,-0.83187,-2.9402,3.488,12.944,2.9953,-13.787,-15.108,-9.8705,-7.9283,-1.1612,8.7192,10.03,2.3942,-0.81599,12.419,25.936,16.329,2.3957,3.3531,-0.92027,-9.9942,-6.3327,-4.651,-8.3666,-3.5987,-5.1113,-17.92,-19.86,-7.8164,5.0368,7.4392,-0.89708,-3.0162,3.5713,8.6531,14.07,9.6682,-6.7949,-7.5618,5.9152,13.382,19.4,14.532,-5.5539,-11.789,-6.5121,-7.6293,-3.3527,-2.8146,-16.215,-12.877,7.084,9.7389,2.3471,5.6552,8.9164,4.5309,3.6833,3.3224,-7.7395,-12.014,0.35542,-2.38,-20.08,-15.88,-2.7167,-2.7866,4.0326,15.782,15.847,15.52,15.114,6.4723,-2.9955,-9.7617,-7.3988,3.3603,1.2212,-9.2478,-7.524,-1.9956,0.71134,6.3819,11.044,12.087,6.1846,-5.2642,-6.9619,-3.5328,-9.7774,-15.746,-13.075,-5.9841,0.076647,-2.7946,-4.4866,2.8061,-0.036858,-5.2838,7.9659,16.015,8.1386,8.5036,13.964,12.836,11.022,6.2971,0.67591,1.9255,0.51791,-9.6591,-15.792,-9.967,-5.8528,-13.929,-13.818,1.6096,3.601,-4.6661,-0.70949,-2.3414,-12.526,-6.7228,3.8996,7.0242,12.648,11.376,2.7097,4.9776,10.281,9.03,10.05,8.0023,-3.0635,-9.0591,-3.2017,0.86187,-4.8165,-7.0169,-2.2769,-6.0992,-9.6263,1.5516,4.7287,-6.8429,-6.8786,0.65548,-0.66733,0.25549,5.9024,3.6892,-3.1889,-4.417,0.64306,5.6637,6.5545,4.9586,1.2354,-1.0142,4.9302,9.0192,-1.4112,-12.462,-7.7534,2.7341,4.3537,0.61668,-0.35734,0.49104,1.2888,0.21871,-5.411,-7.5146,-1.661,0.61744,0.23638,3.9496,1.9651,-2.0287,2.7021,4.8176,4.5467,8.8281,2.4241,-7.7016,-1.6755,2.0675,-5.6073,-6.4181,-5.9321,-10.808,-8.6383,-2.8945,-0.056905,4.5739,6.8935,5.6926,7.381,9.1921,9.9208,13.011,12.289,2.2343,-8.7991,-10.932,-7.9516,-7.3607,-7.0233,-7.5418,-10.359,-3.463,10.744,9.3693,-3.597,-5.8592,-0.37459,2.7105,5.5653,5.2821,-0.60865,-2.7414,1.7407,2.3946,-3.7657,-7.774,-5.5598,1.2124,9.5265,10.125,2.4654,0.83851,6.1129,7.8004,6.0877,-0.97308,-14.244,-17.178,-5.1055,2.4471,-1.6479,-4.3497,2.0813,10.495,8.6177,-2.7372,-7.0489,-0.38132,-1.1278,-10.592,-5.838,7.026,3.6506,-0.63807,7.1175,3.3251,-4.0341,7.243,10.186,-4.8053,-7.2897,-2.6931,-3.3633,7.7943,17.155,1.6252,-11.18,-1.1554,3.3063,-9.626,-14.215,-2.9398,5.6488,5.392,1.6115,-1.7207,-0.18222,0.24343,-3.2676,0.48776,1.94,-8.4625,-7.8994,3.037,5.8008,12.14,16.502,4.3067,-2.687,-4.2851,-9.8619,1.7795,10.738,-6.7491,-11.172,0.59342,-3.4265,-6.915,-3.4456,-2.181,7.9618,6.753,-9.6661,1.4526,20.717,8.7966,-2.817,0.72644,-2.8677,-6.8373,-5.4036,-7.6152,-9.4581,-4.3113,8.4075,14.448,2.7887,-3.2044,2.4162,-4.8416,-11.15,0.086837,3.9755,-2.7101,-3.3291,-0.71119,9.0137,21.033,12.893,-1.1644,0.22645,-2.591,-13.224,-9.6583,-0.24822,-0.92286,-6.8567,-14.268,-13.246,3.1241,14.003,10.998,7.2965,-0.43699,-5.2022,6.1407,8.4078,-4.723,-2.6766,6.0484,2.4375,-1.3805,-4.2474,-3.9682,4.1117,0.33073,-8.2743,-2.5819,-1.8811,-2.2993,8.5963,2.3618,-9.4448,2.0408,6.8874,0.19923,4.7637,1.719,-8.5131,-8.2368,-7.8824,1.1474,15.513,6.3804,-0.062066,12.57,4.9647,-10.068,-4.1473,-5.2178,-10.728,3.5773,10.796,-4.1081,-14.649,-11.548,-4.8201,3.3117,13.051,14.571,4.1417,0.5942,6.0305,-1.1917,-10.418,-4.3147,-0.2034,1.4747,12.385,13.011,-0.34993,-7.5378,-11.584,-12.648,-1.2717,5.7072,1.044,2.6849,2.6184,-11.79,-16.163,0.74888,12.237,7.6856,2.8931,1.9383,-1.6571,-3.3612,2.8533,9.2042,8.677,5.3436,-2.3707,-12.025,-5.1826,9.2857,3.6481,-4.9816,0.77806,-4.5133,-14.186,-2.5384,5.372,-3.5416,-3.9455,3.0228,6.5047,6.6403,-2.3737,-6.9594,3.2684,6.7827,2.5491,1.5585,-4.7997,-5.6238,3.7734,-0.73063,-6.9753,2.7294,2.5699,-4.4631,6.8635,15.233,4.4829,-4.2129,-4.3625,-1.8227,1.8267,-2.8924,-10.899,-3.1367,7.9946,-0.20869,-10.63,-4.7722,-0.26829,-2.1919,6.5796,15.652,6.5837,-7.099,-8.1035,-0.051267,3.9104,-2.5559,-8.1664,-3.9042,2.3954,6.9286,7.5861,0.77664,0.23656,10.604,11.899,2.0404,-4.2282,-5.4138,-4.614,-5.0892,-8.1191,-7.1954,-5.2461,-7.6827,-5.1017,3.3731,6.8722,5.3594,2.8681,1.3813,3.7744,6.0608,2.6158,-3.8472,-7.0081,-4.7804,0.34473,8.4526,14.989,7.9875,-4.3698,-5.0885,-2.2086,-1.2269,1.1195,-7.6948,-18.092,-6.0482,8.6256,7.1339,5.1499,3.2391,0.064636,5.2522,4.0628,-7.1524,-5.7224,1.578,-1.9743,-5.2794,-2.0551,0.12812,-1.3264,-3.5142,-0.75477,4.2728,5.4645,7.089,5.968,-1.99,-3.8553,-0.3514,-0.93825,4.4717,10.905,2.0754,-6.5154,-4.9261,-6.4058,-1.7384,14.161,12.737,-8.3836,-16.866,-9.4463,-7.064,-9.0022,-3.6119,5.7704,9.9411,6.603,1.0545,1.8101,7.7523,9.8147,7.2115,-0.2869,-14.891,-21.715,-10.628,1.1056,6.7537,16.19,20.508,12.45,4.496,-1.543,-7.8846,-5.4708,-2.0114,-12.033,-20.155,-9.5491,4.4279,6.5707,3.7875,0.61368,-2.7895,1.3535,8.7438,6.5385,2.0337,1.4191,-3.9163,-5.6106,1.822,-1.4398,-11.559,-6.4189,4.0085,7.1289,8.5901,5.0051,-0.49851,2.0682,3.1048,0.78362,5.6602,8.5933,3.0608,-3.3761,-10.292,-10.341,0.5607,2.1678,-8.3164,-9.8613,-2.5037,1.7258,0.061995,-5.3896,-5.7491,-0.45742,1.6039,5.2559,10.136,6.4957,5.248,10.392,5.3335,-4.7816,-7.6204,-7.9115,-4.944,-1.2558,-1.7036,5.948,17.202,15.145,9.9493,4.3979,-9.2421,-12.92,-6.8071,-11.76,-14.533,-7.5169,-8.2415,-8.3184,-0.28864,1.0878,1.2831,6.9006,6.9873,6.864,12.823,13.39,6.9271,1.7907,-0.69229,-4.2104,-7.9984,-3.8604,3.0136,0.28102,0.51862,7.3356,0.020141,-9.0604,0.90414,9.1636,4.5541,-0.55825,-7.4218,-13.408,-13.795,-15.369,-10.758,2.3105,5.7295,3.4185,8.0226,10.564,10.268,12.002,6.4403,-2.9268,-2.2292,2.9283,2.8095,0.80334,-2.6226,-9.3964,-9.4389,0.10106,3.6072,0.11558,0.32767,-1.6024,-2.0089,7.7166,6.6989,-6.2314,-4.2498,-0.51281,-8.7665,-4.6642,5.3831,0.091055,-4.2867,-2.8106,-6.836,-4.8,6.3512,11.509,10.826,11.536,9.6483,1.2522,-3.9067,0.1156,0.98673,-1.5634,-0.89709,-10.277,-20.346,-10.799,-3.0351,-0.1351,13.916,10.26,-6.602,1.5889,6.2377,-3.5637,6.8315,8.3721,-11.005,-4.8221,7.6295,-0.70018,0.41698,3.3698,-4.2055,1.1795,5.2146,-1.948,2.3656,2.9279,-9.3297,-8.5974,-1.6469,-1.0681,4.0491,5.8511,-1.753,-3.1957,1.8038,1.5141,-2.2051,-2.0534,-0.74156,-0.86718,5.1867,10.102,0.97524,-4.1083,1.0278,-3.8576,-6.5192,3.3163,3.2663,0.16532,5.5652,1.435,-3.7956,2.3879,1.6189,-3.479,-0.49125,-0.1454,-4.821,-7.8538,-6.0512,1.0487,1.1932,-4.1797,1.5579,8.8368,6.1289,0.89472,-4.8067,-3.1778,7.7788,8.7199,2.3726,1.8953,-1.1616,-3.5063,1.1403,2.0804,0.34009,-2.7406,-10.021,-8.6206,-0.66337,0.76714,1.542,0.56699,-3.1803,1.2838,4.5265,2.6659,8.6446,8.2071,-5.3125,-8.6433,-2.6786,-1.6188,-3.7237,-5.7481,0.55496,10.901,4.4716,-6.3498,0.72124,8.9113,4.4629,-0.93813,-1.7896,-0.66131,0.22602,-0.35716,-0.88278,-0.095034,2.3632,-0.87942,-13.529,-14.963,0.17229,5.4776,2.6569,10.103,13.481,5.3306,0.64152,-3.9242,-11.056,-5.5427,4.7038,-2.2082,-10.472,2.6847,13.412,3.9219,0.028644,3.375,-5.0341,-9.9373,-7.5278,-10.9,-3.1763,10.949,8.2084,10.484,19.744,3.9151,-14.655,-7.8635,1.0722,3.0181,8.5955,12.093,4.7948,-15.04,-29.377,-18.423,-2.8388,-1.7944,0.096583,5.0492,5.305,10,18.045,14.89,1.1556,-6.182,-2.3892,-2.9182,-3.9306,7.9114,10.189,-4.869,-7.6848,-2.4361,-7.8966,-13.018,-12.709,-5.1657,8.8577,8.0328,0.92714,10.179,14.984,7.8401,3.864,-5.5669,-9.5302,4.1541,4.1554,-7.5938,-1.5559,2.7731,-8.6327,-14.237,-11.809,-7.7348,1.0284,9.3441,11.092,7.2246,4.1404,3.7667,0.31968,1.557,7.6119,-0.039788,-5.3859,6.2871,2.9179,-9.0505,2.0856,7.9478,-5.4635,-9.1927,-7.7457,-5.8313,5.3814,6.9075,1.9596,5.655,-3.2584,-14.092,-2.4133,-1.4101,-15.189,-6.8875,4.3424,1.1626,10.513,20.403,9.8124,4.1397,8.199,1.5761,-3.4244,4.3917,5.3208,-5.765,-11.212,-8.5244,-6.9613,-4.9316,-2.5536,-5.1313,-4.7627,2.1465,2.6372,-0.85025,3.3667,6.3755,1.0594,-3.7276,-2.5485,5.3213,12.37,5.8,-6.1187,-7.2732,-1.2827,5.1893,9.2099,4.1303,-5.1736,-6.9035,-2.2226,1.1096,-0.8476,-4.2679,-2.0955,0.19232,-3.4072,-2.0955,5.106,2.1805,-6.6656,-2.8022,8.66,11.701,7.6698,2.1384,-4.1065,-6.0812,-5.7519,-8.3755,-3.681,6.6946,1.8491,-10.015,-7.4625,-0.73435,0.7708,4.3415,7.3399,9.107,11.275,6.5344,2.4559,6.3077,2.2566,-8.2453,-6.9942,-1.8426,-6.276,-13.14,-13.417,-7.0119,0.27498,2.6614,1.1933,-0.22041,1.0177,5.1297,11.56,19.129,16.657,0.057365,-8.8914,-2.5614,-0.32645,-4.8439,-7.9164,-9.2506,-3.7695,3.2558,1.0419,-0.40461,2.6978,1.1717,-1.7751,-6.0184,-11.443,-6.0453,6.0068,12.891,12.965,1.9434,-7.0283,2.7981,9.168,1.1901,1.5067,3.8277,-6.5717,-13.321,-10.123,-4.9612,1.9526,3.6062,-1.186,2.4022,13.564,15.214,4.9489,-2.0523,-0.83542,-6.8784,-20.585,-19.751,-5.4517,1.731,1.3316,2.6435,7.5402,13.304,13.259,9.3086,7.4175,1.446,-5.6499,-2.9433,-0.27198,-2.4747,1.303,-0.51736,-15.837,-17.27,0.51177,6.0114,-4.7781,-8.2346,-2.366,-0.088365,-0.04208,4.8252,10.483,12.701,16.179,17.29,5.9423,-8.9167,-12.034,-6.8167,-1.2597,1.9119,-0.19207,-4.6527,-8.2402,-11.881,-10.37,-3.1213,1.8656,4.9067,4.6077,-2.3073,-2.3687,7.2904,8.174,1.4855,0.44897,1.5062,2.2185,3.56,2.5232,7.8364,20.57,17.798,-3.0608,-15.736,-15.27,-17.546,-20.903,-15.36,-6.1631,-0.94663,2.1074,6.2637,12.119,15.524,12.477,8.8096,5.6591,-4.3297,-11.059,-3.9088,-0.46647,-8.4932,-8.5529,1.4381,6.7104,9.282,13.319,9.2832,-2.6407,-7.4778,-1.9131,2.6903,0.62788,-4.7475,-6.7376,-2.5711,-1.8856,-8.0509,-7.979,-1.7384,-0.74536,-3.5938,-6.5652,-4.2969,7.7026,13.471,7.0796,7.2384,12.989,10.855,2.7811,-4.7796,-1.7215,7.5171,1.0634,-11.812,-11.367,-6.5073,-2.1728,-3.5606,-14.08,-8.2744,6.9584,1.2903,0.47892,13.002,5.2935,-2.4118,8.6746,8.2739,-0.82993,-2.8213,-4.9266,-2.6015,-1.0686,-5.1385,1.8962,6.5253,-3.6465,-4.2758,0.69545,-2.0583,1.2441,5.4754,3.2219,1.6304,-3.7272,-3.3429,6.5759,2.1014,-5.0984,3.7759,2.6418,-9.3689,-7.0181,0.40102,0.81984,-0.54948,-0.12242,4.5728,5.9333,1.1357,2.2221,2.4699,-6.9669,-9.9754,-1.4404,4.7239,1.8505,-3.7626,0.23972,9.8594,9.7199,3.3865,-1.9634,-6.8358,-6.4299,-3.5958,-1.2103,4.8516,2.1469,-10.516,-10.166,-1.0643,1.8148,7.5439,13.46,9.3891,4.8378,2.1869,-4.0242,-5.6241,-1.1753,-2.4008,-6.4839,-0.76341,4.7879,-5.8919,-14.9,-4.3149,5.9316,3.2917,0.25026,0.75469,3.9957,5.4961,-3.2737,-6.3194,8.6685,16.367,6.6998,1.8725,6.0996,5.7703,-2.9469,-14.006,-17.621,-11.524,-3.908,0.86093,2.2629,-2.2805,-7.5776,-2.9359,7.1006,8.5321,4.4516,4.7572,5.1981,3.5155,3.796,2.5059,0.059395,1.5175,2.2376,-1.9639,-7.2399,-6.2232,2.5103,3.0736,-9.0444,-10.319,1.4839,2.7801,-5.4915,-4.4065,6.9191,10.262,0.69488,0.25449,7.7903,-0.54405,-7.2954,3.0271,3.6259,-2.922,-0.22373,-3.842,-6.5833,3.6123,5.5354,2.4515,6.4654,1.3413,-7.5885,-5.6125,-2.5654,-0.83933,0.61394,-2.157,-2.3144,-0.14937,1.543,7.7754,10.818,5.2208,-2.3654,-6.4628,-0.48743,1.5325,-12.938,-12.1,5.0858,-0.96228,-9.2207,5.788,9.8604,1.4685,6.1568,10.417,6.1376,2.1119,-2.7184,-2.872,1.4173,-1.8979,-10.129,-12.402,-3.9032,6.2133,2.6603,-2.8034,3.9792,4.9837,-4.3007,-4.7019,1.7287,1.1007,-4.9809,-4.6601,4.1846,7.7544,4.036,2.2358,-0.79395,-0.42832,6.3613,2.465,-3.5017,3.2933,1.0883,-6.2494,3.4485,6.8728,-4.1835,-4.8275,-4.7476,-14.107,-13.806,-3.3373,6.4655,12.634,9.9918,4.9861,3.7967,-3.5059,-11.087,-3.6245,7.9733,8.0905,3.0689,1.5757,-0.59696,-4.9982,-3.4585,2.5727,1.1874,-6.2032,-7.5974,-0.35253,6.1978,1.7128,-7.0159,-2.1999,10.663,9.9303,-1.4427,-2.5938,7.1846,8.5489,-3.9017,-13.377,-10.653,-4.3737,-1.5989,-2.2109,-1.7609,3.4382,4.5189,-2.4708,-1.2238,8.4651,7.1614,2.4257,8.1296,5.9654,-8.1654,-10.019,-2.5212,-0.54055,3.0972,4.1183,-3.3187,-2.044,3.8448,0.077063,1.2797,6.2375,0.78835,-2.1978,-3.5457,-11.17,-7.1665,0.04187,-7.4483,-7.4571,4.8656,12.255,15.275,5.7086,-8.732,-0.53163,8.9727,0.53863,-1.2862,-2.3993,-10.178,-2.3885,4.5438,-2.8125,0.89188,5.4474,-2.72,-0.091489,7.5224,3.737,2.5346,3.2947,-2.5718,-6.2924,-7.1875,-6.7007,-0.93411,1.8646,-4.029,-8.9009,-3.8027,6.1824,8.5274,4.3911,2.8595,2.4142,2.3671,2.0286,-2.2165,-0.91466,4.5653,-0.92492,-3.8849,4.6786,2.2969,-6.6396,-3.7468,-1.8812,-3.9028,2.0274,6.4925,3.8362,1.431,-0.14075,1.9865,5.2499,-1.1357,-8.1486,-4.3491,-0.72656,-1.9014,-2.8023,-8.3024,-11.739,-0.017759,9.6596,2.344,-0.14867,8.7238,5.8208,-3.9608,0.32233,8.6256,7.2707,3.0151,-0.3244,-2.7032,-0.030796,4.3611,4.1875,1.3106,-1.9766,-7.0767,-10.038,-5.1122,0.76698,-1.5004,-5.4897,-5.7228,-6.7084,-5.4295,-0.10357,0.69121,-0.32094,5.0698,9.6707,7.617,5.7542,6.3882,4.3795,0.58539,0.79852,2.6004,0.24231,-1.7484,-0.28334,-0.84898,-2.3467,-2.7386,-4.4372,-0.0099386,10.4,7.6418,-7.351,-12.972,-9.8547,-8.5605,-3.1443,4.3817,1.831,-3.4844,-2.4728,-2.5572,-0.91003,5.1707,1.0723,-5.2706,3.4278,9.7374,8.461,16.76,18.699,6.1169,5.5423,10.661,-0.41438,-13.51,-16.496,-15.332,-13.146,-13.454,-13.537,-8.9279,-4.5375,0.36584,5.6788,5.7792,6.8917,11.494,11.68,6.7504,0.38093,2.8421,13.789,9.4158,-3.8513,-1.7256,-3.0329,-14.443,-10.665,-1.5978,-0.815,1.8094,-0.46898,-6.3799,-2.4142,2.6304,5.4671,7.7939,1.9706,-1.1913,2.2507,-0.03674,-1.6743,-4.5152,-11.575,-1.9376,11.416,3.8845,-1.9717,2.4728,2.6924,3.4666,-1.2788,-9.9098,0.083129,10.605,-0.93183,-9.5639,-2.3993,2.3027,-4.079,-9.0868,1.4332,10.706,2.2478,-0.69597,6.8698,4.8956,1.7212,3.5908,5.5444,11.029,3.3835,-16.184,-14.445,-6.2537,-14.208,-10.496,4.0529,2.6846,-2.177,1.6595,4.9621,5.6566,6.5935,11.764,17.639,13.446,0.71185,-14.349,-21.042,-9.0601,2.3298,-0.74233,-1.7916,-1.774,-7.7789,-9.145,-4.3421,8.2318,21.64,14.692,4.9713,9.2151,2.0011,-7.9339,-2.8672,-7.3636,-13.792,-4.5687,-3.864,-9.3561,-6.2884,-3.672,6.7845,14.288,-2.1457,-6.8082,10.739,13.352,10.262,11.54,-0.45229,-7.8597,-2.7281,-5.0888,-5.9048,-1.0485,-4.3625,-9.9753,-13.135,-10.475,3.3553,10.404,6.8016,9.0639,6.4705,-3.5694,1.099,12.689,11.279,3.3907,-0.16104,0.45722,-1.6152,-8.8399,-13.235,-12.54,-9.0939,-4.2804,-4.9265,-5.8719,-0.21257,-0.33284,0.45712,15.512,20.034,8.6004,7.8327,7.826,-2.1813,-3.4395,-2.5077,-5.3615,3.3348,5.3685,-10.109,-11.503,-2.7808,-6.9473,-5.2403,3.9849,-0.36557,-3.3781,3.499,4.5063,5.4163,6.2044,-2.6719,-3.2889,3.2202,-4.1936,-6.229,6.6563,7.7975,1.7786,0.32613,-9.1039,-13.757,-1.3077,5.8366,3.8906,7.2514,9.7564,4.0227,-3.1464,-1.3985,6.8028,4.6338,-3.42,-0.26933,2.2575,-5.6873,-12.277,-14.055,-9.1187,-0.53334,-1.7329,-3.032,3.5202,2.4643,0.99281,6.8439,5.1873,6.5812,15.977,9.7992,0.41779,4.6577,0.09833,-10.012,-5.4537,-1.9847,-9.1592,-11.561,-4.8929,2.6386,4.355,3.1535,3.4015,-1.1163,-6.0607,-0.65335,5.1321,5.5655,7.1212,2.5282,-7.4409,-7.8225,-2.407,-0.4481,2.3288,5.0788,0.43011,-6.8603,-2.4263,9.4481,7.3855,-3.2963,-3.0825,-1.1761,-4.0723,-1.0822,2.0244,3.5927,10.109,7.4629,-2.0213,0.14858,-0.95457,-11.006,-7.3553,-0.8353,-8.6121,-10.9,-0.29958,7.7019,7.0034,-0.52712,-2.3314,7.3706,9.4015,4.9207,12.246,14.184,-1.7498,-13.577,-16.63,-14.867,-1.4688,6.1723,-2.8966,-5.8893,-1.7953,-3.4185,0.17963,7.6087,7.4993,7.1003,6.6308,4.4619,8.5714,8.06,-3.158,-8.1498,-8.291,-10.811,-6.124,0.83102,0.36461,-0.40084,0.82009,1.7727,2.9642,2.2578,2.052,-0.14621,-8.3312,-8.6166,0.13203,1.5161,1.7425,5.2466,0.019572,-4.2538,1.1079,4.5151,8.751,13.586,5.4647,-2.0581,4.1891,3.7302,-6.282,-4.5036,1.431,-6.578,-16.108,-14.897,-11.916,-6.6952,5.8868,12.602,8.1691,4.9894,5.078,4.4403,4.0432,2.0447,-1.0719,-4.9749,-11.019,-10.412,-0.92598,6.3748,9.6856,9.481,5.6897,5.5459,4.2449,-0.63874,2.5779,2.5047,-9.3659,-11.593,-7.7549,-9.1214,1.9651,12.911,1.0063,-7.5815,-2.8592,-6.2639,-8.9044,-3.3038,-3.6325,-1.886,9.066,11.206,3.8343,4.8789,9.6895,3.3727,-2.7313,4.0246,6.493,-1.007,0.21403,4.4622,0.17949,1.8641,7.6344,0.69312,-11.962,-20.106,-20.357,-9.2826,-1.2494,-4.9446,-3.0876,5.4675,5.5813,3.6448,9.396,15.198,14.718,8.994,0.42965,-6.1481,-8.8221,-9.2071,-3.9949,5.236,5.0588,-3.7856,-4.6061,1.5747,4.411,5.6398,3.7258,-2.2248,-4.1701,-2.4996,1.16,5.3543,0.082954,-6.0915,-2.8008,-6.5417,-11.946,-4.2609,-5.6196,-11.941,2.7312,14.289,9.8863,11.206,7.9155,-0.031691,8.8228,12.17,-2.5376,-6.9092,-2.2147,-3.1917,-2.7611,-0.97944,-1.4146,-4.3489,-10.304,-8.2888,1.2637,5.4532,7.4697,4.7569,-5.0364,-2.0578,8.1827,2.361,-6.591,-4.889,-3.0563,-4.4163,-5.0875,0.18977,8.8318,4.0695,-5.7052,3.0454,15.684,11.338,0.73751,-4.0635,-5.713,-10.48,-12.026,2.137,15.439,9.3851,2.0086,0.44054,-5.7455,-6.6113,-3.5195,-7.9573,-7.4058,-2.5044,-4.836,-0.14172,11.848,12.745,8.0198,3.8235,-4.2743,-7.8912,-5.2103,-5.6689,-5.4817,1.5838,7.4677,1.497,-8.3229,-2.1196,11.943,9.2057,0.89929,6.8555,10.992,1.2511,-6.8523,-6.1896,-3.1858,-1.2947,-4.1011,-8.6214,-4.3283,2.031,-2.9773,-6.5674,1.5525,3.3131,-3.9301,-2.2406,4.3907,3.6226,-1.8267,-4.7157,2.1245,12.028,10.926,7.7667,7.7933,-0.36853,-6.3932,-3.4711,-5.0322,-2.8623,6.5479,3.7365,-7.118,-13.861,-14.668,-3.2892,4.9237,0.87748,8.4928,14.66,-2.8046,-10.852,0.070318,6.5197,13.396,10.345,-11.053,-13.39,1.3599,-3.0921,-11.203,-4.9947,0.27948,1.6331,2.1036,3.3954,9.8659,11.266,5.6941,6.7477,9.0782,2.5199,-6.2443,-9.2045,-5.9161,-3.9655,-6.7941,-7.5415,-6.1986,-2.9013,4.1824,4.729,0.76337,1.2683,-5.3859,-12.383,-1.0247,8.4213,3.3871,4.4508,10.939,8.8291,0.97741,-3.8967,-0.25869,3.8315,2.1088,4.0088,2.984,-4.5827,-0.32106,3.4875,-7.4702,-9.1648,-5.3251,-11.38,-6.7414,3.8988,2.8417,4.5183,3.8489,-5.7682,-2.4968,2.358,-6.1408,-2.0689,12.69,12.057,3.8046,3.2541,7.6907,7.1572,0.71066,0.26042,-1.7536,-14.658,-14.527,-1.1526,-0.66728,-4.1807,-3.2286,-3.9159,3.7629,8.1147,-2.0415,-0.46412,6.9726,-0.33675,-0.42058,5.4227,-2.1075,-3.6839,4.0732,4.4274,3.4485,-0.73066,-7.4667,-0.81106,5.3091,-1.5851,-2.8077,1.3045,-0.24715,-0.99928,-0.44984,-1.1409,-1.3945,-3.2576,-2.3142,3.4084,5.9599,3.2292,-2.2069,-2.8068,4.3453,1.9015,-10.197,-8.3662,2.4257,3.9483,-1.0088,-4.0573,3.6369,14.762,7.7332,-2.4528,5.3133,6.9412,-7.528,-12.654,-4.4342,2.5574,2.0876,-4.6365,-9.9875,-8.8126,-1.4377,7.6786,8.8182,3.1652,-1.2724,-2.7368,3.7875,10.584,4.216,-1.8167,-5.4589,-14.046,-2.4295,15.974,0.27731,-11.632,7.0938,9.2075,-2.9216,-0.2282,-1.2784,-1.8798,6.77,-0.70456,-11.002,-3.7575,-2.3024,-4.9548,3.6736,6.2463,0.83537,1.7106,2.7137,-0.029267,0.29463,2.5614,-0.79712,-8.9447,-7.7943,2.9083,5.6204,2.2402,3.0579,2.4347,0.37595,1.0667,1.2075,1.7788,1.481,-1.7245,-1.9012,-0.49591,-0.030405,0.94868,-5.3689,-12.377,-3.4137,7.4062,4.8935,1.4927,3.5315,6.288,5.1731,-3.4058,-7.5107,-1.2111,-1.8971,-7.8044,-2.0165,4.2325,-1.9449,-6.1489,1.7168,10.299,9.1135,1.8205,-5.1389,-7.932,-1.2988,9.0466,10.325,7.0142,4.4072,-3.7358,-8.1651,-1.4536,-0.044744,-4.8259,-2.9064,-4.1272,-11.541,-7.9538,1.6956,1.2441,-1.7935,1.6298,5.2829,6.4246,7.2626,6.8205,4.5166,-0.42378,-6.1864,-5.9813,-2.095,-2.1435,0.056914,8.6936,11.811,6.007,1.4172,-0.12416,-3.9712,-8.826,-7.6861,-2.2192,-2.9603,-6.7004,-5.2974,-6.8021,-6.359,10.066,20.755,7.9423,-4.3086,-4.7169,-2.8104,2.7134,4.6909,-2.8494,-6.8474,-6.9456,-7.2562,-0.057818,7.2578,8.8396,13.483,13.017,3.2939,-0.64767,-0.91252,-2.8329,-0.27906,-0.83139,-7.7764,-11.575,-11.724,-5.3296,0.80137,-10.869,-17.682,1.2645,11.862,4.741,7.6885,12.89,10.286,10.516,7.7276,5.8272,11.37,2.0075,-16.065,-14.784,-9.208,-11.013,-5.2084,0.47458,-0.20986,3.3275,4.7882,0.45759,-2.2776,-3.3769,2.5017,10.354,3.4841,-3.1141,4.5836,5.609,-2.2584,-4.0478,-4.7554,-2.4236,5.615,2.1764,-8.727,-8.4099,-4.8977,-4.2162,2.4148,7.656,6.0412,8.4039,10.483,3.2236,-0.99578,0.70549,-5.8277,-10.547,1.7886,10.101,-1.0641,-9.4051,-4.336,-2.473,-6.786,-5.8225,0.68712,4.8328,2.944,-1.6736,-1.5489,5.3582,9.9388,5.4128,0.40142,2.3513,2.636,-3.4032,-7.0455,-5.3829,-2.7742,-0.00044994,3.1743,5.8008,6.0129,2.8712,-0.0016711,-1.2072,-3.5873,-5.8371,-5.0197,-1.809,-1.3383,-8.0544,-12.23,-4.0285,6.0652,11.159,13.897,7.6939,0.12396,6.7743,11.887,4.0705,-0.89483,-5.5978,-16.17,-15.105,-3.1621,1.1493,-2.283,-6.7353,-5.3997,6.1407,11.507,0.93967,-4.4203,6.7427,16.416,9.8252,-4.4883,-7.4639,0.85092,0.77941,-8.3325,-8.8085,-2.0545,0.06644,-0.49702,0.092364,1.1508,4.338,6.1973,0.76019,-5.1486,-1.8844,3.13,-1.4187,-7.7136,-4.1782,1.6789,1.5225,1.6977,5.007,8.1495,10.422,7.1802,-0.017016,-1.5027,-3.6533,-11.191,-9.3217,-1.6559,-3.0624,-3.4419,0.13333,-4.0866,-5.9841,1.6133,6.4838,8.2041,8.6143,3.5517,0.24686,1.6658,3.8931,6.8709,0.87122,-11.756,-9.7201,-2.5317,-8.5081,-10.284,-0.80093,5.2638,9.7939,12.798,8.8691,7.3126,6.7965,-0.28378,-3.1681,-1.8345,-9.1822,-18.311,-17.174,-8.5104,-1.3787,-0.41783,2.676,11.391,12.459,7.2292,7.4359,7.5435,7.1198,9.032,0.13108,-11.759,-6.5966,-0.55985,-6.8902,-8.9091,-5.2163,-4.8335,-3.9915,-2.1254,0.59155,3.4198,1.4776,4.1175,13.151,9.2947,-1.8041,-0.79127,3.9658,3.5206,0.85238,-3.2157,-3.0408,-3.4338,-12.682,-13.313,-0.92013,2.6652,-0.39923,1.7469,4.3288,7.5163,8.6527,2.0485,-1.2016,2.9736,4.9593,3.6909,-0.23331,-4.7828,-5.2279,-6.093,-6.7512,-1.4367,3.0703,1.3345,-6.5933,-15.176,-6.677,12.967,16.781,10.418,7.7856,2.4073,-0.28067,1.9896,-2.8909,-7.4514,-5.2527,-5.3912,-3.6678,-0.55612,-6.491,-10.13,-0.62846,10.231,12.591,7.6145,2.5502,1.6317,-3.0393,-12.591,-14.945,-5.6589,9.5494,18.876,12.952,1.4361,-4.1082,-6.8694,-4.8238,5.0086,8.5849,-0.55879,-5.7123,1.2997,5.0051,-3.9138,-14.203,-16.943,-13.898,-6.2285,4.2697,12.913,13.082,1.1508,-8.3798,1.8537,20.652,24.064,5.9815,-14.112,-9.6225,7.6133,5.9206,-1.7104,0.58236,-8.9365,-20.894,-7.4915,6.9633,-1.5714,-12.438,-8.4944,6.1337,16.483,10.283,-0.3306,-3.1832,-5.7134,-6.3056,0.2115,3.6538,-0.16688,-2.0905,4.3784,13.237,11.08,1.3483,-0.3473,2.4142,-0.20973,-3.6049,-5.2291,-7.4161,-6.6885,-1.4901,1.481,-3.7421,-9.3774,-3.1014,7.2441,5.2255,-4.344,-4.0851,7.2025,10.129,-3.177,-10.123,1.3138,11.808,10.301,2.7344,-4.6288,-5.4065,-4.9331,-6.9412,2.6968,14.239,5.7801,-2.9253,0.77164,-5.0452,-12.861,-4.7902,2.247,1.602,2.8999,-0.49603,-6.1165,-3.0033,-0.53226,-2.1313,2.6039,8.0617,9.4982,12.562,5.325,-13.385,-13.933,0.49548,1.0496,1.8454,12.512,5.4392,-8.6196,-4.1089,-2.4562,-9.2242,-3.406,4.1158,3.4336,3.7728,0.97762,-5.1606,-7.9482,-6.3099,3.7262,9.2918,1.9864,6.0149,14.879,4.4669,-1.2203,3.2787,-7.5238,-14.311,-2.9669,2.7577,-1,-9.4508,-13.769,2.2729,13.961,2.948,-1.0181,2.2563,-1.4025,3.7074,7.7875,0.72597,3.4057,3.8222,-11.163,-13.66,-2.6356,0.25767,-0.26324,4.505,12.097,11.617,-0.3948,-3.9457,0.70688,-4.0381,-4.1607,1.9466,-4.5914,-7.1961,1.7567,2.0824,-0.64587,-2.5163,-8.6415,-0.75807,14.402,8.6565,-5.6175,-7.1211,0.93902,6.6062,-1.4805,-9.074,0.22359,3.6715,-4.1877,1.242,11.298,11.451,9.9449,4.6112,-1.8157,-2.3216,-9.6506,-17.907,-10.185,-3.938,-9.0981,-7.4336,2.339,9.4832,11.297,8.165,7.86,9.4386,0.0046041,-8.8887,-1.2296,3.871,-4.9698,-6.5937,3.588,8.1404,4.2849,-0.63918,-3.2385,-2.9536,-5.5715,-10.969,-8.0597,-0.92854,-1.1164,0.31401,8.859,12.091,9.4513,6.9003,-1.2854,-9.8938,-4.7604,4.4954,1.3938,-3.5596,2.6926,7.1305,-1.4854,-11.258,-11.084,-4.72,-0.13391,1.5921,7.1948,11.597,1.2098,-10.649,-4.8201,5.7783,9.0794,8.2563,0.1566,-7.1062,-2.9912,-0.87921,-4.4758,-2.9408,-1.2671,-0.45761,5.4065,7.6964,3.0063,-1.7757,-4.5787,-2.7114,1.9928,2.9303,0.45261,-2.665,-0.75538,4.3587,-2.0639,-10.647,-3.8616,0.81318,-2.8844,1.8386,4.7407,-0.47472,1.2532,3.0742,-1.3029,-0.17189,4.077,7.0114,9.5694,4.842,-2.1965,-1.2985,1.0953,-1.6213,-7.4576,-9.2668,-2.2029,2.0965,-3.6338,-9.0568,-10.067,-6.3012,1.6837,5.1418,6.6223,9.1091,4.9538,5.8509,15.319,8.3421,-7.7602,-8.2098,-6.3371,-9.471,-1.6477,9.8164,9.1023,1.0485,-5.0362,-6.4483,-4.4962,-1.5208,0.40916,-0.75471,-2.7441,-2.0957,1.8876,7.6656,6.7709,-1.1342,-2.5133,-1.247,-6.2262,-4.5599,2.3629,-1.0144,-5.4504,-1.9178,2.2527,6.8422,9.833,6.9134,3.8334,0.94002,-2.8436,-0.25984,6.3855,6.4194,-3.8183,-16.096,-15.648,-4.7094,1.2071,1.938,1.9863,0.56706,1.5185,2.0038,-0.14146,3.6355,7.9017,4.2485,-0.32151,-7.373,-14.206,-4.2439,9.8837,7.0698,3.4531,9.6429,7.6369,-3.2309,-5.6187,-1.1542,-3.1743,-8.4025,-6.0504,-1.9478,-3.2354,-1.322,5.0268,6.9798,6.6546,5.7652,0.72452,-2.4969,-1.4569,-1.5558,0.69089,2.9643,-5.9454,-15.368,-8.799,2.6667,6.172,6.5366,5.2582,1.5405,-0.38014,-0.63641,0.95896,3.7751,2.8676,3.6586,6.152,-2.8635,-10.141,-0.13727,3.559,-4.0913,-1.0607,0.40197,-9.1974,-7.735,3.0235,7.2404,5.6339,-1.2702,-3.046,6.4368,5.5808,-5.0398,-3.5634,1.0905,-0.98911,-1.3564,-0.50917,1.0548,-0.41445,-8.5417,-3.5932,11.48,7.1341,-2.6543,0.81433,-0.067804,-0.36541,5.8391,-2.395,-9.9513,1.69,6.1793,1.8626,5.9663,3.1074,-4.7924,-0.19787,1.292,-5.9282,-4.6464,0.12354,-2.3648,-9.1361,-14.572,-9.1189,3.5589,8.1522,10.573,17.442,16.053,6.3929,-1.9256,-8.942,-10.14,-2.6169,3.2306,-0.11192,-9.4338,-13.196,-3.7666,7.7424,12.454,16.183,14.632,0.38642,-13.114,-10.801,-1.9494,-4.4267,-9.2929,0.61967,3.9221,-13.355,-15.045,4.264,9.0358,8.3708,17.583,11.798,-5.9684,-11.012,-8.4634,-1.6406,9.7395,9.4787,2.7352,8.1943,12.578,-2.7651,-20.788,-16.872,-4.5384,-6.2292,-4.3864,10.075,8.7578,-1.6134,6.7452,14.51,7.3227,3.2115,-1.188,-12.008,-16.299,-13.729,-8.2671,-0.86369,0.42512,-0.79367,2.0701,4.4922,9.8133,15.77,9.3757,-1.0917,-0.8638,6.0992,9.4256,1.6435,-8.1396,-4.4575,0.17212,-4.8476,-4.3815,-2.1878,-10.129,-13.239,-6.4945,-2.1232,2.4437,7.8342,4.6313,-1.854,0.71965,9.8661,13.997,10.522,5.4629,-1.0661,-8.9679,-11.15,-8.4602,-7.3529,-7.0661,-3.4493,4.753,6.5699,-3.2958,-0.14136,17.865,14.972,0.22876,1.9418,1.3687,-2.949,5.289,2.4749,-10.354,-9.7188,-14.855,-18.98,0.9577,4.6004,-12.605,-1.3261,15.376,7.0093,6.8316,13.89,5.1797,-1.8554,0.78761,4.4586,6.0456,-1.6953,-10.08,-11.155,-13.578,-5.1492,11.116,5.589,-3.017,5.1013,2.1178,-2.819,12.199,15.864,0.28465,-5.4533,-2.7862,-3.1983,-5.9415,-10.155,-9.866,-6.974,-8.1714,-7.9322,-4.5467,0.7754,7.7779,9.4121,11.44,17.688,13.169,3.9958,0.20667,-8.2787,-6.8159,10.695,10.242,-4.8534,-5.796,-2.1454,-3.7657,-7.2567,-13.02,-10.551,-2.4767,-1.4858,0.78748,1.6559,-4.7546,-0.48033,10.583,11.615,8.7152,2.7936,-2.7499,0.11916,-3.191,-10.058,-2.484,5.2049,2.8816,-0.42214,-1.2635,5.756,6.791,-5.6713,2.8926,19.911,3.0125,-10.98,1.4573,-0.10508,-9.0911,-6.3525,-12.286,-18.836,-9.1564,5.5776,13.757,3.1534,-12.802,-4.7302,8.0711,8.9335,16.801,19.026,4.1724,-4.9941,-6.2203,-3.5148,5.5672,4.5423,-7.3685,-12.953,-8.5831,2.6684,6.5673,-0.16566,0.67704,-1.8979,-12.417,-0.43738,17.672,11.411,1.2643,-5.7497,-12.454,-6.5454,-5.3323,-9.0489,4.2172,5.8876,-10.003,-3.0286,12.347,12.877,13.655,6.3489,-6.9472,-1.3283,5.8723,-1.5001,-5.6212,-5.3394,-5.6476,-1.7601,2.374,4.9539,5.7317,2.7789,0.072481,-6.7422,-15.422,-8.1473,5.1529,1.485,-8.2229,-6.1811,4.6053,14.031,13.796,5.0897,-1.3673,1.6256,7.3448,0.85154,-12.679,-15.444,-12.22,-6.3669,8.0345,12.097,3.221,7.4645,12.172,1.9836,1.3401,4.6045,-7.552,-12.445,-5.806,-6.9407,-4.8651,3.8119,5.1248,4.9279,1.8825,-8.4564,-6.8354,4.9518,7.4042,7.7647,5.9053,-7.9707,-12.797,-0.70483,3.6175,-1.127,-2.4751,-1.9584,4.379,12.074,6.3564,-1.7974,0.28741,1.3536,-1.4573,-3.2788,-5.9173,-2.8743,5.18,3.4341,-3.7019,-3.1724,0.086473,2.8393,5.8233,-0.041706,-9.994,-7.1704,-0.78201,-5.3415,-4.3634,9.3092,11.516,-0.73704,-4.2563,2.9985,5.3132,-0.98982,-3.7828,4.3859,6.5719,-6.4395,-11.445,-1.6904,6.234,11.662,11.136,1.853,1.1393,0.89121,-13.618,-15.669,-2.4624,-3.6563,-8.3756,-1.7336,1.5098,3.6295,9.5281,9.1209,9.4997,14.654,7.0836,-9.8177,-11.603,-3.0975,-7.8204,-14.482,-6.4261,-6.1548,-12.231,5.6334,20.947,8.1193,5.9384,17.366,8.5078,-2.7,1.9126,3.1042,-2.5287,-6.1408,-6.6465,-6.2213,-9.1499,-7.7321,0.15188,-1.0631,-4.7683,0.65354,0.10555,-5.1399,1.7465,11.05,7.6971,-1.3793,-2.5364,0.68799,-2.7186,-2.0924,7.293,6.7868,1.6218,2.7449,-1.9658,-1.5803,12.133,11.112,-2.9183,-4.8757,-2.6819,-9.5019,-18.329,-12.532,5.9343,5.8461,-8.813,-7.7381,-4.992,-1.3847,18.889,17.61,-4.2138,4.1571,15.655,1.5213,-1.9769,2.0583,-5.8827,-9.568,-7.7146,-1.5724,6.1654,-3.3548,-10.083,5.2629,10.792,2.4231,0.93742,-3.4448,-10.274,-9.0306,-6.1764,1.1404,12.101,11.127,1.1656,-1.8285,6.1016,11.507,1.1427,-9.5232,-3.9515,1.8481,-3.7964,-9.3195,-7.2627,-2.972,-2.8667,-1.3491,5.9243,8.1791,5.6715,6.304,4.4751,2.1625,2.0581,-2.7744,-5.196,-5.8025,-11.506,-3.8256,10.18,0.36942,-13.369,-6.7613,3.1519,6.4169,7.5634,12.058,16.713,4.8004,-7.0676,4.0879,7.4948,-6.8056,-11.897,-16.326,-19.163,-3.0272,7.4528,2.681,2.471,1.6139,0.13825,3.4345,1.686,3.525,9.7873,4.9094,0.25113,-1.6602,-9.4392,-6.6657,0.32975,-3.849,-0.99297,4.5956,0.22751,4.3733,10.007,3.7075,4.7074,9.0898,1.9164,-4.8634,-6.9589,-6.0705,-2.2722,-5.2093,-7.9987,-3.6412,-5.3119,-8.2342,-6.2462,-8.25,-1.8222,13.897,13.453,3.4787,2.2059,4.7166,8.2988,6.4047,-1.7629,3.2127,12.099,4.6958,-0.16546,3.4501,-1.7645,-7.0775,-7.2438,-11.031,-9.7168,-4.2041,-5.8448,-7.4995,-7.6329,-8.6812,-1.6027,6.4922,8.1047,13.714,16.274,7.1369,-0.60864,-6.4426,-11.917,-4.4273,9.2121,15.209,12.069,-3.7806,-16.476,-6.2936,4.3874,1.1238,4.5188,9.2238,-1.0149,-8.6291,-2.8117,0.35878,-4.6735,-6.7045,-4.9819,-9.48,-9.933,7.495,17.618,5.2399,1.881,9.5929,-0.55407,-11.552,-1.7436,3.9817,-6.2873,-12.419,-7.1835,2.7079,11.162,11.844,7.3611,5.8472,5.5827,3.5817,2.456,-1.1269,-7.0753,-6.8599,-6.3413,-10.266,-4.8247,3.7772,1.3973,2.4079,4.7634,-4.6691,-4.1136,4.3477,-5.3784,-9.0245,6.5277,8.0423,-1.3168,-3.3722,-6.5139,-3.8128,6.55,8.2283,8.6533,12.151,6.749,-3.3613,-11.749,-10.258,4.549,5.922,-5.2795,4.0624,13.656,-1.1598,-9.266,-4.1676,-7.014,-7.1367,-0.1912,0.20281,-0.6679,0.71074,-3.1194,-6.3318,-1.9935,2.3619,0.19099,-2.5783,1.1469,7.874,11.048,9.7198,7.512,7.7031,5.315,-2.5885,-7.1315,-7.6688,-8.51,-3.463,1.4631,-4.2118,-8.6196,-5.3312,-1.0674,5.0134,8.4646,8.0546,10.621,3.713,-11.497,-8.4858,0.53565,-6.2626,-6.6664,3.6775,1.9815,-2.9646,-0.22557,0.23359,1.073,3.7972,1.1725,1.9045,8.6253,7.3334,0.81078,1.2465,4.8864,2.6598,-7.0077,-13.88,-5.4188,6.847,3.8893,-3.4783,-0.71978,3.3769,3.4253,0.27623,-8.5537,-12.035,-4.8121,-2.5488,-3.8007,1.2914,1.0654,-2.1701,6.8796,15.878,13.566,8.561,1.0949,-6.606,-7.5862,-7.7193,-4.9647,4.1072,5.3661,2.9736,8.6872,4.4186,-9.9332,-8.1649,1.3136,0.8757,-1.1131,-5.9311,-13.419,-6.6695,4.6879,2.4234,0.51898,5.971,4.7952,-0.42229,1.3051,6.5424,4.8206,-5.6892,-8.492,4.348,9.7174,-0.70428,-2.6086,7.3785,8.1757,-3.0709,-11.55,-6.8801,3.8211,3.2424,-5.3178,-4.9723,-0.6844,-2.8798,-3.1576,1.2328,0.14672,-2.4864,4.6747,13.028,9.1468,0.84426,-1.5798,-3.0448,-6.5446,-9.0506,-9.1394,-3.8174,4.1058,8.0641,11.16,12.259,4.9497,-2.822,-5.2345,-7.7945,-7.7691,-3.9065,-3.1545,-4.6097,-5.1148,-2.1528,6.6528,10.794,6.6935,7.7749,9.3749,0.62659,-4.7342,-0.59271,-0.85312,-6.0477,-6.547,-3.5197,-3.0255,-4.6557,-4.1699,-2.5544,0.56231,9.2838,11.482,-3.0103,-10.975,0.82293,7.6394,1.0738,-0.89107,2.3623,1.9134,1.0604,2.9926,5.0035,2.4599,-4.3457,-4.5577,1.529,-0.18632,-2.0529,4.6379,-2.3106,-18.211,-7.865,9.6563,1.4764,-4.6543,4.1872,3.2346,3.0813,10.398,1.8663,-7.8072,-1.4796,-2.1243,-6.6847,1.514,6.6959,4.6856,2.2306,-5.1246,-4.2178,5.688,0.66663,-6.175,3.7103,7.5003,-0.60923,-3.4067,-1.9292,3.0665,7.4359,-1.1845,-7.5688,-0.26988,-1.5334,-10.766,-7.3409,-0.75637,0.38623,6.2486,9.3412,0.74091,-5.4339,-1.8127,3.027,4.7049,2.2058,-3.0189,-2.1123,6.6918,10.949,4.951,-1.3735,-3.2605,-6.9011,-8.6134,-0.26512,6.7761,1.7074,-3.5498,-5.3319,-12.666,-11.575,8.6238,20.979,10.308,-3.2502,-10.757,-15.123,-7.4508,9.824,18.349,10.34,-7.2225,-15.34,-1.2908,12.911,4.9941,-6.3581,-4.2259,-1.7078,-3.1819,-0.038162,4.3331,5.2543,5.7943,6.7331,6.6343,3.5548,-3.5804,-9.5234,-8.3175,-2.5918,-1.2458,-6.994,-10.285,-7.9966,-9.2565,-8.4728,3.2755,9.4457,4.231,7.9313,18.724,21.653,21.037,14.038,-2.7732,-11.125,-10.912,-15.291,-11.489,-0.78356,-5.0098,-13.326,-13.13,-15.18,-7.6969,14.426,19.811,8.8884,8.0914,8.012,1.9067,5.0203,7.2226,-3.1818,-10.676,-12.313,-16,-11.389,5.0488,16.452,16.439,14.278,10.785,2.2536,-2.4226,-0.81968,-6.4599,-16.423,-17.053,-13.388,-7.5646,3.8162,6.2749,-0.89747,0.31045,3.1895,-1.5664,-3.1532,-2.4722,0.04803,14.393,25.659,18.405,8.7315,4.4781,-2.8694,-8.6071,-8.2229,-7.8618,-8.8557,-8.4353,-4.6343,1.8649,3.5629,-3.0229,-10.461,-14.314,-15.787,-11.836,-2.3798,3.6033,4.8139,10.561,19.865,23.402,20.523,14.424,6.706,-0.4153,-7.1673,-9.9114,-3.2626,4.5015,5.2866,2.5234,-5.89,-16.292,-13.682,-7.6763,-15.588,-21.212,-13.584,-8.5359,-2.8451,14.028,24.754,19.902,12.031,3.2924,-6.6676,-11.559,-12.476,-5.4013,12.042,21.199,18.251,19.578,18.042,6.7671,3.6447,7.5953,1.0265,-14.246,-28.666,-32.902,-22.525,-14.175,-18.558,-20.981,-13.466,-2.3527,9.4582,18.441,18.576,12.317,10.034,13.575,14.284,12.814,13.171,9.1819,3.5283,3.7609,4.2132,0.77886,-6.7014,-11.672,-0.67011,7.0379,-8.567,-17.432,-15.176,-24.47,-16.377,8.9585,3.8366,-9.202,-1.3755,-4.1868,-10.358,0.50049,3.9906,0.8378,3.4095,2.4165,8.968,24.074,28.217,27.829,26.073,17.348,9.9817,-3.763,-22.351,-21.369,-11.476,-11.694,-14.655,-21.477,-28.321,-26.201,-24.403,-17.103,1.5831,14.562,25.533,35.296,24.84,12.431,16.334,13.955,2.3533,-1.8436,-0.3664,-0.85732,-7.3817,-9.9671,-3.075,-8.5705,-21.356,-15.693,-6.7221,-0.41218,16.143,18.007,1.8116,0.81733,8.3048,8.1598,3.8331,-10.057,-20.253,-12.9,-7.0118,-2.2741,10.86,15.21,10.355,4.06,-7.2865,-7.4063,3.5422,0.91446,-4.2499,0.046942,-1.2291,-2.8378,-1.8498,-9.2287,-7.4342,12.167,24.655,20.735,8.0436,-4.1555,-5.4002,-5.418,-13.182,-14.003,-6.6742,-2.732,-0.57645,-0.89467,-3.4499,-0.91163,2.8319,3.831,5.1241,4.1987,1.6398,-2.0458,-7.9624,-5.8014,2.2361,2.5731,4.383,10.248,6.5932,5.0759,13.018,10.524,-2.8045,-10.895,-11.049,-8.7161,-10.382,-9.2599,0.82262,2.0762,-3.7739,2.6918,5.9133,-0.67007,3.5477,6.8995,-3.183,-7.1343,0.46816,9.006,7.4889,-5.2065,-5.6792,2.6155,-6.4039,-8.9823,8.9565,12.797,4.467,3.026,0.80163,1.3675,-1.539,-13.537,-4.1569,14.608,3.0475,-13.836,-12.685,-7.921,3.0964,10.62,2.1299,-0.19029,4.1244,2.0699,4.442,2.5021,-8.5521,-4.5425,5.7195,1.5985,-2.5242,-1.8609,-6.9265,-8.4048,4.0055,15.685,7.652,-5.5872,0.21296,10.985,10.464,4.7799,-9.1916,-19.783,-7.8708,2.5113,-2.3483,-1.726,-2.7598,-12.239,-9.3961,3.7018,13.862,20.29,16.546,5.004,-3.1199,-8.1618,-10.692,-7.8655,0.26912,5.1468,-4.3867,-11.059,-0.056322,3.2197,-1.514,8.843,13.651,4.3041,4.3821,2.3298,-9.1103,-7.5877,-1.0909,-5.2074,-8.657,-4.2162,3.5383,5.1779,0.54846,2.0409,2.1521,-3.8549,1.6411,6.6079,-3.1313,-3.3457,5.7899,5.8002,6.0975,5.5145,-3.7685,-9.586,-8.7073,-2.9045,3.5019,-2.3324,-6.0243,2.3106,-2.2228,-8.9731,5.4905,10.812,-1.7068,3.1355,17.378,11.2,-3.2986,-5.6361,-3.3241,-5.2094,-1.9767,4.894,-1.7046,-13.675,-13.024,-8.6938,-3.9814,10.28,19.308,8.1585,-7.6049,-8.5942,0.73983,3.4257,1.8872,6.8772,3.8225,-11.077,-9.3064,8.3158,11.124,1.48,1.3073,5.8792,0.26351,-5.0083,3.8109,8.1852,-2.4343,-5.2653,-0.018716,-4.7276,-11.275,-13.677,-14.461,-7.5483,-1.9718,-1.437,7.4571,13.002,7.7231,8.6781,8.4886,1.0703,2.4567,4.5026,0.49847,3.731,6.2475,3.6371,6.8179,5.8774,-1.9261,-4.5749,-11.004,-21.677,-17.46,-4.136,-1.8711,-8.2277,-7.3319,3.0403,10.168,9.8762,7.4608,2.9008,-0.43745,2.0014,5.9189,7.3437,1.8202,-7.4798,-5.1927,3.5148,6.2059,12.758,16.384,1.3774,-13.204,-13.928,-9.7847,-0.82256,5.4971,0.81969,-3.6951,-5.3122,-5.0622,1.8453,2.9047,-7.2621,-13.789,-12.759,-5.0748,4.9848,6.2121,7.52,15.859,18.304,18.461,17.069,1.1862,-11.105,-6.1643,-5.8051,-10.134,-5.7028,-4.3033,-10.22,-13.515,-10.992,1.0583,16.219,16.508,3.5357,-3.9741,0.17295,3.0342,-4.6442,-8.7558,1.1306,6.7779,-1.8639,-5.1833,5.7237,11.828,3.8538,-2.3673,-2.1003,-8.321,-13.645,-3.7378,7.4313,7.4869,3.6802,-1.8846,-4.0621,4.3651,9.2409,3.2813,1.4132,2.4101,-3.9114,-8.1668,-4.8084,-0.97155,3.6433,4.997,-6.5133,-15.826,-3.9586,9.1312,2.5274,-2.3169,8.5334,11.188,-1.4603,-8.0882,-4.6417,-1.2435,0.70204,0.84403,1.166,4.364,2.2168,-3.028,2.5741,7.2346,-1.4242,-3.0294,5.3088,3.6657,0.78456,3.6777,-2.8922,-9.4917,-4.0865,-1.9296,-5.68,-8.7683,-10.111,1.0006,12.322,1.5123,-6.2819,5.5613,9.2832,3.2048,2.0226,-1.7664,-3.775,1.5128,1.6913,-0.11994,4.5471,9.6106,10.101,2.7114,-6.1675,-4.7069,-3.307,-8.8175,-7.7639,-1.615,1.373,0.65835,-7.8607,-12.554,-1.0053,8.0795,5.4931,3.356,-0.39765,-3.8395,2.4057,6.0447,1.2284,5.5064,15.877,8.5062,-9.4497,-8.2629,5.0309,2.7818,-6.7863,-8.6854
6.7077,4.6995,12.027,4.1183,-14.895,-12.225,-2.5197,-2.4863,0.24445,1.6773,-0.075673,2.7007,1.9403,-1.4113,0.4831,1.9582,3.2419,3.9286,-1.0145,-2.5223,1.7795,3.8468,5.1544,3.1617,-1.2463,1.174,0.75798,-5.4841,-1.1249,2.7533,-7.01,-7.8285,4.5658,5.7693,-4.5669,-10.656,-9.6545,-3.7167,5.3155,10.807,5.4031,-5.9881,-8.7174,-2.7874,0.0090292,0.86037,5.8726,13.046,17.085,10.227,-1.2502,1.2372,5.4231,-8.0296,-14.521,-3.7716,-5.4717,-10.536,2.4655,4.4429,-7.7789,1.58,15.32,5.0219,-4.6253,-2.9726,-9.197,-17.135,-13.217,-3.7947,4.5419,10.846,11.806,6.536,4.1462,9.3963,9.4248,3.4463,5.0217,3.9447,-5.1718,-3.4591,0.78497,-6.2142,-7.0922,-3.745,-8.1117,-5.8199,-0.67712,-4.0115,0.80475,9.0195,1.8876,-3.9349,0.037462,-4.3212,-11.966,-6.5432,2.7703,5.0641,10.101,18.156,11.655,-1.0706,0.68397,1.1718,-8.5291,-5.6142,3.2331,-0.17402,0.55777,8.8896,6.4121,-4.0369,-10.95,-9.8971,-3.5898,-5.4236,-12.695,-8.204,2.2888,5.2081,4.1286,4.3028,4.6277,3.3034,2.706,5.4264,5.5366,3.5108,6.0064,4.4915,-1.9808,-1.0928,-1.0225,-3.5889,6.2023,8.8092,-11.974,-22.297,-12.915,-9.5436,-0.93665,18.732,14.372,-6.8241,-5.9132,1.3115,-5.887,-1.7858,12.812,7.6642,-5.597,-3.049,4.3976,3.4729,-1.1119,-0.72782,5.8409,7.3192,-1.0552,-6.628,-3.1623,2.496,4.4705,2.4541,1.3098,1.1619,-4.3871,-11.778,-10.997,-3.3781,0.25906,-2.1108,-0.040231,2.7587,-4.887,-5.8046,7.7416,9.2756,0.8571,4.3521,10.437,9.6273,3.4487,-4.5036,-0.14178,2.1095,-14.261,-14.493,3.6456,4.6939,3.9008,6.7433,-3.7515,-0.67759,11.397,3.4296,1.3632,0.5877,-18.866,-14.444,3.1632,-9.2415,-10.244,6.6795,-3.8542,-11.516,4.6158,8.1709,6.6311,16.251,18.528,12.21,5.6641,0.66054,-1.0259,-6.3843,-12.32,-10.404,-7.5074,-3.3075,3.1803,1.7219,-4.7516,-7.6368,-2.267,8.5699,5.9817,-2.4345,6.2028,8.5087,-4.8901,-3.102,2.1368,-6.64,-5.3483,3.5474,1.1861,-5.0761,-9.8264,-7.099,5.9864,12.97,10.412,1.9759,-10.991,-6.8221,10.143,8.8359,3.0604,7.2186,-0.32907,-9.7364,-1.1222,6.8672,2.7004,-4.7388,-8.1583,-1.7178,4.243,-1.8682,-4.4586,4.4069,5.8605,-5.5956,-12.678,-8.8552,-4.7322,-2.8419,-0.56074,-3.6176,-4.9663,4.2773,7.4336,3.8094,11.667,15.724,6.2037,6.9934,13.429,4.7185,-7.9472,-11.794,-8.2128,-1.6618,-1.4711,-3.0371,4.0872,7.7044,-0.91896,-8.1697,-6.0187,-2.5015,-4.1379,-4.8921,-3.1029,-8.3246,-13.211,-6.4155,0.26614,4.3363,11.468,9.2047,0.85098,1.7863,5.6184,7.412,5.5122,-1.9072,1.6701,11.812,5.9679,-1.1546,3.3908,6.6449,5.6632,-2.8863,-6.3214,10.814,7.6858,-19.318,-9.9337,6.5879,-18.047,-28.586,-10.578,-10.58,-14.272,-8.5231,-10.867,-10.41,-2.8437,8.0093,23.207,23.578,19.334,31.3,29.29,15.095,19.201,15.197,1.6207,11.523,12.698,-16.357,-35.444,-36.633,-34.783,-25.478,-18.029,-18.525,-12.423,-2.6062,-1.6003,0.54315,12.559,16.643,6.8353,7.5851,17.713,13.898,8.3092,12.824,12.083,11.751,19.078,15.042,-1.6597,-12.46,-11.854,-9.6217,-12.836,-8.2434,1.69,-10.326,-24.404,-11.54,-3.8219,-7.6609,4.8583,10.997,-0.58617,-1.8286,2.915,5.9777,10.97,3.9816,-3.6081,1.2684,-2.2649,-3.6193,11.162,11.655,1.6617,5.4017,4.4375,-2.4301,-0.34523,-5.8999,-11.266,3.8259,9.2293,-4.9694,-2.0106,8.5211,-4.7741,-16.997,-7.0949,0.15257,-1.7857,0.52569,2.143,2.6187,5.1862,-0.38262,-8.0743,-4.7942,0.87926,4.0698,4.7816,-2.2183,-3.3872,7.3602,8.3512,1.3506,3.6016,4.9282,-0.10265,-0.75512,0.15535,1.682,7.2177,2.4038,-13.994,-15.999,-1.7436,4.4925,0.23959,-3.7609,-4.6091,1.5901,5.7902,0.052921,3.5293,7.9188,-9.9497,-11.459,12.567,0.54636,-25.345,-3.4104,20.706,9.9359,4.0604,6.4024,1.7383,1.6084,0.6274,-3.4699,-2.4168,-3.9895,-1.5775,9.3484,8.0643,-1.6162,-6.4319,-16.093,-21.766,-9.8,2.0092,3.8393,6.6099,9.731,8.037,8.1992,11.64,8.6083,0.71336,-5.9591,-13.127,-7.5506,9.0456,2.0111,-12.839,1.6075,9.8437,-4.1286,-2.6688,0.082035,-9.8308,-5.6006,-2.2067,-7.4345,5.8955,18.25,10.763,3.1764,-2.3851,-3.3801,0.039476,-6.7541,-5.3079,5.8594,-2.2995,-5.4515,7.6878,1.6478,-3.7571,9.149,4.0583,-10.796,-9.845,-5.1802,3.8533,11.895,1.5906,-7.3411,0.52896,8.3937,5.4866,-2.9275,-1.9431,1.3224,-12.76,-12.569,15.652,15.097,-9.3212,-4.0551,0.70354,-17.505,-9.1039,16.246,7.9653,-7.9467,3.2079,11.302,0.081487,-4.8098,-0.47977,1.1901,6.4947,10.269,5.3601,6.2005,6.2833,-6.8649,-7.9181,5.4742,-1.6272,-24.035,-30.43,-19.182,-6.3593,-1.6416,2.1634,12.541,17.038,14.846,19.443,21.775,12.648,0.91545,-7.6138,-4.9999,5.9664,1.5826,-14.108,-13.314,-4.0152,-11.287,-24.863,-19.257,-0.51855,8.8192,10.638,14.122,14.72,14.403,12.042,0.29774,-4.6275,4.4296,2.8344,-9.376,-9.505,-3.1796,-7.439,-14.887,-6.9733,4.0185,-8.7514,-19.343,2.9538,21.226,17.084,18.348,16.677,5.641,2.6936,-6.6141,-16.066,-0.28725,7.6021,-6.494,-8.2045,-8.5149,-16.472,-4.2138,9.706,0.45809,-5.6386,2.6797,9.3697,9.2109,4.2223,-1.9752,-9.6611,-11.078,6.7293,16.271,-4.3659,-13.611,2.878,7.4208,1.976,5.0422,4.8649,-2.0406,-7.4297,-4.8122,5.1685,3.3487,-5.0301,3.6434,6.192,-9.3655,-7.2758,4.654,0.49975,1.5413,7.6819,-0.70021,-5.4418,-1.7858,-3.7518,-0.59865,4.0984,-2.7839,-4.0473,2.5033,-1.6298,-8.8978,-8.7591,-4.5919,4.8241,11.087,5.0301,1.6715,10.162,15.807,10.361,1.6099,-2.8422,-2.5091,-2.2968,-6.3286,-9.6226,-5.2466,-1.4655,-6.1431,-7.0649,-3.343,-6.9277,-2.7705,12.181,6.7001,-9.0692,-3.6574,2.4899,-3.5684,0.60321,9.2837,9.9145,10.797,8.4427,1.5617,-1.6136,-3.3874,-3.2763,-7.1053,-17.861,-6.5577,19.961,14.735,-1.394,5.9632,2.409,-14.848,-9.0628,2.164,-0.7754,-0.98792,-2.7078,-13.118,-16.495,-5.0946,14.712,22.479,6.0365,-7.3055,-1.963,3.1157,8.3232,13.289,-1.1696,-16.595,-7.7819,2.2828,-0.73906,0.34776,4.2593,-1.3757,-7.1364,1.1066,10.658,2.0143,-5.8012,4.8507,4.2266,-8.5004,5.1458,22.646,6.804,-9.5446,-4.0178,-2.8649,-14.814,-26.15,-21.578,-0.15608,11.821,7.2053,4.1199,-0.4131,-4.828,2.731,9.4289,10.897,12.318,4.0405,0.50416,11.938,9.1485,-5.086,-4.2681,1.8012,0.74677,-8.7333,-17.274,-3.4609,6.4407,-13.654,-17.947,-0.41066,1.6496,13.769,32.347,10.554,-14.169,-7.2878,-7.8675,-15.851,-8.6875,-1.4423,-0.42526,-3.3707,-6.2834,1.6386,4.6604,-2.0352,6.3889,18.451,15.084,11.748,9.7927,2.8998,-0.12738,-0.81686,-0.64667,4.1926,7.9597,6.6257,-0.4008,-6.5375,-5.2604,-10.803,-22.241,-22.568,-22.24,-20.131,-8.2659,-12.273,-19.528,0.16579,14.395,13.985,19.999,14.822,16.393,38.856,26.025,-2.1173,13.891,25.319,11.807,17.166,12.288,-17.22,-24.08,-18.227,-26.353,-31.798,-28.734,-26.006,-31.718,-34.773,-5.4904,26.979,17.73,6.1773,17.575,13.608,0.51018,5.9645,15.812,19.247,17.287,12.439,15.932,18.699,8.7069,0.46299,-3.5594,-7.8136,-0.86337,3.1089,-15.154,-27.261,-18.692,-21.625,-29.94,-9.933,7.2861,-10.791,-18.231,5.8036,17.726,16.18,22.08,13.119,-7.2297,-2.0258,16.185,12.29,-2.5984,0.88423,13.419,6.4912,-9.7021,-10.127,-1.5052,6.9342,6.8688,-11.412,-14.464,11.638,14.751,-5.8115,-7.4247,-6.6936,-11.397,-1.9458,-1.8157,-12.951,-3.3099,10.433,3.6158,-11.424,-15.959,-0.28533,12.143,-0.21873,-4.0822,11.632,12.709,4.0926,6.4537,11.326,10.49,2.2366,-4.2187,0.81214,3.8039,3.1662,5.2623,-1.9417,-8.3414,-5.1828,-11.104,-14.946,-9.617,-13.878,-8.5356,6.1374,-2.1423,-4.3495,12.322,6.0967,-4.3368,9.0268,17.088,9.7556,-7.1535,-21.371,-5.5191,12.157,1.9644,5.0586,21.882,12.565,-2.0762,1.5635,8.9546,8.6384,-3.7169,-12.772,-9.7622,-18.507,-29.452,-19.508,-13.128,-13.318,3.8458,19.746,17.951,15.411,16.447,13.28,7.3642,6.2556,8.8508,3.7315,-5.5929,-10.88,-14.591,-9.9983,-5.4562,-14.445,-8.1469,10.629,0.61252,-7.6043,11.106,9.9534,-1.1208,11.962,12.41,-3.8389,-2.2792,-1.9341,-12.416,-8.3166,0.6422,-3.2356,-5.905,1.036,3.1833,-2.4643,4.3627,17.6,8.5275,-2.311,10.685,11.937,-10.91,-17.948,-5.023,-0.49909,-9.4627,-14.821,-5.1814,2.8344,-2.8931,-0.93734,11.992,15.305,11.058,4.575,-2.7256,1.5458,8.1383,1.5033,-3.8741,-2.233,-5.0143,-7.4343,-4.0081,-1.3716,-4.2563,-8.9765,-5.1117,2.3456,-0.58438,-0.74232,9.3129,8.6863,3.1595,8.8863,7.2537,-3.1919,-2.4335,-3.1665,-10.109,-1.733,7.3961,-2.6138,-7.5343,0.37316,-0.078407,-3.5883,0.1975,4.2743,8.7438,5.8553,-9.9698,-11.828,2.7344,1.7553,-5.1209,1.6536,6.3837,11.54,16.356,-3.7984,-17.234,7.9649,17.643,-4.3575,-6.7615,-2.9067,-18.814,-18.761,-2.3308,-0.53486,-2.1478,0.37804,1.0658,7.4567,8.9752,3.5977,11.324,14.872,2.3475,2.0843,4.6974,-7.0044,-4.884,3.2518,-11.744,-19.949,-2.0403,10.925,8.1274,2.41,0.070921,0.37997,-5.9201,-14.105,-8.5839,0.036714,-1.5053,-4.1221,-1.3515,7.2515,15.868,12.656,6.3151,9.5973,11.491,2.8709,-12.367,-22.92,-14.197,1.3591,2.1396,0.11137,3.472,0.58986,-2.2532,-0.40429,0.39453,8.8426,15.778,-8.5937e-06,-14.868,-3.5168,7.6873,-2.8803,-15.972,-11.536,4.8177,11.748,2.3722,-2.0523,7.7075,8.5119,-4.4863,-6.0911,0.89983,-5.3537,-8.3772,6.6838,8.6914,-7.5333,-3.5334,13.143,6.9155,-2.5464,8.7305,13.201,0.096205,-4.6727,-1.2155,-5.497,-12.087,-16.517,-18.519,-10.325,-1.5616,-5.369,-4.7042,8.7318,13.99,10.573,15.206,20.746,18.343,15.401,8.2909,-5.6978,-10.285,-9.2671,-20.733,-25.499,-10.676,-8.0145,-15.315,-1.3041,11.081,3.8533,7.5196,17.064,12.072,10.515,11.005,3.4965,2.9774,-2.9104,-19.937,-14.866,0.51332,-4.4641,-9.4531,-3.6517,2.9237,10.972,6.7787,-4.0389,3.1048,6.2677,-4.2944,1.0304,7.4707,-1.9542,-3.1731,-0.77315,-3.8655,1.7154,3.3854,-1.8954,3.0613,3.0811,-3.7917,-1.8193,-6.8746,-11.536,2.7487,7.0072,1.5829,10.447,6.8628,-6.1454,4.1931,7.0225,-10.864,-12.578,-6.9141,-5.3627,6.8638,6.2684,-9.0122,-1.9428,8.5409,0.99269,4.6338,11.657,-1.0373,-7.2836,1.2662,3.1196,3.7453,7.8089,3.4573,-3.2746,-3.8417,-3.8235,-2.9104,0.22928,-1.9198,-8.5251,-10.373,-9.3083,-9.5977,-3.1407,8.564,9.204,3.3332,8.7662,18.221,15.483,2.2566,-10.583,-12.453,-5.8096,-4.4898,-3.5703,5.8922,6.6739,-4.8516,-4.0162,7.8229,8.4917,1.1527,-2.6357,-4.972,-6.852,-8.2207,-8.8691,-1.3796,10.755,10.711,-0.65745,-6.5553,-2.4548,3.2202,3.5546,1.4799,4.6563,8.2437,2.8638,-3.9572,-3.2135,-1.5161,-5.8488,-14.048,-17.782,-10.417,0.52775,6.8682,14.726,22.836,20.136,10.602,3.5897,-2.2503,-7.9807,-11.874,-12.121,-5.5497,0.81217,-3.0214,-5.1852,5.6186,10.12,-2.064,-8.4626,-4.8737,-9.1201,-10.812,2.3326,8.9415,1.8058,-0.54799,1.5781,0.10263,1.2575,5.8225,8.0721,7.9948,6.5317,6.0274,7.8708,4.8313,-4.3568,-4.8373,3.5772,-3.6304,-21.613,-16.056,1.5461,0.23342,-1.5629,5.6535,0.21149,-5.365,-1.5183,-6.9823,-7.0437,5.6644,0.87883,-7.9991,7.6047,21.149,12.249,0.95045,0.9706,3.4994,-3.0381,-6.4627,5.63,10.214,-0.52235,-4.3197,-3.8826,-5.5225,-2.9498,-6.5847,-12.435,-6.1647,-1.4521,-1.6337,4.5604,11.003,12.996,6.125,-4.0264,4.6786,9.0054,-16.492,-24.298,0.81708,10.128,0.63116,-5.5406,-7.6217,-0.89617,5.3397,2.5778,4.4606,5.4593,2.6954,9.3704,11.185,5.2806,8.4004,4.8164,-7.3571,-5.9368,-1.372,-2.9864,-7.0956,-20.408,-23.087,-1.749,9.6603,2.1222,-2.5476,-4.3309,-1.5336,8.2676,9.2446,3.1142,4.3553,6.6711,2.1624,-0.40422,5.4418,10.05,4.653,-4.5118,-10.12,-7.0471,3.2321,2.5647,-7.2086,-4.092,0.614,-3.7461,1.5888,9.4434,5.7947,1.7239,-4.0405,-7.3114,0.46485,-5.4369,-19.825,-7.9472,6.5552,0.058247,1.1714,12.782,14.514,9.051,3.1311,1.7928,1.5839,-7.5723,-12.843,-6.2909,0.22938,8.6271,11.993,-0.36388,-4.7833,2.9607,-2.0815,-9.2274,-4.8734,-3.9226,-6.2192,-4.634,-0.93906,7.9837,12.912,4.6775,-0.79219,4.3449,9.8028,8.5577,-4.8638,-19.165,-10.869,7.2394,4.8024,-8.1978,-7.3369,0.2648,-0.37767,-4.2419,-1.4882,6.727,7.9591,-4.4271,-8.4847,10.785,21.081,6.2664,-0.88596,2.8499,-4.2838,-8.6569,-4.2528,-6.2126,-5.6109,0.63308,-0.14345,-1.2417,0.16058,-0.33722,1.61,-2.3505,-6.4243,8.7245,15.723,-2.5705,-7.2126,4.0519,2.5726,-0.68996,-0.33381,-7.0924,-9.7337,-6.2943,-4.9897,-0.5053,2.735,0.84859,5.8768,16.37,17.077,3.8622,-6.1842,0.80934,1.0635,-14.391,-9.3193,6.3717,-2.6806,-4.9338,12.209,6.4771,-9.3257,-4.2327,0.32428,-2.0663,1.2399,1.0171,-2.7306,-4.9121,-10.139,-8.9109,2.9575,10.415,7.0865,-2.659,-9.3427,-4.0417,5.8833,10.92,12.967,12.602,6.6336,-3.2367,-2.9124,10.582,6.3757,-17.939,-19.246,-4.7249,-9.6621,-11.652,2.7529,6.6824,4.5958,7.3264,5.7426,9.5441,16.289,4.4082,-12.96,-16.754,-12.701,-3.9694,-1.3621,-13.882,-17.29,-0.71474,10.291,7.9201,7.4976,14.826,23.76,21.79,8.5786,1.3771,-2.1142,-16,-22.61,-7.4357,3.2985,-4.2575,-7.332,3.2677,8.8051,-2.3175,-12.577,0.028262,16.524,8.0455,-3.256,3.3572,2.3403,-9.4549,-11.091,-12.637,-17.64,-12.092,-5.6035,-0.50334,11.948,14.017,5.5786,11.331,19.326,13.06,9.5587,10.265,1.2821,-8.4222,-7.6963,-1.9157,1.5783,1.4528,1.3093,3.6088,6.3259,3.817,-7.6398,-15.742,-11.534,-14.101,-26.763,-25.619,-17.398,-15.755,-3.1591,11.837,5.2663,-0.012545,12.334,21.947,29.236,36.891,27.249,13.175,17.856,25.262,16.957,-2.5806,-22.566,-28.527,-21.458,-19.276,-19.403,-13.242,-12.281,-15.538,-12.141,-12.024,-16.224,-10.57,-3.6092,-2.7993,5.1104,14.43,13.755,15.069,19.446,19.89,24.144,23.073,8.8328,5.3125,10.865,3.4117,-0.95416,4.5714,-0.8633,-9.7052,-13.552,-21.198,-22.064,-17.375,-20.329,-15.852,-7.7076,-15.281,-12.776,10.212,15.661,2.1158,3.2769,17.899,19.241,6.4677,7.1212,19.274,10.471,-7.4492,-4.3493,3.6173,3.4822,3.8964,-0.46,-4.7536,-3.1774,-8.5719,-10.855,-0.71176,1.6163,-1.1276,1.9183,-1.5666,-4.2392,1.547,-1.8305,-4.7956,7.0367,4.9642,-16.351,-15.828,4.3778,2.3916,-7.6243,6.5016,10.194,-10.679,-6.6082,11.022,0.13087,-4.6944,10.293,8.4401,6.5472,17.667,13.481,8.7284,12.87,-1.8724,-13.789,-2.5603,-5.4624,-19.754,-11.115,-0.85249,-9.9942,-14.128,-6.083,-0.061951,3.366,-1.543,-10.231,5.1735,20.584,-6.4226,-21.842,12.378,22.94,-0.6414,4.8404,15.378,3.0963,2.4671,3.4283,-3.7823,6.0796,4.8679,-15.257,-1.9105,22.078,2.7897,-21.952,-12.202,0.048701,-8.3481,-14.285,-6.0653,-2.7876,-3.6804,6.186,10.378,3.3633,5.488,6.5194,-1.9455,-2.5293,-2.0393,-2.2611,7.6098,2.2389,-16.068,-7.1253,8.6148,3.8342,7.7209,17.162,7.718,3.9934,12.994,4.7521,-11.008,-7.7135,1.5788,-3.3734,-16.296,-21.908,-18.353,-14.679,-9.3307,4.5375,14.669,12.035,11.643,17.236,16.385,8.4322,-4.5216,-13.291,-2.9047,4.4863,-11.889,-16.431,5.4582,15.382,4.6562,-2.6665,0.81472,3.8931,-5.9696,-13.912,-1.6582,7.1463,1.1205,0.59475,0.54382,-1.331,5.9386,5.197,-2.7716,0.92673,0.3303,-5.0997,1.0483,-0.57777,-12.577,-11.009,-0.62322,4.906,2.423,-0.15366,9.4431,11.989,0.28681,3.5582,7.6389,-4.4888,-1.4306,3.3695,-13.077,-11.728,5.4768,1.5206,-4.1321,2.2494,2.4531,-0.55822,-0.28216,0.18912,-3.5098,-11.197,-4.4917,12.526,12.791,8.3404,10.762,2.209,-8.2178,-8.5559,-6.3743,2.6334,4.7291,-12.789,-15.244,5.5769,11.87,-1.0434,-10.983,-8.793,0.2738,3.6813,6.0208,14.417,11.007,-4.7892,-8.5759,0.26488,7.1777,7.5213,1.2919,-4.8135,-2.9096,3.2127,4.0222,-2.3592,-8.4755,-8.535,-2.5104,1.9133,-4.0701,-5.7796,4.339,0.23941,-6.949,7.6001,6.6518,-6.6607,12.238,15.671,-17.38,-14.934,8.6689,5.5075,5.5213,4.9697,-7.5046,-2.1912,-2.2844,-10.467,12.766,20.815,-8.693,-13.335,-2.3929,-3.465,4.7868,2.6346,-9.9243,2.2327,9.565,-2.9627,-4.2038,-1.7586,2.7829,14.255,6.5372,-5.1172,0.57296,-0.9804,-4.5091,-3.0987,-14.995,-16.784,-2.437,-0.75271,6.1113,19.087,8.4306,-1.4269,1.3102,-6.2403,-6.2708,4.724,2.7884,2.0598,9.628,10.714,7.885,1.2983,-0.95047,5.6906,-5.4911,-19.777,-5.7974,-1.8048,-17.569,-11.087,-0.48199,-4.3966,2.2845,6.2659,-0.96441,4.9196,9.7559,3.2544,6.3863,10.236,4.6793,3.0493,4.5887,5.2196,1.2612,-12.348,-20.877,-16.664,-3.3332,19.315,22.602,-3.2075,-10.895,1.181,-2.7514,-4.5526,5.5918,3.5591,-4.4072,-9.1988,-10.005,3.0761,10.114,-0.39927,2.6174,14.426,7.3299,-3.1804,-5.1254,-10.349,-12.955,-3.1055,7.7171,4.1043,-4.913,-1.8413,0.097278,-6.2517,1.3935,11.388,2.6374,-0.367,7.7128,6.3614,3.7292,0.3974,-10.426,-9.9242,2.0334,9.2253,12.235,6.2052,-5.8118,-6.552,-0.25538,2.617,-3.3491,-18.251,-16.937,1.4905,4.2047,1.3107,6.5328,-2.0526,-8.2278,6.1399,8.4217,-4.0437,-8.5517,-12.397,-10.339,5.3767,11.775,7.8448,13.134,20.13,15.291,3.9035,0.50583,8.9465,10.697,-0.50743,-2.8698,4.6375,-0.68182,-13.931,-11.895,-4.4808,-20.704,-46.011,-38.617,-8.2657,2.0556,-7.1569,-9.3036,-0.61289,10.748,18.646,20.637,23.907,28.081,22.297,16.533,23.874,25.028,13.64,14.388,19.282,7.26,-5.3388,-17.608,-42.021,-53.399,-46.75,-44.428,-35.605,-21.542,-16.323,2.27,24.475,18.578,10.769,12.964,6.8596,16.675,42.691,42.181,20.925,9.3577,9.8504,9.444,-2.2122,-7.8619,-0.13537,-7.7325,-17.568,-4.9728,-5.9636,-26.124,-26.045,-10.915,-0.070831,0.68405,-12.393,-16.266,-3.0875,2.2455,0.98793,3.1422,6.8436,11.873,5.0085,-4.2333,6.1742,9.0758,0.85192,13.936,23.083,12.993,11.64,4.5263,-8.9977,-0.15105,2.8961,-13.118,-11.821,-1.6562,-3.6636,-3.6948,-0.92142,-4.4802,-10.233,-12.581,-11.159,-10.04,-6.0242,-1.7958,-6.0514,2.6768,23.147,13.026,-5.5049,5.8764,10.812,0.52511,3.2645,4.8005,4.9867,12.359,4.004,-5.6397,3.8114,3.9677,-7.3136,-6.3295,1.3302,0.96091,-11.205,-16.981,-4.8133,-1.3006,-4.4514,6.6756,5.9466,-4.2279,3.6504,0.36174,-13.671,-2.3751,6.7705,1.1637,8.7466,9.0561,-4.5181,0.22128,8.5585,1.5502,-0.84612,2.7028,-0.71941,-5.6655,-2.7673,3.7609,-0.28057,-8.5442,-1.3929,8.9804,3.8777,-5.7482,-6.6544,1.8424,10.305,5.8021,-6.1244,-10.582,-2.032,9.8887,2.2382,-14.082,-4.571,9.4713,2.9977,3.5007,4.1045,-14.608,-13.542,8.4034,5.2645,-7.8973,-2.4109,6.8375,11.568,7.6952,-6.8884,-8.6473,5.0463,9.3192,4.5137,1.1588,-0.87897,0.55991,-0.57366,-6.631,-2.7148,5.7217,0.30463,-4.8803,3.6368,4.2948,-8.3056,-8.9737,-0.75379,-6.5709,-15.247,-9.8756,-0.22395,9.2102,14.82,5.6452,-0.87741,8.5669,11.358,8.7413,14.104,6.0646,-13.416,-16.899,-10.814,-3.0898,5.8402,1.5147,-3.5693,3.7804,1.8931,-3.7844,1.224,-2.6079,-10.464,-7.4641,-5.8288,1.2976,12.146,1.7826,-6.8171,8.4318,15.629,7.989,5.9565,5.5286,2.2651,-4.3263,-15.864,-17.888,-5.3264,2.9182,-4.5491,-12.413,-1.843,11.905,11.461,12.118,8.7624,-8.0195,-5.9912,8.7602,0.27498,-7.1266,1.9597,0.90055,-4.7514,-4.9853,-3.3636,8.4798,14.265,1.2526,-5.1332,-0.54594,2.0447,0.51803,-9.2254,-13.32,-7.1438,-11.169,-9.8979,6.4368,7.3308,2.5979,11.45,11.887,3.3621,-1.4486,-2.6225,9.5918,21.642,11.073,-5.6844,-12.586,-10.046,-3.4619,-5.9921,-8.5508,-2.2253,-3.1334,-6.1447,-5.1984,-8.3257,-2.3975,3.1758,-3.246,10.951,27.654,7.7462,-7.2263,0.99854,0.59975,0.073696,2.7673,-1.4523,0.13271,0.38456,-1.4793,6.9531,2.1227,-14.948,-15.938,-12.149,-10.379,-4.7253,1.5314,19.281,28.243,5.9918,-4.0201,6.7535,4.2276,3.5368,6.3723,-2.7271,-8.9049,-20.845,-27.684,-1.4254,6.1091,-16.283,-1.9269,23.393,17.037,11.951,3.506,-11.437,-0.0477,7.5757,-7.3198,-5.32,3.4692,0.16688,6.744,12.039,0.40731,-5.4258,-3.5638,-9.965,-14.827,-8.4296,-2.487,-1.2554,4.9331,11.153,9.5761,9.7799,8.1557,-3.8655,-7.4588,2.3918,3.972,-5.1531,-12.106,-9.1135,0.49539,1.784,-0.98691,4.5637,4.8034,-1.2399,1.9998,3.2311,-4.12,-4.1161,2.2041,3.0574,0.23057,4.4095,14.895,10.678,-8.061,-11.372,-0.47939,-1.2787,-11.29,-11.361,0.96421,6.3754,-3.2454,-5.9819,0.79517,0.37844,3.3914,10.531,6.4419,5.1033,7.6292,-2.6026,-7.1574,2.2992,2.7292,-4.7431,-5.049,0.35617,0.31535,-9.7478,-13.139,-3.7193,2.0202,4.723,3.8577,-3.831,5.4082,23.148,17.338,5.3846,-2.903,-15.114,-7.2943,6.1498,-4.7605,-10.41,-7.5846,-14.758,-5.2781,9.9728,3.2634,3.3564,10.477,4.2094,3.3739,0.52492,-13.568,-7.9031,10.482,13.067,3.6201,-9.5763,-10.444,2.5043,1.8515,-1.7103,6.8423,2.2633,-6.1517,-0.060627,-0.94168,-3.1468,4.0746,1.3793,0.81613,10.977,5.6655,-3.6732,3.4003,5.9073,-2.4138,-5.3038,-3.2205,-6.3936,-15.252,-15.347,-6.377,-5.6826,-2.9646,7.4922,1.8449,-3.2976,14.762,21.463,8.2697,5.2206,6.9538,4.4201,1.9591,-6.6589,-7.998,5.1141,4.2082,-9.9833,-10.042,0.4712,6.7827,4.29,-4.4239,-5.8768,0.98492,2.5159,-2.3485,-8.7828,-14.393,-14.312,-8.1031,0.019515,3.2143,0.46549,3.3132,9.5658,6.1032,1.3586,3.9775,9.0492,16.355,15.631,1.6788,-2.1592,7.2124,8.7499,3.944,-2.466,-10.13,-6.5375,-0.29224,-8.4972,-13.686,-5.1096,-1.6613,-7.2848,-12.153,-14.403,-10.145,-2.8791,-5.5742,-9.0253,-0.040837,2.1464,-5.7794,8.3519,32.867,27.244,10.798,13.746,17.489,12.723,9.8938,6.6685,5.289,3.7894,-7.6478,-15.768,-11.819,-12.196,-21.475,-29.621,-26.459,-10.785,-3.4282,-10.926,-9.6522,1.447,3.9026,2.4167,8.8428,16.805,14.462,10.468,19.214,22.935,11.491,10.959,15.943,4.2856,-3.4151,-1.9993,-8.9387,-8.8394,-3.0911,-12.896,-15.718,-1.3428,-3.5258,-20.036,-18.768,-5.1302,-2.2121,-4.8653,-0.16517,1.8556,0.19695,11.872,19.911,4.0895,-4.2831,7.4715,6.1725,-5.927,-1.4036,10.588,11.794,7.0151,1.6678,-4.718,-3.7759,2.0268,-5.2862,-9.425,10.067,14.153,-7.2441,-5.1706,3.64,-15.429,-18.919,2.4233,5.3985,-2.1741,-3.9078,-5.8262,1.0884,7.5502,-0.83878,-5.8094,-2.289,-1.0234,0.79128,1.8574,0.51734,0.72975,2.08,4.1074,3.5177,7.3297,21.704,16.899,-8.8983,-9.8999,3.5261,-1.6031,-2.621,2.8082,-6.1684,-6.4753,8.8448,4.2385,-19.859,-22.354,0.61362,6.3201,-5.2977,2.5915,7.8574,-7.7667,-5.2022,3.3215,-8.8265,-6.602,5.1506,2.2073,9.1735,11.527,-6.2752,-1.2222,17.727,13.875,5.5056,3.3807,4.5116,7.9683,-3.083,-13.646,-8.1198,-9.3931,-6.0834,8.7947,1.2022,-12.22,-5.648,0.68452,5.4247,4.3954,-10.02,-9.803,-3.9263,-9.3544,6.0424,17.379,-12.522,-23.173,7.2372,15.602,-0.11361,5.0596,19.977,9.2064,-7.4034,5.5656,13.244,-9.0251,-7.3831,17.747,11.007,-5.7989,-1.3153,0.1161,-7.4285,-9.0006,0.39921,5.1506,-16.086,-28.181,-5.6674,1.5712,-7.0235,3.3632,2.6271,-4.444,11.355,11.774,-1.1524,6.9391,4.9806,-7.4332,0.69214,1.9795,-11.99,-9.9475,8.4154,24.135,17.317,-2.0126,2.9281,12.044,-3.247,-7.8656,3.4542,1.693,0.11841,4.9092,0.12445,-6.3486,-6.4898,-4.631,-5.9834,-14.755,-18.83,-13.547,-16.948,-25.03,-14.389,11.134,20.652,5.6681,1.1524,11.969,3.2451,0.347,27.929,30.366,13.278,33.613,42.437,6.8087,-1.0502,18.363,1.329,-30.37,-37.794,-38.828,-41.543,-33.339,-22.225,-22.136,-23.583,-10.297,8.7551,15.684,13.579,10.73,10.093,19.228,32.311,30.378,19.232,17.351,18.316,13.778,7.9425,-4.8801,-16.312,-7.7023,-2.6255,-14.251,-9.703,-2.8564,-22.893,-30.118,-14.571,-14.867,-14.842,0.61989,5.2073,3.6031,3.8561,0.69335,10.029,19.646,8.9793,4.039,9.2697,7.7882,11.438,10.973,-3.2395,-2.5072,5.7122,-5.5256,-15.685,-8.3241,4.7769,12.004,4.1184,-4.0239,2.4022,-1.4441,-16.079,-9.5448,2.4361,-5.1205,-10.071,-4.3651,-4.4353,-1.4036,7.6345,4.894,3.2507,13.395,3.689,-18.232,-7.893,9.7226,-0.82618,-3.5762,13.213,15.976,6.8757,-1.3334,-6.0347,2.0735,4.7121,-8.5678,-5.6495,8.2526,3.9561,1.2673,9.2464,2.1002,-14.74,-18.709,-9.4546,-0.95694,-4.8226,-9.1781,-1.8716,1.5844,1.1128,8.8695,9.1513,2.3141,6.6339,6.1606,-3.8157,-0.16344,5.0698,-2.4131,-2.5057,2.685,-1.6333,-1.9012,6.8557,11.954,9.8322,0.40311,-7.8022,-4.0548,0.72555,-2.145,-8.2064,-17.159,-16.927,-3.6863,-2.5139,-5.7345,11.275,16.995,-3.6998,-6.2256,9.9749,10.358,6.4243,5.7664,-4.4408,-4.2124,7.4492,-0.48091,-4.8541,16.423,14.021,-15.553,-15.796,-1.2623,-6.028,-4.7766,2.6232,-3.0664,-3.2701,1.5471,1.1082,6.7575,1.9623,-13.128,-3.5098,8.2164,-2.5433,-3.2283,4.4556,4.9214,10.704,3.8287,-13.909,-4.3922,11.834,6.6693,1.0214,2.8716,9.1402,9.0037,-12.341,-19.628,0.51127,-1.4554,-18.239,-9.6594,7.7622,14.638,6.5243,-10.692,-5.58,12.916,10.547,1.7951,0.70631,1.8252,4.0269,-7.2673,-18.339,-4.1549,4.7384,-0.8501,4.4544,3.1683,-5.4142,1.2275,3.889,0.32286,4.5124,0.36388,-3.0005,7.0558,8.4568,3.3809,2.4397,-0.15564,0.87834,-5.445,-22.17,-17.098,1.9024,5.8982,5.3065,5.2875,4.565,7.1742,-0.1658,-7.036,2.1268,0.59645,-12.011,-10.444,-5.515,-0.66808,11.587,15.696,9.9509,1.7733,-6.872,-1.8531,6.1825,-3.1642,-3.9316,14.589,15.84,-2.561,-8.7182,-5.8854,-11.629,-9.8515,3.0088,-4.4628,-17.9,-2.5748,6.7794,-4.0379,7.6641,20.092,4.4247,2.4884,12.296,0.77466,-10.988,-13.733,-16.73,-10.658,-3.8606,0.49271,8.3385,4.3218,2.5099,17.063,15.852,6.0921,10.582,4.0774,-4.2797,2.698,-6.9012,-16.037,3.8998,9.5104,-1.6074,5.9089,2.1451,-18.771,-13.768,-3.7553,-18.548,-23.6,-10.315,-10.896,-17.202,-3.6026,18.377,29.169,30.094,24.885,13.136,4.5054,8.6208,11.8,-0.40229,-9.274,-1.3615,0.52058,-7.9424,-4.6125,2.984,0.90344,2.4657,8.7921,4.4105,-10.94,-23.432,-22.632,-20.507,-27.004,-21.904,-9.222,-12.725,-8.1589,13.751,16.942,11.915,19.222,17.056,15.644,31.368,36.946,32.001,32.527,23.617,6.9282,-5.985,-23.467,-37.4,-36.561,-34.098,-33.995,-27.884,-19.712,-13.948,-3.5815,9.0011,6.9712,-2.1492,4.7126,14.032,10.017,7.8563,8.7597,11.662,22.892,18.84,0.74777,5.1889,16.236,8.9647,3.7539,1.8589,-5.7231,-7.2364,-3.7649,-0.68229,-4.4391,-18.823,-17.887,-3.7968,-8.297,-11.625,-4.2798,-13.319,-13.595,7.1719,7.1303,-4.172,0.044809,2.7637,3.9982,8.2441,4.3702,5.6132,16.762,19.655,12.346,2.4121,1.7861,9.9077,0.86153,-15.717,-8.5082,3.4897,1.5563,0.40605,-2.5687,-10.847,-12.319,-8.4057,-3.4942,-1.78,-9.9446,-12.173,3.846,14.914,5.0884,-8.1564,-9.3362,-3.2767,4.5326,11.297,8.4913,3.2195,10.149,12.465,-0.27259,-3.01,4.8845,2.4652,-5.8871,-10.855,-6.3533,5.0292,0.43066,-8.8228,4.9683,13.047,1.5703,4.0863,8.3635,-8.596,-18.112,-8.7455,-1.6262,-3.5898,-7.4128,-1.8438,5.3443,-2.1216,-2.625,12.469,7.1069,-11.782,-6.9182,6.4025,6.3113,7.1368,12.084,7.4066,-3.859,-5.5387,1.3778,-0.043365,-4.609,1.1505,3.1309,-1.0519,5.4567,9.2016,-0.11399,-3.2214,-4.3629,-13.348,-11.797,-3.8081,-7.398,-6.5353,3.9117,1.1956,-6.1981,5.5005,19.285,9.0525,-10.267,-10.847,3.6266,13.193,10.688,-1.1476,-8.3085,5.6333,20.995,6.7933,-14.809,-12.279,-5.8393,-8.3968,-0.28097,8.3635,1.5816,0.21432,2.8777,-9.8782,-14.063,0.21385,2.2544,1.3306,12.819,6.5655,-8.8802,0.24085,8.4416,-0.5174,-3.9962,-7.2606,-7.594,7.4886,5.6514,-12.655,-3.9846,13.191,10.005,4.2884,-3.9748,-9.6788,8.8176,21.959,5.1269,-10.966,-12.779,-10.031,-3.7529,1.7673,4.9019,-0.23624,-12.524,-5.1331,8.6062,-4.7368,-8.4949,13.024,11.052,-3.5278,-1.4411,-7.4726,-10.254,7.5222,8.1028,-1.5197,10.565,14.425,1.6252,2.2393,3.065,-6.9636,-8.4884,-8.9277,-13.79,-3.064,11.564,4.0924,-7.0549,3.6155,16.368,4.8696,-12.394,-10.101,-4.8862,-9.4662,-5.1626,1.3597,-7.8271,-8.9361,10.247,23.218,21.665,11.488,-1.0231,2.4123,9.753,-4.5024,-17.979,-12.807,-3.5587,6.691,5.1167,-13.366,-15.486,-3.0973,1.0592,9.7136,8.8868,-11.612,-8.8802,8.7747,5.7051,5.9845,8.6374,-5.6733,-5.3905,10.138,10.872,2.0093,-12.118,-17.073,0.067228,0.62036,-10.268,10.47,19.289,-5.7245,-1.7473,18.857,5.4571,-8.9512,-2.1596,-1.591,-3.7005,-0.021624,-8.907,-22.433,-13.801,4.3582,7.5754,6.9019,7.3452,-2.7779,-6.167,3.7247,3.6974,3.3672,12.279,10.469,9.5529,15.446,1.4913,-13.861,-10.258,-14.588,-17.344,-0.32618,1.9174,-10.968,-2.6153,12.588,10.677,4.477,2.1687,1.993,4.0819,0.32209,-6.7385,-4.9023,-4.2365,-9.0171,0.18016,11.012,1.5854,-1.3133,9.1397,1.0147,-10.382,-2.0864,4.3252,4.7559,5.3945,-0.27149,-0.71065,-0.383,-8.9838,-3.9399,2.5946,-7.4031,0.61584,15.405,2.7345,-3.6125,4.4768,-0.98007,-6.6199,-7.0118,-3.0609,10.611,2.3323,-16.437,-1.0827,10.018,-3.3393,1.1596,5.5238,-5.7915,-0.060614,7.9976,1.5521,-2.3588,-6.1898,-1.6998,11.614,4.3317,-5.5959,5.6641,9.57,1.0748,-4.1178,-8.2565,-5.387,-2.5203,-10.564,-11.574,-5.6123,-3.0685,7.3107,15.211,7.3925,2.2037,5.3104,6.9596,5.9914,1.3151,-3.6639,-5.5623,-6.5926,-6.6184,-8.0444,-5.1829,5.443,5.532,-1.0319,2.8054,3.4608,3.9352,10.142,-3.3383,-15.072,2.0427,5.8781,-4.9409,3.0984,1.655,-12.518,-8.4397,-6.0308,-5.2827,16.72,24.588,2.1276,-7.8549,2.5665,1.5826,-11.976,-8.194,8.3197,2.9792,-5.6284,9.9409,11.969,-6.897,-7.7551,-0.92252,-0.13983,3.5479,-5.3828,-15.297,-2.14,6.119,1.6707,6.1584,5.7318,-2.7687,-3.7106,-5.4303,-5.0227,4.7393,4.1304,-7.03,-4.2694,10.124,10.988,-2.0728,-0.41626,14.091,10.326,-2.6368,-3.0666,-1.61,-0.060496,3.1251,-3.2798,-10.67,-14.325,-20.366,-14.257,1.8953,7.4588,4.9501,0.72071,3.9221,20.883,25.754,11.498,-0.1478,-11.208,-17.526,-13.11,-17.086,-16.091,4.6757,15.063,14.574,16.66,7.8006,2.3039,6.1728,-3.7858,-11.165,-4.6896,-4.0677,-3.7697,-4.0663,-7.0198,5.7727,11.255,-5.9084,-5.9443,7.3795,4.6419,-1.1129,-3.2617,-2.4148,0.80169,-9.3083,-15.418,-6.0561,-10.159,-10.05,11.277,12.323,1.7047,12.193,19.628,17.611,17.395,7.2075,-2.9147,-3.4893,-1.4002,8.1669,5.4053,-19.368,-23.712,-6.9034,-6.112,-10.35,-6.6437,-8.6843,-12.181,-8.7353,-2.4812,1.8206,-0.35096,-5.3213,-1.6839,14.397,26.721,16.968,5.5896,12.229,10.057,-1.0134,6.9661,12.805,4.2423,6.073,6.6148,-4.7497,-7.4939,-9.8859,-21.369,-23.691,-17.56,-14.151,-11.909,-9.4015,-4.7168,-0.03295,1.4575,5.6885,11.842,13.117,8.6087,4.1287,10.434,16.041,4.7852,1.5733,13.427,8.5164,-4.2367,-4.8367,-4.4373,1.8645,8.6147,-4.3175,-13.344,-4.6699,0.69385,3.5767,-0.56881,-16.75,-17.067,-5.788,-8.0413,-11.293,-10.901,-6.4684,13.664,20.141,0.75794,-0.019976,14.267,7.8371,0.91213,12.062,16.049,2.3279,-6.0716,4.5044,9.2961,-7.5597,-12.789,4.158,6.299,-6.9903,-9.3194,-8.6755,-12.038,-6.3625,2.1658,1.0876,-0.90568,2.0669,0.56772,-4.0935,0.056636,6.1696,0.03322,-9.4579,-9.3182,-2.0789,10.107,19.618,11.929,0.09433,4.2757,4.8631,-7.7731,-1.5574,15.971,4.3517,-14.326,-5.8713,2.6055,-3.3889,-1.9003,2.8028,-5.3673,-20.251,-20.837,1.6155,12.874,-3.681,-4.7449,9.5052,5.5479,11.436,24.045,0.8046,-13.291,8.6589,7.5253,-6.2313,1.4359,-9.4511,-26.277,-5.1935,9.1842,-7.2171,-8.4666,6.9553,11.542,10.793,10.367,5.7964,-0.024908,-3.3086,-3.0556,-2.7771,-5.2112,-2.292,8.5001,9.31,-8.3958,-18.496,-4.8079,4.5561,-2.7281,-1.4568,3.9609,-5.9327,-9.8783,5.0365,12.189,2.6028,-1.5149,8.3035,11.393,-2.4031,-8.2864,1.182,0.85937,-4.0386,4.1606,8.8414,4.9954,3.1929,-6.2268,-14.201,-1.3694,8.5169,-1.741,-8.7048,-6.3083,-6.2305,-1.3233,8.0854,5.0645,-5.9074,-7.6118,-5.3361,-7.0043,-1.9459,10.916,17.663,12.549,-0.038039,-3.965,9.2463,13.524,-2.3532,-8.8893,-1.2892,0.23062,-4.3156,-10.159,-9.164,2.739,2.0025,-8.4648,0.91046,9.1611,-3.9642,-7.5603,2.6128,4.4734,2.0812,0.85782,1.4043,3.3841,-3.0412,-7.7054,-0.33131,0.12947,-3.6939,1.9194,-0.61157,-9.2615,-0.44794,16.325,22.597,14.991,-3.4315,-13.533,-5.1578,0.65036,-6.9371,-9.7432,-0.24555,2.6719,-1.7068,11.942,27.63,9.4382,-13.154,-9.1403,-11.492,-26.843,-21.958,-5.6848,-2.9973,-6.2271,-2.8952,3.4947,6.6987,10.593,17.56,21.459,25.168,23.474,3.0618,-11.711,-5.993,-12.541,-21.715,-0.74852,14.292,0.16245,-3.9094,6.7198,5.8531,1.341,2.9654,-1.4209,-12.468,-17.774,-18.007,-16.89,-8.7595,-6.1176,-19.44,-18.448,1.8628,4.9432,2.7757,21.647,35.75,31.688,25.909,25.092,28.905,21.119,2.2856,5.1294,7.8676,-25.856,-49.307,-35.151,-25.461,-26.02,-18.258,-12.238,-12.258,-10.43,-1.467,11.812,16.31,15.42,19.369,20.802,18.754,11.906,-5.5063,-12.66,0.52594,9.5602,6.4452,2.7885,5.769,10.762,0.2365,-14.411,-5.5219,7.7841,6.1988,5.2575,3.2667,-4.3717,-12.105,-25.547,-27.329,-8.371,-9.2574,-28.855,-20.901,3.9832,14.221,17.474,20.15,18.156,18.794,24.806,22.164,3.838,-9.0148,-1.9401,3.815,-3.9538,-8.8652,-2.344,6.9021,3.2535,-13.532,-17.458,-4.3281,-0.94268,-10.895,-18.891,-18.767,-7.4188,7.3496,10.793,5.148,3.9943,10.695,12.007,4.7967,6.948,12.529,4.0884,-0.46271,1.7235,-11.123,-17.961,-0.67228,8.6611,-0.57607,-4.5539,2.0294,7.2822,4.7128,0.8488,0.93143,-0.87705,-1.7238,-2.1873,-9.5759,-5.6371,7.5178,-4.763,-18.54,0.47907,9.6482,-7.2659,-7.7234,1.1339,-4.9778,-3.4242,8.389,7.0038,5.8904,17.865,18.909,9.6358,13.222,11.572,-6.6266,-8.1861,1.7764,-8.0525,-20.536,-22.39,-22.847,-12.312,-3.3645,-9.4584,-0.63103,15.041,9.4912,10.628,17.053,2.423,2.68,18.88,2.8921,-16.69,-6.6223,0.21289,2.3816,10.095,0.69102,-7.6575,3.9317,1.6158,-7.4501,6.053,7.889,-13.477,-14.849,-0.52533,1.5693,2.1961,6.4512,6.717,3.9201,-5.8124,-11.884,-2.0549,2.7505,-3.201,-2.9297,-3.3775,-5.2556,-2.4211,-8.5966,-9.5534,10.484,19.143,13.591,20.004,19.274,3.2435,-1.1528,1.0767,-8.1591,-21.305,-22.778,-9.4666,0.28066,0.51854,7.5439,11.072,2.6958,4.5134,9.1799,-0.78262,-8.5581,-6.586,0.39622,6.4159,-4.7988,-16.185,-5.8056,-4.0225,-18.467,-17.121,-4.8487,2.3947,7.6235,8.0151,9.0648,19.118,29.624,30.527,19.207,10.373,12.526,1.9827,-13.966,-5.9681,-1.7501,-15.025,-11.439,-6.7845,-23.883,-28.679,-15.951,-15.665,-24.274,-23.007,-8.9423,4.0347,2.5144,-0.23082,11.211,26.029,27.601,16.477,14.034,27.881,34.74,32.268,35.571,33.619,20.09,0.82402,-25.359,-44.299,-49.95,-56.864,-56.438,-39.921,-21.336,-7.6586,0.12768,10.692,25.353,19.263,7.3238,16.864,14.732,2.0836,11.822,11.521,1.7161,19.296,23.692,4.1728,8.2094,14.132,1.5404,-2.2431,-4.9743,-10.068,-5.0006,-5.2922,-9.3647,-12.746,-23.838,-17.945,-0.16202,-9.7587,-19.65,-1.4689,8.7444,-0.13889,-4.4792,-1.7954,2.7987,10.825,17.421,12.743,6.515,14.045,12.353,-6.2303,-4.3367,7.7765,0.27878,-2.7051,1.6921,-1.9972,2.8213,4.2571,-7.3141,-2.3779,6.4022,-0.19767,-1.8562,-3.5202,-7.9472,-3.1726,-8.5681,-17.106,-7.5239,-4.2819,-7.0053,1.2045,-0.58963,-7.1282,-0.035239,8.5954,17.044,14.796,-3.4803,0.78038,17.524,4.1788,-5.2177,12.782,16.899,2.213,-5.1562,-4.194,-3.8181,-7.3503,-6.2288,-0.91019,-5.9094,-7.5159,1.9102,-0.93548,-2.2425,9.4452,-5.2585,-32.071,-19.596,2.7358,0.75341,3.7405,11.362,3.2718,4.9901,18.356,10.046,-1.1573,9.6246,11.723,-1.1636,-0.39071,4.3444,-2.8598,-7.2758,-2.7888,-0.11075,-7.6413,-14.894,-3.7979,5.3059,-5.9965,-4.5914,12.465,9.0153,-3.5906,-3.9301,-3.1153,-3.0639,-0.75024,2.465,5.5283,-0.76501,-6.6359,-0.042013,1.6794,-1.2032,-2.3171,-11.252,-4.5497,17.912,11.051,-5.0037,2.6256,5.2042,5.0278,14.696,6.0506,-10.362,-8.5516,-0.6284,5.4196,0.29844,-14.918,-12.669,-2.7509,-3.5343,0.40339,1.2091,-2.814,5.8919,3.2274,-8.7119,5.9201,17.919,6.353,2.6936,-0.31589,-9.6479,-5.5886,-7.1239,-15.545,0.3769,16.701,6.6821,-2.441,-0.98951,-1.2519,1.1863,2.2316,-1.937,4.6996,14.936,5.1936,-6.441,2.1563,4.8444,-10.444,-14.446,-4.6777,-2.2472,-4.6541,-3.1324,2.3014,8.3192,5.8583,-3.2447,-5.104,1.7962,4.7623,-4.7587,-11.581,0.91293,10.496,-0.34749,-6.6253,4.3461,17.395,17.124,-1.9198,-11.696,5.2168,8.1759,-10.715,-10.845,-2.285,-5.6144,-1.6514,1.6242,-9.5096,-6.0754,13.955,12.865,-3.1952,0.66052,7.8521,-6.1188,-9.4997,5.0491,0.47696,-8.5316,-3.3036,-9.206,-7.4261,14.488,11.137,-2.6839,6.1661,3.8268,-5.8803,2.3253,2.9028,-0.59433,5.4253,2.02,1.8047,4.1,-13.193,-15.425,2.7415,-0.13824,-1.3067,13.616,10.221,2.2185,2.6404,-9.2954,-13.345,1.7585,2.8605,-9.3967,-10.977,-5.3678,-3.918,-4.5801,3.2565,16.79,17.846,7.1685,0.27862,-0.1554,1.3998,0.46588,-2.2094,0.19391,3.8392,0.26445,-7.8774,-12.328,-6.8695,2.4182,3.5948,0.27415,0.67918,3.8647,5.0067,-0.14948,-2.6955,2.6346,0.60615,-2.7046,6.2188,5.2002,-6.4353,-4.5218,-4.2011,-13.677,-13.515,-8.6642,0.80368,16.915,10.774,-5.5642,5.0488,13.521,2.0434,8.7525,19.452,-1.3543,-14.944,1.8169,3.4314,-12.534,-5.6071,9.0759,3.3245,-6.9558,-11.005,-8.7689,-0.35794,-4.2342,-10.489,5.5412,12.592,-1.937,-0.89288,2.8024,-11.169,-10.393,6.7283,10.628,1.5854,-3.7968,6.7155,16.239,4.569,-0.47663,7.6013,2.9433,4.1443,7.8641,-12.723,-13.819,12.351,3.1308,-23.797,-20.037,-4.6879,3.214,2.5898,-1.7577,3.831,5.4731,-1.6708,0.5479,-1.5854,-4.0803,13.004,14.475,-4.4646,-0.598,9.0128,0.84647,-2.6433,-1.1037,-4.6953,-8.8856,-10.154,-2.0969,-0.45922,-13.967,-4.7877,21.648,19.243,3.8102,-0.0071472,-0.13318,11.056,17.086,-5.8767,-17.903,0.23693,5.3722,-7.1249,-7.2083,1.3832,0.44483,-12.097,-18.92,-4.9341,4.4225,-11.852,-14.683,10.292,12.711,-5.7711,2.699,18.238,11.239,6.7025,6.9464,0.1091,2.1941,5.8441,0.93485,3.7124,4.9624,-0.85708,4.5225,6.9083,-1.5593,-1.1694,-2.1114,-10.034,-10.178,-12.64,-17.842,-14.617,-14.161,-12.431,-3.0583,-1.0368,-0.17491,3.6562,-1.5914,-0.83348,12.001,19.547,23.485,22.218,12.923,9.6243,7.7669,5.6192,13.646,10.794,-7.7284,-11.75,-5.1175,-3.7671,-4.2996,-12.369,-22.618,-20.784,-16.918,-18.242,-18.596,-16.395,-6.7855,10.143,19.256,8.3476,-8.1802,-1.1187,16.061,12.354,12.3,26.348,18.655,5.8632,13.432,14.203,11.711,17.295,7.5502,-2.7714,-3.0301,-23.215,-40.615,-25.355,-14.709,-23.838,-23.742,-9.6869,0.42347,-1.5019,0.23354,12.259,11.383,4.6948,13.361,12.976,2.7397,11.665,17.581,5.665,1.3947,-0.93213,-3.7999,11.644,18.529,-1.5437,-9.7308,0.54481,-2.1708,-12.727,-14.049,-10.537,-2.5386,5.6729,0.80278,-7.0295,-5.7075,-9.3014,-13.924,-0.63522,12.168,6.4947,0.1873,-0.76711,-2.6377,0.95124,4.4989,1.3383,2.2053,4.9402,2.4837,5.1544,11.619,7.5868,-1.1306,0.17182,5.291,-0.31875,-8.1054,-3.5084,-1.1195,-10.451,-6.0434,14.401,13.36,-11.17,-17.301,2.2974,10.53,-2.8502,-9.697,-4.3275,-7.1128,-12.897,-3.7125,4.3407,-7.3725,-12.577,7.8789,21.745,15.677,15.187,14.108,1.633,-0.070566,2.2994,-6.1726,-3.316,5.3189,-2.0784,-9.183,-9.2395,-6.7875,-0.031824,-5.91,-9.8712,10.625,13.18,-2.5844,6.952,3.0595,-22.735,-10.77,5.8279,-9.8427,-7.2877,10.271,9.6997,7.247,2.8051,-1.0587,4.8752,-5.5378,-14.194,10.252,22.226,7.6133,3.1215,-4.2524,-17.843,-5.5893,18.107,16.516,-8.6755,-22.289,-8.7473,-1.3521,-6.2872,3.5997,6.4269,-6.5229,-2.5672,2.0478,-1.7026,12.112,14.259,-7.7746,-10.397,-1.1892,-0.20203,6.5663,5.8957,-5.7561,-5.9227,-0.071596,5.2498,5.8981,-5.4542,-4.6044,5.8213,-5.6705,-10.524,12.489,23.638,10.549,-9.6635,-19.672,-2.9524,10.697,-1.6064,-5.0487,-3.1158,-16.105,-7.6196,16.626,9.2047,-6.9426,0.11368,7.3655,3.0086,-2.1612,-3.5954,0.70415,3.0322,-3.6777,-8.3136,-4.2459,0.77075,3.7164,5.4764,2.8521,-1.5019,-0.14097,3.288,1.9644,0.12315,2.2577,6.9973,9.0192,1.8817,-7.5141,-10.86,-11.411,-1.6479,13.211,2.797,-17.824,-10.488,4.7843,4.392,3.8767,6.2818,4.7233,0.013304,-5.0425,-0.84631,3.696,-3.0398,-2.0695,1.2887,-8.1492,-0.43577,18.729,8.8375,-8.15,-7.4678,-5.9834,-2.0175,4.0423,2.7709,4.6221,3.5869,-5.6182,-4.3693,1.0645,2.6464,8.3373,2.3933,-8.482,3.7324,11.649,-5.7717,-12.966,-3.9915,-4.2692,-7.0483,-0.27563,4.7541,2.1356,-0.52287,-1.9488,-1.4891,5.2414,5.6913,-3.0416,1.711,7.3371,-5.8575,-6.6548,5.259,1.9191,5.9139,12.91,-3.4874,-2.8511,15.656,1.09,-16.193,-7.7982,-7.5953,-5.6443,11.256,11.397,-4.2351,-13.645,-10.421,3.6815,6.7548,-3.8266,-4.8349,-2.6233,-1.4466,6.3921,2.7442,-8.5011,-5.7193,-0.024834,6.0251,14.655,8.43,-0.87712,2.0208,3.2981,6.2059,10.095,1.1722,-0.85974,9.3306,3.252,-10.677,-10.307,-8.752,-15.074,-15.392,-5.2412,0.21647,-2.4231,4.41,13.447,2.5181,-10.224,-4.6092,1.2614,-2.4761,-2.6857,5.6851,10.986,4.4526,-0.093783,3.0823,0.68882,4.8042,19.061,14.067,1.3677,3.3417,-1.0062,-3.862,8.6288,2.667,-15.771,-16.359,-19.736,-25.394,-11.741,-0.86487,1.1598,8.3122,6.9556,3.5278,10.031,3.9359,-8.6151,-4.441,-0.63767,-3.9462,-0.54658,0.62473,-0.96754,7.7912,18.011,22.411,25.205,20.505,9.4192,1.7599,-3.6838,-7.2847,-9.7619,-18.08,-25.06,-24.838,-26.26,-19.692,1.1513,9.3297,0.47255,-3.5852,-5.6525,-5.575,4.3649,8.082,9.6473,24.449,26.183,10.381,9.4209,12.26,2.3807,0.11836,1.5252,-8.3514,-13.798,-4.6233,10.271,14.413,-1.738,-15.885,-15.142,-19.936,-23.365,-9.2284,-0.56745,-6.4912,-9.1754,-5.6874,5.4533,21.191,24.724,17.828,8.5671,-2.3871,-1.9877,4.3286,-1.435,-0.15954,9.939,-4.831,-22.446,-5.612,11.371,3.6228,-0.2324,5.1766,6.0753,5.5155,0.49033,-6.1673,0.38322,7.3122,-3.1173,-13.698,-10.707,-10.089,-19.703,-21.054,-5.4428,6.0769,5.933,13.141,21.404,13.168,4.6424,4.9057,4.8346,11.795,14.734,-5.0418,-16.345,-1.4502,5.9153,-0.92917,-5.0465,-9.1595,-9.5099,-3.9846,-2.9192,-2.1552,-3.0805,-9.0053,1.0455,17.757,7.8247,-7.2271,-2.8883,-3.5876,-8.2284,1.897,4.1298,-6.2808,-0.0084086,12.252,8.2904,5.3006,7.8464,1.3883,-2.3974,0.73106,-5.3731,-9.8367,-1.148,3.5262,2.8819,6.0714,5.197,0.9196,-5.1182,-16.511,-14.407,2.0577,2.9185,-4.4238,-1.0469,-0.65948,1.7592,13.712,10.571,-1.2044,2.6909,5.0449,-2.8284,-5.3112,-5.9157,-5.7531,-0.42709,-0.15549,-2.2668,0.43059,3.6476,13.438,19.26,0.78626,-13.434,-3.6545,-2.4724,-10.507,-5.8776,-2.3484,0.9583,10.463,0.10663,-16.044,-2.9151,8.5983,-1.8602,0.5733,10.983,1.9006,-6.749,0.92886,7.712,3.7144,-6.3073,-6.6214,10.84,19.519,4.3251,-8.279,-9.1081,-9.9027,-3.7135,1.897,-8.6458,-9.5596,6.2591,1.5182,-13.387,-6.3981,1.8138,5.6285,19.689,16.476,-1.5981,2.7479,6.8536,-5.0252,0.24718,9.5582,0.35363,-6.8932,-12.884,-14.798,3.9031,7.4335,-15.647,-14.856,3.8864,1.5376,-6.4294,-0.14348,11.607,14.004,5.4186,8.2059,15.128,-3.2939,-15.235,3.7036,9.1165,-6.9831,-12.92,-7.9707,4.8359,15.194,7.3174,-0.88846,-6.6822,-21.37,-19.124,-2.05,1.8961,7.505,13.967,3.7071,-2.7171,-4.2123,-5.2844,15.756,25.718,1.3035,-0.27517,13.094,-9.9777,-23.443,-2.3492,-1.5725,-15.144,-7.5091,3.1427,5.5106,1.9603,-9.7377,-5.7872,13.962,9.562,-8.898,-3.6098,7.1015,3.3917,8.3883,20.094,13.746,1.8125,-2.7428,-12.096,-14.526,-2.6619,-6.4503,-19.315,-8.3526,5.1483,1.1711,1.1361,2.2628,-2.1997,5.698,14,5.6571,-1.6885,-2.0088,-0.9564,2.1209,-1.5775,-4.7412,2.1104,-0.68883,-5.2054,8.0185,10.243,-2.0076,1.7293,4.3619,-6.1161,-6.283,-1.5713,0.9532,6.6255,1.1886,-5.2723,0.72194,-7.2141,-15.973,3.901,12.145,-6.1963,-8.9867,-4.1568,-8.6159,2.6449,15.815,4.9688,-0.062411,11.379,7.4052,-7.4339,-6.5673,5.3372,12.362,6.5138,-7.0137,-7.6305,1.586,-0.77922,-2.0399,7.1113,4.008,-5.1672,-3.7904,-4.4839,-3.9601,-0.75909,-10.319,-11.371,0.60928,-3.7702,-1.1421,13.203,-2.3422,-10.834,11.613,3.6791,-12.274,11.925,18.885,-0.9784,2.2005,6.5682,1.3381,7.7455,3.06,-6.856,5.1052,5.773,-16.75,-19.766,0.23823,9.546,1.008,-5.1391,-0.41696,2.3793,1.173,0.96463,-4.6243,-11.822,-13.37,-9.1304,4.3267,9.1951,-5.0576,-5.8045,5.1285,-1.3839,-0.83465,16.099,16.607,8.4375,7.2815,3.7529,3.7017,5.6612,2.9773,6.3442,4.9645,-8.9896,-12.243,-4.5761,0.24845,2.4355,-4.0548,-10.859,-6.923,-9.8763,-17.179,-11.6,-7.9164,-12.431,-12.773,-7.6858,5.1068,15.367,8.7151,4.5919,12.738,17.486,22.214,25.423,21.045,27.532,33.01,8.5394,-16.149,-15.111,-15.499,-23.433,-25,-30.647,-36.746,-25.695,-11.394,-7.3471,-0.32795,7.9315,6.3346,8.4376,18.465,16.894,6.2879,4.4242,8.662,9.87,5.7227,2.9679,13.24,19.746,3.1278,-5.0152,10.088,7.7301,-9.9479,-7.1895,-3.9794,-15.239,-11.978,-4.2493,-14.655,-16.948,-7.6828,-13.517,-13.362,10.457,20.086,4.4587,-5.0412,-2.6993,4.3738,14.649,9.8589,-9.6107,-12.287,3.5187,15.119,19.323,15.247,3.6019,0.79776,5.8098,4.4465,3.2215,3.0325,-7.3276,-15.396,-9.9712,-8.9397,-19.545,-23.008,-10.286,2.8422,1.3362,-3.7949,1.8884,8.5209,9.1933,12.279,16.352,16.755,11.492,-2.1683,-8.6427,-0.24638,-1.1825,-13.478,-16.733,-13.457,-4.2715,8.9447,7.8762,5.4674,12.762,3.1255,-5.2192,14.933,16.032,-10.262,-7.7877,5.8079,-9.3616,-19.257,-6.472,1.9452,3.7296,2.5005,-7.4623,-12.678,-4.6811,4.159,7.0365,5.1786,3.3323,7.0544,6.5198,-3.4627,-3.1499,6.2433,0.08407,-6.3869,7.6129,11.275,-5.6924,-6.7471,7.8358,11.233,5.2464,-5.599,-16.866,-12.885,-3.4325,-5.473,-4.1103,5.9473,6.2389,1.5552,5.6181,3.8918,-9.5933,-11.759,-0.98256,4.544,10.001,13.32,-0.53539,-8.3158,4.8472,7.7357,0.68482,4.7031,0.43434,-13.644,-10.296,0.25638,-0.69397,-2.8357,0.96054,3.0177,-2.6897,-5.7923,3.0829,6.1204,0.85387,8.4932,12.503,-2.2771,-5.699,3.7408,-0.43126,-8.4249,-5.6574,-0.13953,0.38601,-5.9861,-8.6821,0.5664,6.3481,1.2183,-1.3579,3.0007,6.1813,2.9714,0.10351,4.273,4.1557,-4.5846,-6.5277,0.96033,6.45,1.5254,-11.462,-11.508,4.3574,6.1774,-6.3613,-4.2444,8.9196,10.872,2.4815,-2.0482,-0.14621,1.7185,4.2245,3.8764,-4.4547,-5.3592,-0.16166,-8.6988,-10.925,2.6459,0.40127,-5.85,3.5445,2.2578,-2.8943,5.7573,5.1977,2.618,11.665,6.852,-5.1339,-5.1336,-6.7055,-4.6977,4.2387,0.48432,-5.9673,-2.9408,0.34772,7.0503,9.0404,-3.0279,-5.6598,2.7877,0.17401,-3.9238,-0.093426,1.0885,1.9133,4.7739,3.1146,-0.28703,-2.4021,-4.4136,-2.5875,0.75851,-4.1544,-11.946,-8.3345,-1.2736,-1.4817,4.1422,12.213,5.3688,2.0184,10.453,5.0065,-2.6318,6.6117,7.2405,-0.58135,4.3179,1.179,-14.394,-13.321,-3.9263,-5.0189,-5.399,-2.8598,-3.7596,-1.1653,4.6314,5.9775,4.8756,6.5871,10.07,6.5993,-4.7972,-8.0181,-1.2105,-1.5967,-6.0511,-3.2924,-1.9617,-3.3531,0.61962,1.4771,-3.8193,-1.6144,8.7617,13.029,5.5165,-0.20926,6.9925,9.6135,-3.4016,-10.833,-6.2658,-0.94297,4.8225,1.8893,-8.2308,-2.2939,7.9928,0.72814,-11.344,-20.66,-18.947,1.284,8.1646,-1.5547,6.2748,14.941,10.512,12.517,6.1413,-3.9263,5.7015,1.35,-15.653,-4.0025,4.7698,-5.9373,0.050334,4.024,-7.145,0.17783,14.902,13.977,6.1164,-5.9086,-12.504,-9.8005,-12.258,-10.628,-1.6835,-0.45211,3.1481,6.5986,-2.6455,-2.6535,4.1692,-4.4117,-5.3129,11.975,18.507,8.5634,-1.884,-2.5774,2.0584,-2.6359,-10.059,-7.2591,-0.63652,6.2948,5.1175,-9.1142,-9.3519,9.0866,16.619,11.517,4.0492,-3.5642,-3.0061,0.59035,2.5298,3.6619,-10.286,-23.176,-11.256,-6.6093,-16.256,-7.7333,1.4346,-2.1096,4.1389,9.3862,6.6887,11.82,12.17,4.5442,5.7507,9.0217,9.5178,12.414,13.498,10.853,2.5936,-4.9496,-4.5134,-12.308,-21.455,-11.782,-9.9393,-18.494,-8.9048,-7.2436,-17.964,-3.1801,9.0707,-5.4718,-8.837,2.0683,10.645,19.807,19.095,17.157,24.276,15.584,1.2782,4.0766,1.6454,-3.9902,1.3392,-4.9697,-15.98,-11.251,-11.444,-17.828,-9.5587,2.7514,4.9846,1.1815,-3.165,-4.9131,-4.7328,-2.5945,-2.0385,-6.2651,0.15728,15.112,10.987,0.064495,6.7948,12.132,7.2472,5.4541,1.7454,-3.2134,-2.019,-1.8507,-0.58865,3.8114,-1.1761,-8.917,-4.6121,0.88341,-4.4879,-11.816,-8.8966,2.1349,6.5887,0.036753,-0.78086,9.5081,8.6955,-5.6882,-5.5827,3.3132,-5.2671,-10.846,3.1421,8.7222,2.6635,-0.45536,-5.4588,1.2105,18.18,9.6667,-8.6487,-3.9984,0.36482,-3.4249,1.5224,2.9284,0.29584,2.3788,-5.5913,-14.563,-4.935,5.3113,2.136,-3.7224,-3.0881,5.9751,10.659,1.9535,-3.6883,-1.1663,-1.7399,0.87084,8.2682,6.0063,-2.8114,-8.3545,-13.26,-10.532,4.4887,10.305,1.6892,1.9078,5.7272,-3.1837,-5.9394,2.8747,4.2711,4.816,7.5694,0.42903,-4.0099,-1.8548,-5.3534,-3.1934,1.5759,-6.7771,-7.798,4.4955,5.6604,0.60425,3.1347,8.9933,13.251,5.0069,-12.228,-15.865,-10.386,-10.63,-9.7021,-2.9345,6.3718,10.167,3.728,5.6772,18.846,15.18,-1.3649,-3.072,6.8811,7.1378,-9.7851,-22.946,-12.388,-0.47086,-1.9445,3.7866,9.0163,-2.2893,-8.2568,-2.916,-3.5398,-5.2639,0.19495,8.101,12.49,9.1122,5.4204,8.112,6.3252,-3.8827,-11.823,-11.397,-3.5578,4.6429,4.7365,-4.1939,-14.15,-11.079,3.1712,7.7488,2.5705,2.9991,5.0799,3.944,4.4981,4.0635,0.54027,-3.7727,-7.1437,-4.7597,2.0889,7.4803,9.0283,2.0345,-7.8564,-8.5901,-7.7312,-8.0545,1.2579,7.3159,0.083813,-0.74941,5.1313,1.5765,0.72277,10.306,9.6837,-1.7232,-1.5316,5.5823,-0.58292,-13.864,-19.099,-17.075,-11.015,-1.0589,10.702,17.992,11.044,-1.6501,0.13076,8.9873,10.707,11.838,10.834,2.978,-4.859,-14.271,-19.951,-11.636,-4.8998,-5.1419,1.4268,4.483,-1.2375,-0.87998,0.34368,-2.067,2.557,9.1563,8.9043,3.3868,-1.8846,0.8797,4.2926,0.808,0.84543,-3.4983,-17.677,-13.656,4.5454,6.7518,5.0697,10.889,9.739,5.8967,1.8487,-6.946,-2.9072,7.6642,-5.6166,-20.612,-4.2837,10.314,-1.4144,-4.4665,5.3847,-2.5238,-10.434,-0.66719,-0.16979,-5.1983,1.671,1.3731,0.5277,15.302,16.997,2.8767,-1.6682,-6.7955,-10.957,3.2381,13.845,4.7776,-5.8757,-7.6024,-4.7119,-6.9519,-12.446,-5.8593,5.9828,9.6872,8.4058,0.86532,-0.78388,14.139,17.941,5.8206,-2.9698,-17.854,-22.074,-2.6281,-8.7804,-28.438,-6.4391,12.57,-0.46315,6.9046,23.005,11.67,0.092451,-1.7449,-3.1956,1.8444,0.44163,-4.4226,8.7538,20.343,13.953,6.5724,1.6137,-2.352,-3.3127,-7.6486,-9.9239,-10.742,-19.799,-19.243,-7.3683,-11.639,-14.444,7.3786,18.776,4.1417,-4.784,-0.016206,6.3838,13.63,15.232,4.9727,-4.1093,1.1355,11.198,9.4605,2.6226,5.7792,9.1437,1.6299,-4.8198,-4.3448,-4.7777,-7.1153,-7.1832,-0.99915,3.7724,-9.6064,-23.58,-10.077,2.4064,-8.3976,-5.4245,9.0162,-5.9678,-22.41,-5.0382,11.535,9.2082,8.645,10.776,15.047,18.212,4.5902,-2.9809,15.466,21.654,7.1675,4.8543,4.1539,-4.5396,-1.227,0.56039,-10.775,-15.877,-18.645,-22.233,-15.446,-16.717,-26.872,-16.61,0.3815,2.2882,2.6561,3.9073,7.2202,21.278,26.049,15.254,14.07,17.847,10.341,4.2997,8.4439,13.408,8.7466,-6.4358,-18.429,-19.708,-14.774,-3.6762,5.799,4.3471,-0.22936,-7.5624,-20.601,-22.858,-10.714,-1.1126,1.246,-0.11946,-4.418,-9.1037,-7.9883,6.1184,20.677,16.994,10.931,14.982,10.417,2.1447,4.286,1.5277,0.032542,15.928,19.572,-1.6276,-10.952,-3.8285,-7.944,-16.731,-12.765,-7.1938,-6.6652,-1.6835,-1.2954,-13.26,-12.2,6.5103,7.2818,-8.6712,-9.2404,-4.4834,-9.4717,-3.5092,11.161,11.705,10.439,19.884,24.173,20.682,15.329,5.6185,2.3931,5.0294,-7.4188,-22.349,-19.208,-14.938,-13.105,-2.6433,-0.20267,-6.4828,-1.3756,2.5074,-6.9808,-8.5898,4.1971,7.3937,-3.9033,-0.25539,14.516,0.64092,-15.355,7.9008,22.55,10.339,10.786,-0.23184,-20.174,-1.5973,6.723,-14.392,-1.9238,8.5861,-9.7505,3.6418,16.039,-2.0389,7.4674,13.725,-9.3834,-3.3566,1.4525,-18.192,-5.4301,2.4063,-21.335,-9.961,10.668,-3.3664,-5.4012,2.1389,-7.7289,-8.1177,7.6776,24.921,26.089,5.3277,2.4486,12.315,-3.4252,-4.8881,9.4003,-13.25,-23.689,5.6579,5.6922,-11.975,-4.0708,-2.8977,-12.447,-5.8586,5.7693,6.7189,1.6957,11.383,25.901,3.8906,-21.988,-6.0261,3.757,-6.9081,-2.3293,-3.2196,-7.1475,4.0483,-5.0429,-13.541,9.3152,10.406,-2.0303,11.517,8.6334,-1.3082,11.28,-3.4279,-16.632,22.47,30.987,-8.6414,-12.481,-2.1438,-14.931,-14.578,-11.008,-17.862,-6.2579,3.6793,-7.378,-5.7273,8.5579,13.448,16.269,13.01,0.74456,3.5138,16.221,10.499,-1.9896,-2.3272,-6.7189,-14.832,-5.8854,0.23607,-13.601,-13.249,3.1961,-1.5013,-10.357,3.8995,15.818,14.315,14.914,11.385,-2.5363,-14.112,-8.1933,10.266,7.3376,-16.39,-15.534,-1.5519,-11.274,-12.367,11.872,17.831,2.3235,-1.0233,7.302,5.3508,-9.3421,-8.5814,12.664,10.058,-14.284,-9.6723,9.9765,8.171,1.3074,0.36237,-0.57462,2.5945,1.7504,-3.0253,2.1455,6.9622,1.0908,-7.0935,-12.066,-10.423,-8.8403,-10.676,-0.19964,9.2392,-0.76994,-0.18913,11.691,2.8468,-3.0392,9.7802,9.9818,1.7985,-0.56326,-8.0853,-9.5414,1.0414,7.5226,11.722,12.409,6.2361,4.3654,-3.4699,-17.48,-10.892,-0.8988,-9.2144,-10.163,-5.9495,-12.636,-6.1304,12.257,16.851,12.741,2.7487,-7.5599,2.0672,10.919,-2.2034,-8.0986,-3.1186,-8.0773,-4.1888,11.69,9.6505,-0.91248,2.1693,6.2359,5.0907,5.4495,-0.43851,-10.895,-9.7602,0.051365,2.5916,-2.4939,-3.3996,1.3304,-0.16968,-9.7276,-12.736,-3.0321,9.4482,13.877,7.9505,0.13756,-3.1112,-3.8556,2.2288,10.081,0.36468,-11.633,-2.7071,1.2245,-7.2587,-0.01265,4.255,-8.9116,-7.18,-1.9087,-9.3119,6.0786,26.582,14.413,8.4553,16.892,4.2036,-3.8716,3.9949,-2.8359,-8.3143,-7.8052,-21.518,-18.285,1.8299,-3.8201,-8.093,5.1812,-6.4082,-18.107,2.9503,6.5667,-11.479,-2.0156,13.261,6.4144,7.0342,16.912,14.951,13.494,14.437,4.7619,0.16062,6.2663,2.9547,-3.994,-1.9687,-4.2611,-12.06,-12.046,-7.1504,-5.9739,-9.8086,-8.3743,3.2696,-0.038472,-19.606,-17.536,-5.9942,-13.071,-9.8576,3.0544,-3.663,-1.4604,18.726,22.643,24.051,34.923,30.122,19.662,19.833,17.637,10.668,-0.68744,-15.468,-23.243,-29.373,-32.799,-23.318,-19.711,-27.044,-20.741,-6.0609,-3.2378,-5.9449,1.9632,14.672,7.5714,-2.154,21.761,37.653,12.311,2.309,16.404,12.424,10.81,19.352,8.425,-4.401,-5.863,-14.512,-20.556,-13.205,-6.4462,-7.8025,-9.5406,-2.1901,-0.36097,-12.906,-9.9354,3.5622,-2.2369,-2.2423,9.3008,3.6034,2.6047,10.588,-3.513,-14.288,-2.0026,5.1152,3.752,4.3122,10.775,20.193,9.2356,-5.0475,9.4225,14.014,-3.8869,-0.27111,6.5137,-10.743,-20.315,-14.583,-10.209,-6.3447,-5.3068,-4.3122,1.3358,3.7484,2.3639,1.4144,6.8801,15.82,2.1893,-20.718,-8.5421,12.437,2.3406,-8.8753,-3.4142,-0.93109,2.064,11.577,13.333,6.7368,7.7985,10.33,-3.7588,-10.561,7.4433,6.9397,-14.245,-9.4782,0.17517,-10.352,-11.076,-5.6952,-3.8467,9.1526,9.0266,-7.1677,-2.5572,5.9944,0.14891,3.6759,7.1528,-4.4447,-9.5943,0.10616,9.0646,2.1883,-10.564,-4.4721,6.0278,4.5578,10.088,9.4945,-8.2838,-4.1185,14.254,7.8173,-3.5317,-2.3088,-1.1361,1.0971,-0.89279,-8.868,-9.6389,-8.6683,-8.6075,-6.5238,-9.7787,-0.44786,19.767,7.5965,-13.4,3.1823,17.481,4.8703,-2.0588,-3.8198,-1.6516,13.841,12.153,-5.9604,-4.4019,-0.68355,-7.3386,-0.42533,2.5732,-7.9901,-0.17197,10.075,-2.4301,-6.2051,3.8603,-0.54242,-6.9659,-0.50287,0.86269,-6.0504,-2.4863,10.48,6.2903,-15.99,-19.849,-3.5373,1.489,2.3281,11.371,12.821,13.329,23.722,24.461,8.6829,-7.9938,-14.167,-11.113,-11.901,-17.124,-17.884,-17.198,-10.284,-0.28329,-1.1443,7.8245,20.351,-2.0911,-9.9884,28.827,29.5,-6.4765,1.2276,14.042,-5.8677,-9.3865,-3.189,-12.172,-12.541,-8.3236,-7.0126,2.1348,2.9957,-0.0075876,9.6575,9.3255,2.862,10.446,6.8899,-8.13,-7.5306,-5.5802,-7.7184,0.022642,1.589,-6.177,-8.8351,-11.37,-3.8826,16.876,20.626,12.67,11.103,-0.85844,-8.7517,1.2779,-4.204,-11.954,-1.1071,-8.6919,-12.432,15.151,7.904,-19.311,3.2589,16.225,-4.8104,9.1217,22.63,-3.8611,-15.436,-14.934,-19.298,0.72046,12.663,-3.4365,-1.0382,8.4978,-0.99353,-2.8205,4.423,8.3676,11.719,4.7249,-2.2831,3.5086,2.7019,-2.5803,-2.0481,-10.16,-17.033,-7.0162,2.1609,0.079912,-6.9834,-10.643,0.34454,16.437,16.906,4.9946,-3.3838,-0.32077,8.5033,10.119,2.5145,-6.2526,-6.1146,3.0713,1.1579,-13.474,-15.031,-5.6609,-0.93748,4.561,4.7898,-5.1535,-5.5102,4.4302,8.1546,8.1346,9.0914,6.5215,-0.74631,-7.6837,-7.0376,-0.36534,5.4771,8.0213,4.1466,-2.8399,-6.8922,-10.841,-9.1093,-0.028869,1.6919,0.68297,2.2171,-4.2157,-0.64578,16.022,9.6743,-6.7051,-3.9443,-3.5867,-6.9799,0.6201,2.7796,1.3034,1.4508,-6.6719,-1.0749,17.4,12.537,0.28719,-1.3817,-10.084,-9.4608,2.1478,-5.8466,-9.1959,8.1421,7.3671,-3.1583,3.6562,1.3463,-13.225,-8.3771,3.5912,-2.7578,-6.2935,12.972,24.165,6.8169,-5.119,0.42499,-0.60308,0.99032,6.6465,-10.827,-25.859,-8.4783,6.8408,5.2307,4.5709,0.44471,-2.5773,1.2677,-1.158,-0.91366,4.2398,-0.69464,4.25,17.426,2.2347,-13.927,2.2885,10.253,-3.9957,-6.5858,-1.2185,-3.9713,-5.3246,-2.3049,-1.9931,-3.1924,2.6421,13.482,8.6108,-13.002,-21.573,-10.567,-0.16645,7.3312,17.478,20.082,10.001,-0.38688,-4.0179,-6.1544,-6.3078,-4.0595,-5.6268,-3.8698,6.7507,10.272,4.7473,4.8336,5.1579,-4.328,-15.746,-15.578,-2.9946,2.5492,-3.829,-2.6177,-1.2293,-7.6863,3.5716,17.787,2.1966,-8.8727,7.4155,16.395,10.623,3.051,-7.2896,-7.8904,0.86941,-1.8413,-8.7537,-4.577,3.7298,7.9645,3.8652,-4.1319,-1.012,7.9315,2.8451,-9.3747,-9.6031,-6.9476,-13.34,-8.9829,10.749,14.428,1.3636,-2.0376,-0.69934,-2.6619,2.0269,8.5091,7.4254,1.5833,-0.60845,5.3747,3.1671,-9.4842,-4.2104,8.026,1.6944,-0.23444,5.3788,-1.1854,-4.4165,-7.392,-18.544,-8.446,7.0253,-2.958,-4.4917,6.5197,1.6587,4.521,16.372,5.7016,-4.9806,4.5624,8.0489,-3.1632,-11.056,-4.0079,4.4948,-4.0446,-7.759,6.3487,3.5925,-12.407,-6.9147,3.7231,1.6813,3.1396,8.005,7.9764,4.7207,-0.6234,-1.8782,-1.7525,-7.3505,-8.34,-5.9346,-6.5975,4.5167,16.013,4.9633,-2.5643,5.8798,3.1825,-1.8479,3.7897,-0.65268,-3.6434,7.7086,-2.5481,-26.177,-12.956,13.454,6.741,-10.024,-8.3977,0.15709,3.2976,1.8384,5.1946,12.121,4.5123,-7.5741,-1.9223,1.9631,-6.2742,0.68639,18.086,15.725,-0.61129,-5.3752,5.1491,10.839,2.3969,-1.3242,3.5246,-1.74,-13.701,-19.405,-20.123,-17.684,-15.493,-12.753,-4.8844,1.8987,10.373,18.331,5.7094,-6.2903,5.9096,9.0663,6.9605,25.203,22.665,0.1636,10.559,26.041,13.75,2.5267,-2.758,-7.331,-10.47,-24.573,-28.074,-17.006,-27.274,-29.44,-1.6327,3.7254,-6.6183,-0.48969,-4.3415,-6.9243,10.995,15.319,10.64,12.174,-0.80454,-6.3659,12.625,20.85,23.413,41.58,46.863,29.151,14.556,3.0604,-20.144,-39.804,-39.071,-39.402,-48.716,-40.087,-22.251,-14.301,-1.3857,3.3408,-9.8673,-5.0433,10.859,13.578,24.281,37.225,36.536,37.239,31.673,22.924,23.663,2.8272,-23.64,-10.689,0.47393,-15.98,-23.295,-23.01,-23.281,-20.116,-26.851,-27.99,-16.813,-13.198,2.5722,23.85,16.846,17.65,37.272,32.511,20.856,15.521,-8.7395,-25.883,-16.999,-7.4289,0.51514,6.0699,2.919,3.6404,5.0459,-2.293,-12.038,-15.619,-6.0706,-2.4782,-15.158,-6.3041,17.101,17.442,19.856,22.225,-3.7514,-14.091,-4.6598,-19.575,-22.846,-4.2384,-12.631,-18.777,5.985,22.227,25.1,25.961,20.149,19.256,11.801,-7.6907,-6.0443,0.28288,-17.981,-25.769,-15.673,-18.851,-24.468,-19.039,-9.472,5.9409,16.457,14.102,10.789,6.7103,9.3337,27.52,29.034,6.2624,0.92085,7.7422,-4.5616,-17.599,-15.383,-9.65,-2.7681,-1.3073,-5.1511,1.3476,2.1728,-12.998,-10.875,2.6124,-2.9885,-2.6132,8.8435,-5.2308,-21.15,-5.3927,8.0208,1.8057,-0.82176,1.2186,3.9905,12.598,19.682,22.996,25.457,19.938,7.1498,-2.9938,-3.9821,0.68821,-7.1758,-24.195,-21.626,-12.486,-24.309,-31.993,-22.656,-20.057,-12.391,11.46,24.436,26.436,28.456,18.942,12.19,17.969,10.441,-0.28071,7.6226,7.6047,-8.6387,-18.622,-23.545,-20.765,-6.4855,-4.9938,-12.212,1.8019,22.32,24.578,20.328,15.37,1.2619,-10.839,-11.267,-15.959,-28.391,-26.068,-11.558,-8.5149,-5.2899,15.149,27.778,18.197,11.262,14.053,9.4449,3.4188,8.4239,5.8432,-12.678,-19.315,-13.821,-20.787,-19.54,6.8496,21.33,14.835,17.018,22.775,13.769,-4.7537,-20.553,-21.097,-11.205,-10.603,-14.702,-9.5011,0.45314,8.3137,9.9552,6.8916,5.4276,-0.2424,-7.5649,-2.7798,2.7923,-0.37706,1.8266,6.6216,5.7595,8.0205,11.034,11.617,16.536,13.558,-3.8013,-12.818,-10.898,-18.859,-27.596,-17.108,-3.0612,-1.9402,0.85295,8.3908,5.6314,1.4121,9.0599,14.355,5.6674,-5.2564,-6.7824,-4.5385,-4.3244,1.0471,5.7224,-1.0894,-0.38831,11.335,8.1415,0.64542,4.4975,2.9554,0.40974,-0.78883,-11.532,-4.8617,12.8,-2.2608,-16.297,0.11159,3.4595,-2.7138,3.1876,-6.2803,-17.199,-2.027,7.0279,-2.8866,-4.6034,6.8225,12.735,0.63297,-9.7626,0.10696,7.129,4.0296,5.2284,0.59539,-0.70748,13.93,13.457,-3.1233,-7.3951,-6.9383,-5.162,2.058,1.9708,1.0591,0.93156,-10.385,-13.265,0.095768,5.6836,-0.36889,-6.6508,-1.9877,7.1313,-3.4639,-11.609,5.4659,7.4725,-3.9786,4.3593,2.2096,-9.8129,4.03,11.751,-0.94749,-2.0279,-0.7108,-0.7542,9.8735,10.885,6.0148,10.913,5.6509,-6.3431,-5.7236,-3.8522,-7.0508,-9.2679,-7.3047,-0.65978,-1.4187,-7.4072,-6.345,-9.5058,-10.247,3.6499,3.7963,-5.4092,7.6845,14.886,0.071322,1.0472,15.064,11.748,-1.1501,-6.1238,-4.0386,-1.6924,3.1374,11.06,7.1696,-1.2893,5.199,2.0542,-16.618,-8.1682,12,-0.26663,-16.397,-8.4035,-2.1544,-4.5579,0.9254,8.7145,4.4869,-6.4973,-6.6303,1.1358,-2.9865,-12.815,-7.628,7.0717,14.482,11.625,3.2201,-4.7176,-6.3406,-0.18896,8.9104,14.039,10.387,-1.6672,-8.4988,0.30082,7.1826,1.5282,1.544,6.3019,2.1428,1.7932,5.3628,-4.5839,-10.913,1.6507,2.3907,-21.496,-32.974,-18.36,-10.965,-17.323,-8.8997,6.999,6.2981,3.1498,9.1376,12.748,14.293,15.663,18.234,29.231,32.464,18.198,11.511,13.582,6.6965,1.4561,-1.3377,-17.109,-36.227,-46.419,-49.012,-39.465,-20.042,-8.183,-9.216,-2.9962,18.277,25.6,12.473,10.655,17.409,14.093,13.412,14.474,11.552,15.911,12.25,-0.15128,5.785,6.5107,-8.0872,1.388,8.3696,-16.776,-22.597,-8.7865,-14.164,-10.013,3.1984,-11.279,-19.621,-2.3441,-1.6896,-12.146,-2.7224,8.1655,3.5363,-1.6649,2.0746,8.8826,13.127,16.664,17.49,9.4954,3.1451,7.471,6.296,-4.6973,-7.055,-2.9166,-4.2697,-3.0621,0.009026,-4.8845,-5.7484,0.076464,-1.9157,-0.030541,7.4556,-6.1937,-21.283,-8.4526,-1.6772,-11.758,-4.4287,8.312,7.2526,9.4413,11.107,5.1868,2.3342,-4.6955,-11.474,-2.2076,5.6503,3.4579,5.8531,9.5023,8.8688,1.7749,-7.3272,4.4409,17.447,-2.7628,-13.178,6.5378,2.9324,-14.435,-7.5948,-4.0089,-8.8513,-4.6506,-11.249,-16.727,2.8798,16.251,11.829,9.7483,0.32569,-13.49,-8.7147,1.6434,0.20073,0.87318,10.144,10.082,-1.5688,0.89087,11.658,0.035223,-5.9095,17.381,15.776,-12.472,-8.2522,5.3932,-0.26246,6.9737,4.0865,-27.625,-28.076,-2.8098,-4.1308,-5.3811,5.6463,-1.84,-5.036,9.2953,7.7835,-1.493,4.364,9.7871,6.2425,2.7161,1.5542,0.80368,-2.0328,-0.79055,9.199,12.64,2.1718,-6.4936,-3.7561,0.32684,-7.2446,-13.294,2.0612,13.207,-2.47,-12.869,-7.3996,-8.3889,-4.19,7.9959,4.2716,-2.1853,1.6522,-3.5635,-6.5501,10.247,16.241,-2.8314,-11.243,4.0865,13.108,4.0521,-3.6667,-3.4874,-2.0495
18.976,15.552,-9.8787,-15.005,0.65439,-6.0035,-14.692,-8.7354,-8.8019,-5.8333,-0.53032,0.77381,11.143,7.7319,-9.8481,-1.7715,8.8,0.16648,-1.3237,-5.59,-10.149,6.1609,13.676,10.895,12.416,-9.6287,-21.133,9.9517,14.311,-7.5841,8.0466,21.153,-2.5441,-14.627,-4.1379,3.2429,1.9488,-4.5999,-7.9724,-4.3866,4.41,9.8753,-4.1365,-18.385,-10.99,-8.1868,-12.611,-12.72,-24.233,-11.268,35.367,34.318,9.7532,30.585,23.748,-14.908,7.2657,24.938,-14.033,-9.9373,18.849,-10.529,-30.096,-3.2919,-0.94697,-18.839,-11.649,-0.68811,-10.334,-15.978,0.96007,8.7747,-3.4184,5.2007,18.356,1.2893,1.5248,19.439,2.7992,-6.0443,10.084,-4.0091,-12.525,14.451,18.155,3.0488,-4.606,-20.703,-14.217,15.732,13.459,-0.37915,4.3755,-3.0079,-20.65,-24.881,-13.03,8.6029,14.812,3.9434,-1.2551,-7.1803,-8.7317,0.171,-2.8979,2.8397,25.7,15.064,-9.1541,-1.6728,4.7389,1.0055,7.2457,9.9422,8.7293,-1.9856,-23.621,-12.862,13.15,0.70917,-13.111,-0.40048,1.5928,-4.6928,-0.33301,2.0061,-5.4917,-13.846,-5.4024,8.4452,0.94544,-1.0509,13.456,10.13,8.9562,13.182,-17.814,-28.715,12.26,14.735,-10.979,10.692,20.888,-9.1568,-2.746,18.966,-3.8432,-19.48,1.767,3.1631,-17.499,-10.002,10.205,-0.66214,-17.741,-2.8138,12.435,-2.4265,-10.329,7.4475,13.803,1.1598,-6.214,-5.9751,2.9001,16.285,10.048,-4.9465,3.9079,18.982,3.7831,-26.865,-21.128,16.934,14.35,-21.773,-13.553,6.5591,-7.4929,5.1414,33.456,9.3566,-23.574,-16.02,12.37,30.729,5.9137,-24.824,-12.723,-14.672,-27.961,2.5964,10.218,-17.989,-11.765,-0.69785,14.122,45.744,18.764,-13.263,19.103,12.953,-9.0175,26.681,9.7694,-36.714,-1.7295,12.448,-25.273,-13.522,5.0526,-6.0986,-1.549,-3.6828,-15.842,-13.603,-12.502,2.2636,19.657,-0.19525,-11.642,9.6931,12.168,-1.5611,4.8681,23.897,19.912,-10.033,-7.7245,19.4,-3.5801,-28.639,2.3315,12.441,-7.7983,2.7558,10.685,-2.7553,-2.6524,0.59679,-1.6821,-4.2569,-11.491,-5.5542,5.8683,0.61583,-0.73052,-2.408,-14.592,-4.9876,5.3725,-13.393,-13.072,8.534,4.5188,-4.2104,2.4425,6.8876,16.469,24.121,13.675,10.669,14.348,1.0118,-0.31159,13.266,-8.3871,-40.03,-24.75,1.3864,1.122,-0.69343,-6.8451,-18.834,0.11535,23.795,3.4535,-16.767,0.1005,8.9725,-3.5563,0.26724,17.082,11.218,-15.603,-21.913,7.6751,26.197,-1.8997,-29.682,-9.8797,13.795,1.929,0.22247,20.75,14.639,0.99211,12.689,11.155,-2.6052,1.2913,-4.8886,-15.158,-1.7879,2.5783,-3.4305,-1.7961,-14.577,-14.334,8.0707,-7.5576,-27.024,-1.5825,9.8583,-0.5318,-4.2251,-11.823,7.6182,21.327,-26.203,-23.566,35.735,-0.83598,-44.934,23.601,59.515,20.333,19.463,35.905,32.382,31.946,18.822,-3.3468,-25.451,-47.16,-35.166,-22.107,-41.543,-31.882,-19.328,-53.999,-46.405,-2.5291,-19.31,-26.335,27.929,49.029,38.296,55.482,60.474,42.271,48.875,53.154,20.187,0.50492,2.5695,-32.191,-64.957,-30.996,-1.3528,-26.559,-42.108,-30.693,-19.879,-9.5202,-16.213,-28.687,-6.3439,22.903,19.859,6.2784,13.797,37,30.15,-0.28952,13.269,29.726,-12.308,-22.542,21.433,13.463,-22.478,-11.375,5.7572,2.045,0.37749,1.1392,3.1958,-0.59344,-8.7025,-0.56588,1.2979,-17.526,-14.654,3.6531,-1.8789,-9.6024,-7.0585,-13.084,-4.5205,18.221,7.7521,-7.4247,11.603,2.8875,-27.669,6.8967,44.848,8.5386,-14.528,3.3891,5.4551,18.214,22.669,-23.262,-32.731,9.4591,12.61,-3.3988,-3.7024,-11.385,-7.0284,-1.4581,-15.529,-2.7056,18.236,3.5099,0.82392,11.262,-1.2285,2.4194,14.606,-10.424,-21.582,11.269,20.9,-13.107,-40.074,-33.778,-7.8419,6.2652,-1.7877,8.5305,42.227,38.192,13.993,25.902,7.0696,-53.275,-25.023,48.55,19.906,-29.617,0.094591,16.73,-19.022,-36.713,-21.692,-5.1153,-2.0689,2.1678,17.857,12.449,-10.429,-5.6089,8.3064,3.0599,4.6975,14.841,6.129,-15.442,-21.397,-10.202,-3.9375,7.7655,29.745,18.554,-10.963,-2.9037,17.917,15.261,-7.3561,-28.632,0.82118,40.784,7.4063,-26.623,-15.114,-27.204,-16.826,25.846,-2.9843,-28.696,21.738,23.566,-22.926,-11.478,19.985,13.22,-14.546,-16.415,20.456,15.93,-26.666,-7.3835,19.837,1.7039,16.381,26.625,-13.18,-11.661,18.297,2.206,-25.205,-31.908,-11.454,23.633,18.336,-9.3648,-12.073,-2.2884,18.824,18.037,-19.213,-2.6699,30.381,-17.797,-33.524,13.691,-11.476,-32.136,36.016,45.596,-12.919,-9.022,13.065,-10.536,-22.833,-7.2312,2.7986,-0.80298,-11.757,-5.8818,21.049,20.75,-12.466,-12.33,24.431,20.923,-18.236,-6.1865,45.227,39.806,-15.699,-33.046,-16.34,-25.382,-31.058,2.9258,17.587,-4.1209,-4.1071,1.5472,-14.369,-4.3135,15.036,-6.0147,-9.9557,25.829,19.528,-19.574,-7.2232,29.297,16.728,-16.488,-10.587,18.728,26.937,6.7769,-16.276,-8.7302,20.033,16.169,-18.245,-26.069,-12.296,-21.47,-30.926,4.9675,39.502,0.45927,-44.125,-3.0706,32.967,-7.8788,-24.335,5.2849,9.4716,9.5454,14.262,11.758,41.306,44.407,-19.337,-26.386,15.825,-10.113,-35.827,-9.1987,-12.141,-21.506,10.133,21.526,-4.8668,-15.815,6.8078,19.966,-4.9749,-5.2997,26.913,-1.9624,-40.131,7.3205,35.829,-7.2938,-20.643,-6.5691,-13.965,-11.688,9.3941,27.711,20.841,-10.947,-11.415,10.454,-3.0844,-8.5877,7.426,-6.6644,-3.5016,26.563,8.4633,-10.176,13.745,6.2064,-17.798,-8.0024,-9.4589,-15.567,10.75,16.496,-16.891,-27.178,-1.5107,11.903,-6.6009,-17.535,6.8069,26.766,13.162,-4.6939,-3.9545,13.009,30.084,19.646,-9.5471,-20.962,-16.496,-17.13,-17.997,-5.0695,16.33,25.419,20.118,9.8408,-13.814,-32.366,-12.974,6.9663,-6.4266,-10.508,3.8376,4.6357,6.887,18.011,13.943,-0.58666,-11.469,-10.912,0.25065,-1.2433,0.69966,29.017,26.153,-14.081,-14.899,-1.8091,-20.386,-13.082,11.362,-7.3738,-25.559,-12.955,-7.6597,-1.6053,20.898,37.626,31.809,2.9457,-13.031,1.9629,1.4704,-7.63,7.7558,2.7686,-11.316,13.17,10.554,-27.718,-15.581,9.297,-8.3747,-14.91,0.049713,2.8486,-6.3519,-16.409,1.6982,22.361,-11.4,-24.463,24.215,19.524,-20.059,15.134,48.936,7.7426,-26.5,-8.8096,21.213,20.189,-13.056,-25.834,-8.0452,4.8844,12.597,0.69358,-26.777,-16.379,0.56447,-11.691,8.3153,34.89,-0.27037,-31.521,-10.377,15.071,11.61,-11.831,0.2634,43.981,22.745,-24.946,-11.025,-9.6813,-28.233,-2.4639,-10.875,-40.834,10.176,39.918,-6.4835,1.5395,46.827,35.737,12.211,12.475,12.369,-2.249,-23.649,-12.722,12.752,-5.4528,-25.943,-16.14,-27.299,-43.665,-23.422,0.60096,6.6473,6.4114,-1.5037,-15.407,-9.8093,27.681,38.702,-0.23064,-2.322,26.553,10.866,10.571,38.179,21.034,19.38,39.485,-1.3235,-25.238,-0.87702,-7.187,1.2815,2.8287,-63.574,-62.161,-4.5831,-41.426,-64.098,-19.288,-36.368,-44.498,14.577,24.364,18.361,65.652,92.759,77.79,55.593,47.715,51.257,0.13858,-65.523,-27.331,26.083,-12.903,-49.53,-41.5,-43.799,-44.194,-32.418,-20.166,0.3201,2.4833,-20.226,-12.746,28.247,42.27,19.297,7.3675,17.753,15.636,-5.6487,-15.658,9.6757,41.498,19.109,-14.914,18.557,36.441,-15.014,-23.443,-0.4025,-27.95,-21.981,23.135,-10.226,-61.864,-23.077,37.888,31.34,-12.394,-13.895,22.13,19.737,-16.712,-30.289,-11.031,25.424,23.374,-29.547,-34.398,10.942,21.608,21.153,17.087,-14.389,-6.4299,28.15,12.198,-5.6913,9.8105,14.345,2.4205,-16.949,-21.378,6.912,17.475,-8.3408,-28.693,-24.397,-1.371,-0.86045,-23.723,-3.6543,25.849,12.83,2.4838,-15.237,-27.699,19.123,26.164,-20.02,3.4886,21.031,-5.2775,31.085,35.414,-25.486,0.0078095,32.149,-14.144,-8.3622,25.436,-7.5677,-46.094,-44.369,-4.3331,27.679,-5.7536,-17.153,22.81,-1.8352,-44.301,-13.399,15.471,7.401,-1.7073,-2.6456,14.102,18.989,10.654,34.715,38.755,2.0783,10.185,29.529,-10.179,-37.691,-14.072,-10.385,-44.613,-44.942,3.2308,13.979,-20.813,-20.923,6.2899,23.678,24.865,-6.7849,-10.51,31.364,6.6852,-29.706,26.944,44.53,-1.4332,20.391,28.989,-30.954,-25.468,15.228,-15.276,-35.236,7.3283,17.717,-23.936,-31.33,-2.2855,-0.20533,3.7715,28.399,6.1113,-27.397,-0.175,15.655,-10.197,-3.2547,23.2,11.063,-22.632,-21.066,22.266,30.092,-7.0887,-2.5742,21.511,10.935,6.7745,-3.1001,-25.588,1.5161,21.933,-15.403,-16.784,14.552,-4.9437,-39.086,-36.672,-12.78,3.6705,-2.4572,5.5321,38.145,36.211,8.1219,0.99419,-3.3318,-9.1702,-4.6568,-6.1783,2.0635,23.523,11.497,-17.932,-7.0464,17.295,4.3791,-13.672,-0.94274,3.8187,-18.064,-22.467,3.7762,27.148,12.981,-32.752,-34.232,17.217,14.508,-26.196,-2.9031,27.571,11.859,8.0131,-5.742,-30.893,11.654,45.056,-4.6807,-6.6485,46.233,12.315,-42.002,-9.5614,13.381,-19.665,-31.66,-16.824,0.83802,13.149,-5.9456,-19.192,5.2689,9.1211,-1.0644,13.61,10.348,12.479,46.503,17.724,-37.432,0.76342,33.383,-23.427,-51.551,-15.072,4.0059,-8.2485,-12.787,11.102,27.373,1.9793,-12.269,6.1447,7.8102,3.6717,11.917,3.7699,-10.474,-12.456,-11.14,-8.6274,-6.3893,11.53,34.479,10.997,-15.53,10.655,18.319,-9.5559,-12.452,-7.1645,1.3053,14.794,-18.985,-45.294,1.5989,22.414,-13.77,-10.636,22.318,21.132,-7.5564,-28.69,-6.4438,36.216,26.356,-15.944,-12.855,19.332,14.61,-12.815,-1.9443,18.378,-14.496,-35.281,10.287,22.755,-20.415,-15.493,17.699,5.5319,-8.1842,5.7213,12.426,13.389,8.5337,-15.031,-27.341,-17.541,-15.406,-15.162,-2.7015,1.2612,0.48257,19.557,37.384,26.637,10.004,8.4262,11.043,13.759,6.7225,-25.043,-41.872,-12.58,3.9141,-13.604,-7.1923,1.8636,-26.281,-25.564,14.299,19.232,10.996,29.637,32.472,8.3566,-20.279,-35.677,-1.8226,39.853,12.499,-28.747,-20.599,-6.2859,-3.1117,1.5281,-0.40568,4.9317,10.368,3.7242,14.166,15.085,-19.065,-18.93,14.944,17.39,11.731,5.6153,-21.467,-20.859,-3.7654,-19.83,-20.08,2.2334,0.031794,6.1828,18.583,3.5561,3.6615,8.3102,-8.1163,13.174,34.796,1.4135,-1.0199,18.406,-9.623,-12.555,-3.2528,-46.335,-32.993,31.079,11.212,-15.102,17.92,10.927,-14.801,-5.9599,-9.8222,-7.5219,11.758,1.8312,-4.0576,5.5752,-1.301,12.086,31.763,10.024,-2.6598,5.8623,-7.426,-12.955,1.8109,3.0319,-6.0576,-16.527,-15.553,8.4255,15.935,-11.22,-31.54,-19.373,9.3472,16.897,5.5667,15.446,16.031,-16.825,-11.641,26.389,21.145,1.8608,5.8342,-1.0643,-19.302,-27.809,-21.355,2.3766,19.127,15.336,5.5933,-7.2487,-6.3122,11.536,8.1186,-4.2452,5.3798,3.2598,-19.504,-20.546,6.3958,26.056,8.5629,-19.945,-13.738,-2.0863,-9.6658,2.1902,14.822,-3.2992,-4.7153,12.379,3.5501,-4.9016,7.0876,5.6038,-8.3626,-4.4859,13.079,10.511,-11.284,-3.5619,22.962,6.2391,-20.43,-2.113,7.7017,-15.54,-10.967,12.361,2.8477,-11.07,0.70409,7.0628,0.49875,-1.5786,-10.153,-18.439,-5.2872,3.002,-6.648,-4.3846,2.2498,5.3314,28.367,33.517,-7.2166,-16.569,22.731,24.855,-9.739,-16.909,-6.1282,-2.7632,7.048,17.346,5.3028,-17.92,-28.781,-31.024,-24.61,4.2539,26.53,12.326,1.3382,7.8986,-6.1912,-16.125,4.4691,6.5099,-9.597,-1.9081,6.8065,4.2455,8.0529,4.8451,8.4331,31.559,27.979,0.50348,-9.868,-16.527,-19.675,-9.8079,-3.6602,16.85,24.642,-34.475,-60.128,7.9768,29.363,-17.368,-16.901,4.3193,-0.35021,5.6788,10.01,4.422,9.4791,5.4301,0.8434,6.7379,-0.46821,10.683,36.475,8.8016,-25.23,-2.0612,16.079,-0.54104,-17.967,-24.915,-7.8091,7.1559,-16.784,-27.248,-2.1891,7.755,11.706,20.571,4.2239,-8.4695,2.2883,-3.3035,-9.9557,14.345,27.857,7.5583,-7.5654,-1.0373,10.628,11.476,-15.453,-49.787,-35.055,12.658,24.586,12.241,11.575,4.2513,-2.46,4.4688,0.75421,0.31196,6.5674,-10.364,-5.7797,26.313,-0.70865,-42.792,-11.073,20.235,4.9374,2.6001,7.6126,0.076566,0.16676,-4.4768,-10.757,-1.1024,-2.0781,-15.725,-13.428,6.0145,31.986,33.186,-3.9936,-20.872,0.40022,6.9207,1.9137,8.4108,4.3806,-5.8816,-6.7339,-10.348,-7.8876,2.9671,-7.9641,-30.355,-22.353,12.998,32.977,12.724,-14.824,-4.0043,24.521,29.471,16.183,1.0335,-1.6505,5.1725,-17.75,-41.509,-3.442,15.854,-38.977,-40.707,23.548,23.631,-4.0897,14.989,18.769,0.76156,2.0053,-0.21104,1.1451,13.082,10.166,11.663,7.1269,-17.708,-6.0473,6.8092,-34.763,-39.089,0.39105,-4.9071,-8.0076,13.626,7.5519,12.931,27.829,8.0768,7.2688,16.626,-14.303,-19.287,16.282,20.306,-9.1927,-30.093,-2.6103,35.489,-5.9089,-43.705,6.6263,10.597,-36.433,-3.2371,22.911,-19.168,-13.52,16.386,-0.06857,-0.047525,22.527,16.162,3.3584,10.731,17.134,1.3876,-13.638,-8.1118,-15.504,-19.413,18.995,33.695,5.6637,-0.27645,-9.1592,-27.836,-9.4223,2.8715,1.1964,13.916,-15.203,-43.395,0.10751,9.8187,-26.177,0.032829,30.442,9.7791,4.1131,10.095,7.7566,10.956,-2.2375,-8.7339,18.238,28.387,12.841,-1.642,-16.748,-9.9573,11.509,0.78848,-22.692,-24.594,-11.463,10.009,13.189,-8.9569,-9.1661,2.7989,-18.737,-30.04,7.2348,23.952,-12.398,-19.196,29.527,39.982,-14.266,-38.406,10.06,54.35,21.639,-36.351,-18.481,34.509,19.34,-17.471,-5.4962,9.2192,4.828,1.8655,-6.2804,-1.16,11.028,-10.209,-19.513,11.381,5.974,-31.472,-23.368,0.27979,-11.158,-13.235,12.221,7.5952,-23.98,-17.021,8.3236,-0.044884,-2.1686,13.753,4.5075,12.868,47.27,25.89,-3.4038,26.114,28.484,9.3824,38.818,22.017,-46.789,-28.743,16.453,-11.305,-32.039,-38.868,-67.452,-40.606,5.5459,-20.953,-41.986,-22.221,-18.006,8.0633,47.521,37.891,32.74,48.518,40.494,48.78,52.947,4.2638,-7.7167,21.532,-3.8093,-27.285,-7.7481,-18.992,-35.638,-20.993,-22.086,-26.837,-19.112,-16.848,5.3005,15.106,-26.14,-34.04,1.9716,0.24373,-1.4232,24.542,16.596,2.7301,16.332,11.223,8.243,27.393,15.09,0.70192,29.291,29.724,-13.904,-15.758,19.598,13.811,-22.361,-17.378,12.614,-9.1053,-49.369,-24.998,10.994,-10.556,-31.218,-16.366,-6.8313,-6.0141,-0.9888,4.3028,9.672,6.4973,5.3312,19.818,22.068,14.699,20.813,13.314,4.0477,26.208,21.855,-24.098,-23.785,15.383,3.0561,-38.489,-24.691,15.529,4.9725,-15.968,4.5025,3.7308,-23.296,-10.022,-1.6156,-23.813,-5.5356,19.824,3.138,5.2952,17.057,-3.0535,-3.4521,12.974,2.2617,3.0342,22.604,12.054,-14.015,-13.852,4.5864,6.0279,-14.576,-13.107,24.352,32.477,-19.167,-41.434,18.651,44.279,-19.872,-33.96,12.09,-10.882,-31.478,20.002,20.376,-16.536,-5.0258,-11.105,-11.573,37.136,11.335,-53.433,-5.8774,52.3,11.197,-24.216,0.43131,23.057,17.279,7.987,7.9908,-5.9809,-18.307,6.821,14.842,-20.673,-28.544,-5.6775,3.3899,-8.571,-37.816,-21.499,46.311,37.475,-18.284,5.2212,19.044,-21.211,2.9735,36.394,-3.115,-7.8637,30.232,12.915,-23.77,-26.127,-17.113,-12.574,-20.699,-21.634,4.8254,11.418,-3.2226,18.325,41.687,18.471,-10.32,-12.516,6.9267,22.372,-2.9488,-23.529,11.076,22.05,-25.624,-38.628,-0.16697,17.476,-1.5183,-17.682,-1.4464,15.666,-6.113,-15.521,17.29,25.241,1.7759,-4.1961,-1.9683,1.5517,10.352,0.77281,-15.292,-13.421,-9.4223,-9.1455,-0.10091,13.318,8.2537,-13.043,-0.86743,30.745,12.914,-9.3745,7.6932,-0.26332,-11.289,9.6098,-9.4971,-25.636,21.027,20.534,-23.297,-5.7994,9.631,-14.925,-11.427,-1.1717,-4.1225,8.6451,13.996,7.7161,-0.29076,-21.89,-18.249,9.2851,0.47209,-8.0421,24.609,39.39,16.641,-2.9112,-1.972,9.0201,-1.9967,-30.902,-25.732,3.6755,4.6377,-14.308,-20.078,-13.935,-9.6336,-4.1731,14.274,30.117,21.263,9.5052,13.454,11.976,5.9584,11.712,3.9657,-24.631,-26.491,0.34057,3.8512,-19.834,-37.806,-26.936,11.258,21.733,-1.9834,9.9796,18.411,-14.336,17.895,63.024,-8.5572,-44.849,32.277,39.96,-17.547,-27.167,-24.533,-11.999,3.3902,-13.905,5.9987,25.016,-32.272,-31.268,29.36,8.2575,-12.298,13.218,3.4092,16.914,37.797,-16.758,-35.382,9.1647,7.2552,-9.8181,-13.126,-22.324,7.0628,38.403,20.075,0.6344,-13.536,-17.797,4.46,-4.2864,-17.39,16.242,13.956,-14.622,5.0452,8.3886,-9.5957,6.3752,-0.9472,-23.117,1.6741,17.436,3.1986,3.1097,5.5738,2.9006,-5.933,-12.84,18.012,24.194,-36.974,-43.221,11.072,5.1254,-15.397,1.3098,-3.0814,2.6154,31.503,13.436,-0.96482,31.911,24.287,-16.922,-13.776,5.1146,0.75427,-15.083,-28.771,-16.98,12.102,20.938,9.2537,-11.279,-18.757,8.0497,16.49,-17.344,-19.556,9.2441,4.5821,-9.3451,0.37292,9.0337,2.5642,-14.953,-14.732,18.392,24.157,-9.3047,-7.3315,15.151,1.7275,2.1016,34.959,21.796,-26.277,-23.326,5.5742,1.0352,1.7826,19.147,2.1189,-22.548,-16.584,-11.813,-5.5539,7.7615,-5.991,-15.303,5.1055,6.5554,-6.9256,-11.694,-19.477,-2.5652,27.876,13.318,-15.782,-13.256,12.462,41.276,24.414,-19.929,-10.166,12.051,6.2258,29.75,34.951,-16.506,-23.181,11.215,12.683,9.5566,-0.97578,-36.534,-38.49,-10.296,-9.5573,-25.022,-18.963,1.8362,-11.568,-51.68,-32.945,27.682,35.309,13.036,17.642,30.883,28.415,9.0451,13.149,53.98,43.531,-19.24,-23.788,13.991,24.143,18.272,-3.0572,-19.002,1.8373,-2.5756,-39.67,-36.132,-30.707,-58.574,-49.418,-23.393,-40.683,-43.871,-16.259,-12.771,5.351,61.448,81.419,70.785,74.59,59.392,40.186,46.526,21.975,-14.03,-5.885,-13.753,-39.974,-30.036,-40.062,-71.948,-46.972,-2.4545,3.0969,-12.079,-22.725,-11.661,-9.167,-25.845,5.8429,41.905,3.8097,-13.036,26.749,29.522,10.068,10.252,15.041,29.475,25.742,-2.2719,-0.19584,14.012,8.3985,1.7064,-5.7889,2.0257,12.017,-20.065,-32.214,1.7983,-0.49099,-20.954,-21.924,-33.122,-19.909,7.2213,-15.164,-28.262,0.36698,10.89,14.133,22.821,8.2836,-5.3666,6.4783,21.912,17.174,9.874,28.169,25.274,-7.2026,9.7904,24.701,-21.46,-18.788,21.402,-3.8104,-29.008,-19.616,-16.653,1.1385,-6.9605,-43.729,-9.5226,32.012,-5.0105,-22.87,3.0496,1.5519,-7.8633,5.1848,19.863,16.54,8.1069,13.267,0.74385,-14.05,22.927,34.457,-15.029,-20.107,-2.381,-17.41,2.3206,29.037,5.415,-3.6392,9.8435,5.6216,-0.86328,-11.034,-21.602,-16.12,-4.0918,9.1569,-4.9224,-37.425,-15.201,20.235,-0.22318,-16.185,-6.9738,7.1488,40.463,36.805,-9.2824,-10.771,13.05,18.214,8.9344,-22.777,-15.675,29.067,4.8523,-22.328,10.272,-8.0608,-29.262,21.68,13.09,-38.739,-10.089,20.212,3.7535,1.1947,-10.134,-23.813,6.3918,25.997,-1.2615,-19.873,-0.049139,25.054,17.304,-4.7615,-0.2853,7.5779,-10.998,-18.647,6.8806,18.091,-9.6946,-19.809,11.353,14.816,-17.883,-18.575,0.70735,5.751,16.5,12.789,-8.7098,7.6564,30.138,5.7477,-15.446,-17.014,-28.992,-19.003,12.378,16.592,7.981,1.2607,-14.767,-10.209,10.189,5.6945,1.8083,10.905,-1.5062,-9.3681,6.928,3.9585,-8.0575,0.68846,-1.5044,-11.755,1.5749,6.6627,-8.864,0.25076,20.78,6.9245,-9.1381,11.489,28.838,6.1334,-30.598,-34.969,5.5854,29.789,-6.4708,-27.382,1.2035,2.3986,-11.696,3.1172,-5.3655,-18.012,16.892,31.046,3.6912,-10.266,-12.751,4.745,32.643,12.751,-20.411,-14.792,0.23668,6.0077,-8.9031,-20.701,18.414,35.001,-4.8511,-3.7542,4.9825,-31.432,-22.905,11.336,-0.65191,-6.1976,3.5183,8.0152,26.008,16.264,-17.351,-14.71,-2.5734,0.77899,9.8784,1.2181,-11.119,-10.433,-10.366,3.7214,12.644,-0.72365,-3.1749,-7.8816,-5.0637,34.814,37.274,-5.9439,-13.266,-10.848,-19.285,-3.9187,9.6702,11.892,4.4079,-16.875,-3.8904,13.656,-12.715,-11.819,8.2409,-9.5179,-16.192,-12.499,-7.369,26.656,21.302,-3.5162,27,14.994,-33.411,-10.057,7.8964,-2.5427,13.974,6.2187,11.027,31.544,-33.166,-55.597,28.002,22.249,-33.489,-13.192,-10.474,-10.652,29.368,8.4944,-23.652,13.081,31.458,20.799,21.04,-3.8471,-30.765,-22.252,-12.984,-12.817,-0.086162,20.073,19.358,-9.3852,-23.958,-4.2982,14.613,12.419,0.16091,0.83465,16.655,14.627,-2.2361,-5.9496,-7.7945,-13.921,-19.622,-19.583,6.8132,22.607,-5.0582,-9.2703,14.002,5.7572,5.7008,23.212,2.9829,-12.51,10.608,14.456,-10.911,-30.898,-29.131,1.8739,25.572,2.3175,-24.371,-7.1408,11.83,-2.1143,-2.0432,16.368,2.4929,-8.6489,9.7355,-1.792,-13.136,24.534,29.429,-11.269,-11.239,14.416,12.205,-4.1423,-4.6697,4.276,-17.981,-42.109,-5.9279,25.978,6.6878,-3.6358,-7.2754,-6.6263,15.543,-5.4694,-34.327,5.1915,20.481,-3.2992,3.2333,-17.222,-31.233,25.896,41.095,14.294,26.593,7.6708,-21.949,5.5638,11.847,-0.87556,4.5133,-24.891,-33.311,14.389,17.657,-11.907,-18.286,-22.665,-7.1672,13.246,3.0877,6.183,7.2588,-18.919,-12.261,2.6197,-9.6868,8.9055,28.582,4.7343,-4.5638,-0.66126,-5.9992,18.723,43.998,19.614,-17.007,-23.342,-7.6104,-4.2185,-12.313,2.1173,7.3768,-14.417,-4.2405,8.8402,-12.884,5.8745,34.621,-3.3919,-19.881,9.7821,-1.2763,-22.76,-22.9,-26.124,0.4986,18.389,-25.281,-26.183,36.933,42.714,7.0057,6.0786,12.516,11.582,14.265,-1.284,-24.203,-14.458,23.047,37.673,7.5846,-18.632,-11.913,-4.5822,-4.3871,-4.2584,-15.124,-20.502,-12.395,-7.2271,-0.54954,-6.3449,-23.885,2.187,43.475,18.959,-27.144,-25.871,-5.2815,2.4318,-4.407,-11.316,9.5,33.298,20.905,6.8761,19.577,28.701,22.598,16.54,18.182,24.341,7.6905,-32.012,-28.309,15.839,-4.4157,-72.919,-65.797,-14.567,-21.735,-43.961,-28.124,-9.3518,3.7845,13.395,13.551,32.551,51.338,30.192,18.101,44.769,56.891,29.611,-12.029,-24.593,7.1917,19.035,-15.141,-23.803,-1.3957,-7.12,-22.261,-16.354,-23.577,-42.087,-22.775,10.075,-5.926,-35.368,-20.706,3.8512,15.835,24.896,-3.6606,-31.757,19.04,58.05,8.6711,-6.521,47.33,52.8,13.535,-3.8928,-14.027,-8.4336,18.391,6.2196,-29.706,-20.531,1.1084,-12.182,-27.597,-18.888,-0.85425,-0.70123,-24.148,-27.655,0.61952,18.253,19.68,4.6011,-18.006,10.37,40.618,-8.5835,-28.979,17.542,2.065,-26.63,17.485,31.39,2.2545,5.2512,12.82,20.795,25.336,-11.091,-22.725,5.1458,-10.891,-28.729,-5.6835,-5.3537,-13.589,2.8596,5.302,-3.6872,2.7701,11.772,-4.6774,-36.679,-15.546,41.051,31.304,-6.3254,-6.4337,-22.369,-29.647,13.788,19.224,-16.833,-1.5917,35.013,21.173,-9.508,2.4539,20.682,-8.0182,-19.755,10.614,-0.012559,-15.417,16.21,10.591,-13.053,4.2857,-7.5967,-18.654,25.93,19.594,-33.771,-21.126,17.893,10.664,-20.638,-27.28,-1.3016,-0.79658,-15.46,15.889,20.383,-27.059,-16.127,27.186,24.658,10.35,-5.5705,-12.387,9.8432,13.959,20.512,45.193,-4.7885,-62.825,3.7638,64.82,5.9706,-32.687,7.5916,-3.4056,-62.292,-31.772,29.258,-8.9806,-30.831,28.511,13.001,-41.991,-0.47454,31.831,-10.538,-25.082,6.7669,34.504,13.508,-35.979,-11.613,39.469,12.755,-0.83589,25.115,5.7728,-1.3704,17.15,-4.2473,-3.0597,25.994,12.951,4.1859,4.4252,-32.638,-47.27,-13.004,11.152,-6.3988,-40.06,-18.28,28.51,-8.9764,-49.712,0.54928,18.868,-17.636,6.6236,42.258,17.844,0.75429,11.003,3.0069,-7.2965,13.761,38.878,25.469,-7.3332,-13.313,8.2776,24.101,13.503,8.5745,30.802,8.8121,-52.405,-37.172,-3.03,-45.236,-42.075,4.7008,-55.99,-98.033,-1.8721,34.595,-25.209,2.6904,67.561,52.382,37.014,49.462,30.051,15.11,31.98,35.154,20.056,0.795,-25.391,-34.908,-16.778,-1.3658,-11.764,-34.054,-34.689,-23.624,-30.338,-21.712,1.3035,-11.284,-7.1079,27.463,-2.8331,-31.692,23.367,36.493,3.5616,29.769,27.403,-19.151,6.8898,35.055,2.5536,-0.69541,13.746,2.7786,-1.2732,-9.9056,-16.469,0.19035,-2.456,-10.011,3.0184,-10.766,-20.066,16.738,23.021,-15.361,-24.979,-9.129,-10.244,-27.555,-27.045,7.5837,22.231,-8.6488,-10.526,29.161,31.294,2.1849,4.226,23.055,30.212,28.643,0.70356,-27.336,-0.10868,16.742,-22.816,-11.896,30.716,-18.819,-62.08,-6.3474,15.99,-22.799,-23.703,-0.27628,17.486,20.594,-12.356,-17.951,20.224,12.469,-8.8448,22.683,30.95,-9.841,-18.908,10.976,21.534,0.092561,-9.7556,8.3048,8.1705,-10.894,-7.7772,-5.8093,-11.436,7.634,6.812,-28.133,-21.918,3.1387,-15.421,-16.645,21.805,20.358,-4.5603,12.801,29.389,4.6831,-15.445,-3.6382,19.554,27.367,7.9679,-14.749,-18.471,-7.8765,6.8355,-6.1738,-35.543,-9.0298,22.348,-25.535,-39.536,27.271,28.296,-16.486,5.067,25.281,14.124,19.12,-8.6849,-37.276,14.467,36.932,-21.294,-21.938,24.334,4.4662,-22.227,4.667,16.008,-5.6057,-17.02,-6.6497,20.968,16.89,-37.714,-37.956,26.042,21.336,-25.526,-7.8753,19.15,10.493,4.889,-2.0182,3.1721,21.376,-6.2358,-36.707,-0.61144,33.886,12.545,-20.989,-14.91,31.186,32.451,-32.659,-44.915,6.6494,15.122,-14.706,-23.736,-2.9753,22.609,10.037,-11.044,12.885,33.997,20.701,0.7249,-18.645,-8.412,17.359,-4.6151,-29.341,-16.54,-12.791,-2.6357,13.139,-5.9576,-8.5029,10.733,0.49547,6.0164,24.589,-1.1991,-22.869,-7.8579,15.549,34.854,14.001,-22.82,-10.529,-6.9406,-38.022,-18.689,30.985,35.746,15.528,6.6718,6.5987,-3.8636,-16.422,0.80452,11.702,-13.986,-19.732,-9.5541,-28.534,-34.776,-3.016,28.029,26.728,-3.772,3.1796,53.611,36.776,-27.779,-25.621,-4.984,-22.825,-11.999,22.104,13.095,-7.0021,9.0768,11.78,-26.925,-25.375,23.927,18.057,-13.307,3.9022,-0.69909,-25.408,6.3577,26.525,0.59402,2.048,16.183,15.272,12.151,-11.439,-24.068,-9.3535,-22.054,-30.795,-7.5018,-12.566,-21.19,2.2173,13.023,21.494,29.889,11.258,15.833,31.218,1.2833,-8.4985,11.678,-3.2883,-2.4658,20.686,-11.091,-43.275,-16.066,8.8974,7.2186,2.2463,-1.0145,3.7384,5.1392,1.1634,-0.42339,-24.284,-37.944,5.0412,23.548,-17.772,-22.219,5.2037,-5.3519,-10.616,19.132,27.852,0.25227,-18.491,2.3657,28.219,14.145,4.6097,33.518,39.473,18.719,22.054,19.536,-7.697,-22.348,-26.754,-22.832,-7.3517,-21.818,-55.159,-54.542,-43.077,-44.766,-34.458,-17.754,0.72137,35.408,56.192,49.054,53.687,59.695,33.293,21.142,45.376,34.569,-7.075,-6.9539,-5.6237,-43.347,-49.322,-24.382,-19.911,-6.9306,-4.3204,-41.926,-39.035,2.7299,0.74248,-7.0471,6.0892,-6.3827,-11.653,15.553,26.281,11.63,-3.3575,3.2302,25.368,20.173,12.187,29.184,8.2237,-20.13,13.586,20.227,-20.039,-5.1686,19.719,-8.3037,-22.074,-9.9885,-4.1382,8.3714,7.6492,-20.699,-34.762,-9.6813,21.193,-4.4567,-58.587,-34.847,27.787,19.79,-7.1935,5.5419,11.83,11.774,18.923,10.197,5.7126,11.781,10.374,25.679,34.435,-5.4509,-27.21,6.3472,23.382,12.061,5.4057,-19.446,-42.399,-18.553,-6.8205,-41.828,-44.35,-9.4739,-9.5965,-18.89,7.9286,34.101,34.354,16.06,0.25056,20.409,37.078,6.0468,-0.36399,31.281,7.6409,-37.749,-18.775,10.595,-0.60909,-10.944,-5.8098,-7.1677,-13.766,-3.699,17.04,0.46525,-37.516,-18.578,30.672,31.303,5.7841,-8.1841,-19.202,-16.736,0.56806,8.2782,0.49943,-9.9401,0.52974,22.935,14.33,-2.3851,9.7783,9.3989,-5.6173,4.2158,0.69726,-27.756,-21.969,6.3597,11.976,4.8179,-3.5846,-2.9757,20.33,30.275,-4.6454,-34.428,-10.481,17.568,-2.3242,-21.209,-10.418,-10.591,1.8923,32.003,-2.19,-45.09,8.9358,49.988,1.6052,-17.646,5.7205,-0.67523,7.9308,31.277,-2.842,-33.59,4.4357,20.481,-19.402,-24.55,0.25925,-1.0141,7.3318,19.028,-7.1652,-15.211,2.7075,-1.7365,10.806,18.004,-26.3,-19.64,31.244,11.95,-5.8566,14.927,-3.5029,-6.657,7.6752,-30.305,-29.315,16.153,3.354,-1.3551,24.873,6.2742,-13.13,-13.715,-8.4014,27.597,10.843,-40.749,16.43,63.761,-5.5989,-24.344,13.928,1.3531,-0.37193,2.8485,-32.309,-29.603,-4.4693,-9.1284,-0.036622,6.2554,-8.2474,0.26855,0.63762,-15.649,9.374,33.807,5.6883,-17.249,9.0246,49.383,39.989,-15.636,-22.618,17.852,3.4602,-29.936,-7.359,5.5442,-10.37,-2.9896,-10.641,-35.483,-20.761,-4.9842,-2.4843,17.6,2.6741,-21.455,20.437,38.409,-2.4588,-8.6789,-1.7723,-0.52724,26.528,21.751,6.7847,24.642,-7.0336,-32.531,17.792,12.45,-23.202,3.3851,-18.691,-49.693,13.897,34.644,-10.937,-20.869,-26.407,-12.998,10.985,-18.88,4.1665,58.207,-9.8848,-38.171,52.344,37.554,-26.4,14.249,18.55,-30.571,-2.6605,26.205,-6.8706,-13.02,8.9294,-4.8445,-24.956,-9.0857,1.9955,-6.5744,13.181,28.011,-8.3257,-28.643,-15.585,-15.398,0.51757,21.64,7.5395,7.5221,14.616,-12.402,-7.5264,23.569,3.3287,-9.3876,23.694,13.483,-35.607,-36.581,0.47592,17.897,7.0616,-4.4792,4.3044,11.097,1.4259,12.281,26.265,-7.2836,-26.467,2.4175,-8.4051,-31.84,5.7047,18.143,-11.177,-0.98059,-0.42196,-20.53,2.8843,11.181,-7.2245,7.8737,13.177,16.345,37.915,-2.2366,-41.307,0.34934,10.87,-13.441,1.5524,4.1926,3.853,9.7393,-27.929,-21.741,29.838,-0.27292,-23.171,28.743,25.794,-11.832,-6.0228,-9.2073,-12.901,4.8486,0.062901,-10.528,-7.1825,-5.9306,-0.25057,-2.4381,-11.218,-2.4746,12.033,33.124,45.631,10.425,-18.288,3.995,18.086,5.7592,-15.3,-46.133,-46.889,-5.6182,24.125,16.254,-11.308,-19.101,3.831,17.12,12.766,5.5192,-3.2876,6.9096,12.196,-14.341,-13.907,6.3619,-7.3072,-7.8166,5.9665,-4.0013,11.264,27.765,1.8406,8.4034,27.188,-9.4284,-26.277,-9.5081,-17.245,-4.6913,22.777,-3.1409,-31.671,-8.3375,8.719,-9.2603,-1.6332,31.933,3.6135,-47.391,-6.9643,39.662,2.7139,-10.379,19.222,18.149,18.604,9.5804,-27.013,-9.3536,24.8,-3.3773,-17.984,0.32049,-7.5774,-13.21,-5.351,-5.6668,4.8153,11.287,-0.57249,-1.8386,3.789,-0.60308,-11.54,-11.792,13.86,18.515,-15.681,-10.113,20.226,-0.70784,-14.795,16.87,19.268,-12.615,-18.287,4.3631,14.011,-7.1053,-23.313,-7.7204,18.748,37.461,25.733,-14.293,-23.426,-1.7085,5.1356,2.0361,-19.234,-40.07,-6.5136,18.38,-6.3917,4.2926,34.069,23.865,12.681,-5.6845,-29.039,-2.4392,16.183,-19.131,-36.021,-14.926,14.795,25.314,-8.24,-23.578,12.315,24.421,7.8356,2.2413,2.6232,15.143,15.354,-2.4126,8.1476,2.1134,-29.899,-4.4506,14.61,-19.207,-1.9659,24.598,-10.239,-16.651,-1.1281,-18.243,-10.601,13.305,6.6258,-15.91,-46.538,-35.55,26.726,31.613,-9.446,2.2141,28.103,26.206,24.64,19.767,16.382,17.414,4.2916,3.7492,21.582,13.516,-15.301,-27.796,-21.327,-25.187,-49.139,-48.337,-21.669,-24.378,-27.996,3.5551,18.356,17.832,35.95,32.123,10.501,23.57,38.157,18.412,6.6329,12.381,-0.61651,-15.477,-5.902,-4.8027,-18.915,-13.037,0.51397,6.5073,13.688,-2.5048,-24.23,-4.731,2.4086,-34.384,-41.216,-7.2334,15.877,18.052,6.0436,-2.0114,1.587,1.0818,9.6747,18.338,2.1816,3.9676,22.965,5.0716,-16.083,-11.878,-2.9349,24.503,30.304,-16.508,-20.529,23.425,16.64,-8.7714,-2.2453,-10.901,-33.001,-24.854,7.0639,23.466,-6.9955,-39.183,-10.392,17.998,-10.811,-22.904,4.0535,7.8421,12.445,44.325,36.495,-3.2344,-3.099,1.1472,-17.871,-0.0068031,26.205,1.0861,-18.169,-6.2192,-9.6115,-8.7796,8.6852,-1.7477,-17.758,5.3585,18.54,-12.954,-15.239,28.829,20.032,-26.817,-12.241,5.1174,-28.043,-26.105,4.3401,10.206,18.495,10.214,-0.78629,28.005,12.02,-25.393,16.511,17.944,-34.672,3.4646,20.915,-31.349,6.1327,37.206,-20.424,-7.0423,20.864,-23.823,1.9003,45.955,-18.706,-54.361,-7.7325,5.9457,-5.0011,-3.1474,-12.334,-11.253,12.619,21.277,9.6633,5.4304,7.1429,5.7061,11.175,0.7802,-27.51,-3.8227,36.575,0.75463,-24.136,16.603,12.271,-11.749,19.132,16.414,-28.889,-26.666,-4.1124,-7.427,-17.387,-11.653,13.108,13.175,-13.73,-1.6968,18.498,-0.8924,-3.5813,10.769,5.0143,10.464,13.798,-9.9869,-14.821,1.2099,4.6815,6.2271,5.883,-6.1903,-11.004,5.4404,21.734,7.7485,-11.858,-2.6553,-0.32281,-17.608,-19.682,-14.849,-3.5253,13.652,-2.274,-8.3438,33.925,37.146,-7.7056,-17.413,2.2689,16.007,-0.60332,-42.509,-26.028,22.641,-5.8369,-33.022,17.702,42.577,12.303,-9.2786,-12.91,-0.27172,8.881,0.010245,6.9263,14.882,2.3883,-1.4149,-13.017,-24.762,13.918,45.486,17.709,-11.238,-21.418,-21.374,-0.074685,-1.5279,-35.593,-28.641,11.953,3.9196,-29.555,-2.9626,36.977,-0.331,-36.376,6.4656,30.021,0.3917,6.6383,39.325,39.626,16.291,0.33434,18.364,40.867,13.36,-27.064,-34.916,-28.522,-18.574,-14.393,-6.2233,13.812,-19.641,-76.975,-40.454,13.101,-18.742,-35.335,0.96705,12.553,21.037,53.036,49.949,9.0739,4.0512,38.007,37.424,22.838,47.191,32.727,-21.608,-5.6759,13.838,-28.587,-31.586,-16.977,-47.808,-53.818,-41.015,-39.447,-19.251,-22.793,-29.576,4.197,-14.257,-32.355,61.73,109.05,45.186,29.693,45.318,15.057,-0.6354,11.291,17.592,12.286,-9.0053,-22.383,-23.367,-29.76,-31.495,-34.975,-23.43,16.718,16.154,-12.811,-2.6218,-6.6888,-22.928,4.5107,9.5239,-8.0605,5.2159,-7.6834,-21.065,18.992,30.513,17.071,26.273,8.7189,2.2808,24.366,-14.572,-39.519,19.042,23.936,-24.965,-7.6501,17.269,-2.0423,2.9537,15.451,-14.985,-32.672,1.5171,21.679,-11.442,-35.839,-12.82,10.545,2.1151,-15.076,-12.463,8.13,11.933,-7.9431,-10.22,15.953,39.886,37.124,2.9287,-24.967,-2.7656,35.814,27.633,-13.67,-27.29,-9.6956,-3.1908,-5.687,-5.9063,-27.166,-37.323,4.1292,28.441,-3.8364,-18.53,7.1135,16.307,-3.1905,-7.325,17.241,18.723,-11.247,-9.0842,15.609,21.536,30.919,17.251,-28.63,-18.476,9.9111,-27.789,-30.6,24.504,8.9967,-31.887,-6.0119,7.616,-11.148,5.6985,17.754,-6.6665,-4.4906,16.86,7.2595,3.0332,14.696,-9.5719,-28.678,6.6102,21.445,-6.0594,-10.877,-4.5661,3.0768,27.634,12.361,-25.747,-12.322,0.29558,2.3465,43.531,28.177,-44.997,-25.192,23.909,-8.078,-29.204,-20.803,-25.815,8.3971,34.174,-1.4594,1.7681,26.622,-10.473,-21.21,14.64,1.8786,-15.28,15.942,35.186,22.235,-8.3226,-33.095,-10.42,14.022,-4.7461,-6.2203,7.7965,-10.921,-22.452,-11.333,4.5252,40.022,45.761,-1.4203,-8.0829,21.768,1.0431,-30.061,-16.585,-9.0599,-35.315,-49.02,-22.022,4.3119,-1.1938,0.41996,16.107,14.771,21.131,34.276,17.955,3.5967,5.8072,4.0167,15.849,16.97,-1.2515,21.984,31.451,-30.189,-42.397,17.901,26.314,-11.96,-31.367,-37.734,-33.044,-20.115,-12.672,-10.494,-9.5443,6.8726,17.932,-7.6463,-15.183,4.7838,-5.9924,-0.186,38.464,27.679,7.3175,26.902,11.673,-23.31,-1.6257,42.612,57.488,35.968,1.3721,3.3107,25.516,7.6157,-33.276,-42.633,-20.262,-17.074,-56.521,-86.222,-69.975,-41.113,-30.445,-35.507,-21.733,25.169,50.492,49.098,72.812,88.662,61.467,34.668,31.856,41.039,28.641,-8.6195,-6.4986,2.9035,-44.39,-53.816,-13.311,-27.887,-41.945,-21.802,-40.152,-38.685,3.3528,-2.6755,-20.348,-10.849,-8.4036,11.549,32.653,19.779,13.882,12.403,10.801,29.342,14.696,-14.461,15.453,32.493,-10.674,-30.362,-0.77977,34.2,42.796,23.363,5.5084,-1.3908,-3.4691,-14.696,-45.699,-34.893,14.66,-2.1832,-41.152,-27.726,-25.012,-22.5,-10.402,-38.524,-17.304,45.915,20.202,1.3453,40.772,23.133,12.614,40.788,17.674,12.803,35.082,7.9548,1.4737,3.1759,-32.255,-13.807,11.338,-22.825,-25.75,-18.609,-25.257,11.617,11.636,-24.431,3.4414,6.7397,-35.345,-14.11,12.365,1.0868,9.4364,6.3305,-12.06,-4.1698,8.3744,18.242,14.752,-1.8312,17.015,21.961,-17.597,8.0868,60.783,15.838,-33.06,-6.3941,-1.3414,-29.627,-23.11,-6.91,-4.0298,13.875,15.308,-24.39,-31.238,8.6292,13.328,-3.0472,11.708,10.697,-19.743,-24.745,-7.2389,-0.63899,-2.1222,11.215,36.134,27.701,-10.956,-22.148,-4.8271,13.19,24.136,20.335,16.029,5.3255,-27.011,-29.962,-2.1466,-1.7389,-8.3455,-8.3724,-4.9626,31.815,27.557,-45.333,-43.596,16.794,14.138,2.7264,10.814,-2.3894,6.8971,21.952,-7.0445,-32.915,-30.021,-4.924,26.241,17.228,-2.6942,1.2,-3.2737,8.6523,28.203,2.0777,-2.4709,22.173,-7.0747,-26.027,1.3586,-2.9403,-5.649,13.41,-6.3125,-14.861,16.736,11.286,-19.325,-22.368,-14.767,-3.5393,5.1769,-9.1512,-9.7272,23.629,22.024,-17.375,-1.9677,35.468,1.9574,-23.751,19.137,29.282,-5.529,-12.837,-8.6324,-4.5861,4.3018,-4.4372,-2.1831,16.484,2.0068,-24.195,-20.133,3.8976,19.819,-0.46058,-21.808,0.015416,14.11,-1.5296,-9.6193,-5.2914,21.906,33.601,-15.663,-28.785,9.9923,-8.8101,-18.652,26.548,4.2353,-32.502,16.531,29.768,-22.81,-12.029,35.79,20.377,-12.086,2.6639,11.253,-12.161,-13.934,-15.461,-31.362,6.2215,37.079,-8.1879,-16.356,18.536,-1.9958,-17.871,2.3766,4.5612,5.4628,-6.1286,-22.822,6.8296,18.334,4.4234,30.071,14.08,-30.748,2.0227,13.966,-22.678,-2.9658,1.6712,-21.844,22.615,39.636,-14.158,-20.217,-2.4852,-20.026,-25.215,-6.7013,20.604,34.116,7.2255,-8.6331,6.4994,-4.1785,-19.956,0.34619,20.406,15.871,-4.2287,-23.228,-14.074,11.734,17.639,7.2562,-0.44685,-7.2388,-10.908,-3.1644,-1.5325,-18.272,-21.343,-0.31499,15.13,19.934,9.8289,-8.912,11.345,39.552,4.4404,-33.349,-12.815,12.077,13.96,-0.38261,-20.842,-0.20081,24.735,-18.083,-41.021,6.9663,9.3468,-20.715,18.399,33.799,-28.395,-27.731,28.032,13.056,-19.16,-8.2253,0.53194,18.666,26.867,-9.8532,-5.2874,27.404,-4.2117,-16.293,14.987,-12.079,-33.185,5.6385,12.22,-12.244,-13.68,13.564,46.963,13.483,-40.978,-8.0633,16.921,-11.51,0.64591,-8.4016,-40.647,11.279,31.622,-28.875,-12.595,35.659,12.244,-9.7851,-3.9213,6.681,16.689,-0.02929,-8.2731,2.7081,-11.224,-4.4145,19.886,-6.3618,-20.363,8.8989,11.225,2.1731,7.4264,6.3381,4.9752,-1.2199,-1.7504,4.7693,-17.644,-13.293,32.843,5.1092,-49.277,-21.607,1.9904,-8.4879,1.2919,-19.323,-38.494,21.227,56.985,11.696,-9.5827,16.484,26.341,7.5987,-11.115,0.98968,24.646,9.1139,-9.5115,16.438,11.801,-40.14,-21.497,33.172,-3.4393,-43.343,-5.7669,-0.42273,-28.214,-9.6028,6.8047,3.1783,5.4969,-12.976,-18.978,6.6215,6.1221,-0.42745,10.638,4.0025,1.0368,7.0213,2.0349,18.854,37.16,25.769,20.589,9.803,-8.8427,2.6881,3.7564,-11.265,4.533,6.2694,-19.647,-23.718,-23.054,-26.417,-24.242,-30.484,-20.146,-8.7484,-34.473,-34.408,4.5917,15.189,14.195,24.436,36.2,64.544,68.902,28.792,14.114,22.013,10.517,9.7104,11.878,-21.13,-50.731,-35.299,-11.678,-22.135,-35.531,-26.598,-33.79,-40.96,-6.617,17.903,15.808,24.138,13.684,0.3185,25.01,18.243,-18.085,5.8113,34.627,-1.1755,-23.915,10.02,35.326,13.647,-10.502,0.83474,10.206,0.09289,5.9836,6.9975,-19.471,-23.896,-1.3745,1.8353,-9.8716,-10.077,1.8477,8.0047,-11.247,-40.462,-37.53,-0.98345,18.53,4.0375,0.9283,15.045,14.452,14.927,17.117,4.8977,10.77,15.689,-10.176,-4.6136,14.953,-13.133,-15.533,19.829,11.389,-4.0523,4.7271,0.33854,1.5471,-4.1875,-33.336,-19.609,16.976,1.4133,-23.879,-10.468,5.7654,-10.802,-29.263,6.4568,44.478,11.985,-11.467,17.031,9.7096,-26.592,-14.795,36.11,56.014,-1.9867,-54.654,-10.339,23.285,-18.337,-16.701,20.921,2.1592,-9.9022,28.811,34.218,-10.499,-25.463,-1.5092,-0.50975,-8.5177,1.3104,-19.221,-35.842,4.1164,11.735,-18.011,-0.28185,12.886,-4.3858,-6.9842,-8.2305,24.279,58.195,2.3044,-16.123,39.6,1.9675,-32.198,23.227,-1.6271,-39.917,13.952,4.6896,-42.915,-20.564,-4.4882,10.837,25.006,-15.836,-6.0677,39.245,-0.82062,-17.377,21.407,2.4442,-4.6924,28.573,2.9198,-40.135,-29.511,7.7595,15.032,-28.926,-30.429,31.781,29.203,-7.7634,6.2909,2.9777,-3.8845,23.197,10.27,-8.7589,11.691,8.8754,3.6254,9.7951,-21.603,-41.929,-24.048,-6.9385,8.1803,-1.657,-11.767,25.302,25.123,-9.3966,22.411,36.581,-15.485,-26.633,-8.0024,-0.010861,9.3333,-21.532,-38.483,14.313,21.443,-10.06,18.332,16.517,-32.545,-5.4695,39.027,9.6742,-14.093,5.1954,17.976,14.284,-4.6384,-24.927,-12.604,4.4373,-13.448,-24.536,-1.2375,14.746,11.835,4.3919,-14.827,-21.703,3.8361,19.342,7.7978,1.2704,7.4536,9.7695,0.82146,4.4095,25.027,3.2081,-40.227,-10.839,33.973,4.0969,-31.756,-23.758,-6.3802,2.5747,-8.0164,-7.7092,19.967,12.186,-8.3033,6.4446,-1.0429,1.6936,50.075,28.411,-31.229,-10.286,8.1758,-13.211,-1.2667,1.4303,-22.636,-18.263,-3.695,6.6022,13.964,3.2487,-0.074129,-5.2765,-25.529,-5.6712,22.268,-1.2344,-9.2671,14.56,7.2069,-8.6312,0.87335,11.794,13.272,11.703,5.4307,-8.0716,-5.5676,18.478,10.86,-14.213,-4.7156,-13.15,-30.605,5.3463,12.689,-10.625,20.885,13.705,-32.618,2.3896,9.0702,-47.107,-13.953,25.822,-14.417,-10.316,18.145,-0.17652,-3.1788,8.3751,20.199,41.011,18.239,-4.9191,29.344,36.236,4.3082,-14.39,-44.628,-50.713,-5.8255,8.1402,-11.33,-14.406,-17.405,-15.62,-1.7446,2.4139,5.9636,6.9037,3.4146,22.303,32.119,1.5053,-16.734,-4.9579,-3.8843,-7.1161,8.9416,20.648,5.5015,-7.1148,5.7002,7.9594,-10.001,-1.5358,22.083,8.3956,-15.872,-0.89534,17.027,-5.434,-22.796,-9.554,-18.423,-31.85,-0.38439,11.915,-10.539,4.8536,13.563,-10.165,14.415,31.044,-16.24,-14.428,21.594,-3.0899,-11.644,14.225,-5.2214,-18.172,5.4729,9.1927,16.029,26.659,4.598,1.7488,21.136,8.6363,-0.70053,0.94857,-24.274,-33.472,-14.299,-11.906,-10.609,-4.6999,-10.928,-4.5666,-0.63783,-13.825,-2.8045,3.9236,-18.861,-6.383,18.953,9.8816,29.047,54.187,20.392,7.1297,31.27,13.953,-3.4069,3.5072,-19.055,-26.525,-3.8856,-23.562,-43.922,-15.249,-5.1727,-18.854,-5.5228,8.9405,1.4883,-1.2293,8.2107,6.4684,-11.484,-0.17598,45.828,45.071,-4.1653,-15.877,-0.9634,-6.4332,-11.096,-9.1852,-1.9771,17.128,8.5555,-18.428,-3.4999,24.628,26.346,19.541,-5.3352,-28.059,-13.844,-21.27,-45.68,-2.9099,37.53,-2.4777,-25.96,5.5005,21.117,15.63,-0.16782,-22.337,-11.042,17.742,20.701,13.631,9.2041,5.2495,-1.4131,-19.797,-12.646,14.918,-11.019,-36.414,6.1799,20.101,-4.5801,12.549,15.133,-4.1934,19.39,11.686,-33.807,-13.126,14.569,-10.731,-10.162,11.992,8.2829,-2.9984,-21.12,-25.076,3.3481,17.109,24.684,35.985,-6.9775,-44.893,-1.7603,22.204,-10.558,-9.635,2.0772,-21.316,-12.574,33.957,34.262,-9.2225,-24.534,-2.2336,19.77,22.796,4.0799,-12.923,-2.3959,-1.0542,-21.78,-6.5508,21.703,4.3136,-10.588,-0.94046,-4.2328,-0.0429,2.6321,-23.169,-22.937,-0.68855,-3.522,11.328,32.113,7.667,-0.38459,17.812,-1.4574,-16.154,1.0463,0.67811,-2.883,7.463,5.7517,-0.87561,-5.6933,-2.4212,10.623,-10.541,-31.457,17.704,44,-10.436,-29.668,1.885,10.449,11.48,-5.9092,-42.788,-14.542,32.613,2.6122,-14.501,21.945,5.7189,-34.079,-7.8943,27.505,16.767,-8.3099,-14.489,11.94,29.712,-1.7016,-18.492,7.4453,8.0486,-4.0682,6.9953,-5.2741,-16.405,21.202,24.582,-29.864,-40.73,-7.4504,7.0178,10.048,1.7959,-11.092,8.319,17.076,-17.987,-17.954,28.291,37.883,5.3488,-26.942,-29.662,9.8793,19.665,-34.763,-37.317,28.245,31.327,-12.364,-1.4537,27.894,16.032,-4.2708,9.8298,34.755,10.025,-31.532,-7.9815,17.809,-26.543,-53.895,-25.116,-3.7236,4.5826,3.7052,-7.9671,3.3878,12.421,-3.933,3.8544,23.023,16.704,9.0238,0.50246,0.38142,19.385,5.7984,-12.653,9.5318,-3.8202,-22.035,26.488,17.749,-41.009,1.9842,33.748,-35.446,-45.396,-2.3758,-9.8018,-1.8393,24.435,20.21,24.971,2.0355,-54.038,-26.472,33.983,7.9323,-17.731,17.434,22.322,-6.8338,1.2607,22.934,12.007,1.5845,7.3191,-11.741,-28.09,1.3448,12.613,-14.332,-16.292,-8.614,-2.9116,24.676,13.14,-28.651,-7.1471,24.22,4.9891,-2.5035,2.8495,-5.9139,-6.7331,-5.026,8.8323,21.717,-17.896,-40.348,3.7596,15.423,-5.2257,9.5374,20.811,13.99,3.1997,-16.079,-4.4433,9.04,-17.305,-3.1174,30.236,-3.4732,-21.02,4.6818,-1.1756,8.0274,29.668,-10.071,-30.941,10.46,9.8403,-33.352,-29.399,22.933,49.705,5.0015,-43.891,-15.009,27.353,4.92,-22.251,-4.3386,4.5363,-13.566,-11.752,2.1502,2.4944,11.979,18.291,9.6208,21.025,18.865,-5.4426,17.714,24.749,-18.448,1.5484,5.3414,-69.805,-28.124,56.942,-18.635,-60.099,17.326,11.568,-23.231,1.3892,-4.4593,8.2317,44.182,-5.4726,-37.107,22.922,35.574,-8.81,-11.848,9.0511,9.3981,-2.529,-7.1187,-6.4364,-6.3886,8.5679,17.558,-2.1377,-7.0396,4.0555,2.2108,12.172,16.355,-0.99126,4.2387,2.6252,-25.475,-19.794,-4.2978,-10.914,-1.5769,0.030044,-14.445,-10.067,-22.473,-39.432,-5.6209,27.666,22.786,9.8145,-0.16668,11.93,25.793,3.4514,3.7612,37.849,29.422,7.2652,24.41,36.823,12.784,-25.625,-33.255,-0.52248,5.6943,-28.219,-49.549,-61.194,-53.916,-18.826,-23.945,-47.153,-10.221,23.055,16.4,36.856,56.364,43.467,52.95,57.584,20.251,8.6084,21.973,-3.0174,-26.649,-10.924,-7.6058,-26.099,-25.183,-8.2815,-1.9573,-17.176,-36.241,-23.724,-5.6141,-25.777,-25.553,27.846,39.836,-2.4861,-1.8497,23.903,4.3223,-13.391,7.4936,10.846,-6.0495,2.3742,7.2449,-10.153,9.2437,48.725,25.862,-20.526,-13.893,11.284,18.26,13.005,-13.202,-28.543,-7.0046,-4.4302,-30.255,-33.525,-21.049,-2.5306,24.421,19.876,-3.0672,2.0826,3.5827,-4.8622,15.71,23.595,-10.259,-25.046,2.2598,30.344,16.738,-32.875,-39.778,9.1204,19.701,-5.0102,6.7174,25.316,15.911,-0.68259,-8.6253,17.165,43.21,1.7101,-41.513,-18.714,3.29,-2.3453,-12.044,-29.125,-21.799,-1.3513,-8.9074,4.7996,19.179,-22.881,-11.848,54.385,17.773,-40.509,10.187,43.462,2.6526,-15.194,-12.213,-2.3222,31.121,27.792,-17.23,-32.406,-24.084,-12.71,12.866,18.976,6.2643,18.996,21.092,-5.624,4.3141,18.221,-30.334,-50.355,7.5952,27.693,-16.287,-35.849,-20.482,-0.71021,11.283,-1.1094,-10.01,11.697,18.852,0.93359,7.607,24.56,9.1235,-3.2082,19.043,27.796,4.7837,-10.746,-21.87,-28.579,0.17616,18.675,-7.6062,-10.737,8.0965,-5.7639,-8.7605,13.75,3.6867,-19.998,-12.033,6.572,1.4837,-22.861,-23.54,-1.0498,0.58862,8.0137,28.831,5.5677,-8.0842,35.528,36.741,-5.0876,0.29455,8.6926,-17.097,-21.457,-5.4469,2.0419,-1.6854,-19.453,-18.503,17.142,29.745,-3.592,-25.641,-2.1955,22.901,4.623,-20.48,-3.9533,21.309,5.6428,-30.942,-28.74,14.609,26.673,-7.4533,-15.369,11.516,16.848,-2.0507,-12.784,-2.7863,18.088,23.49,2.0671,-22.111,-16.134,6.5506,0.15803,-11.272,12.555,22.108,6.8733,13.585,7.9429,-16.434,-11.54,-15.454,-31.15,-8.3636,2.8165,-9.9118,4.5019,7.449,0.14552,24.249,21.331,-7.4546,-0.10969,4.6239,-7.9058,-4.2554,-2.6531,3.5185,11.633,-12.035,-17.975,10.813,4.6712,-15.698,-2.4157,14.041,21.79,19.512,-1.7379,-7.6459,3.8082,-6.1664,-17.684,-1.6905,7.0211,-16.423,-29.738,-8.561,0.60008,-5.9231,16.228,27.71,2.021,3.6798,16.344,-3.2129,6.181,28.23,-11.633,-38.619,-1.6139,9.4541,-14.974,-13.178,-1.5862,2.2038,12.483,14.812,3.1962,-8.0111,-9.4627,7.4234,19.662,2.516,-10.908,-5.5887,-6.8466,-1.0443,15.392,11.413,-0.73097,-9.2519,-25.326,-18.962,11.499,15.05,-4.9177,-10.585,4.7789,20.492,6.2871,-14.535,-1.3148,12.992,10.172,7.4684,-12.371,-20.461,6.1816,0.71752,-25.12,-10.451,12.067,25.295,15.936,-32.835,-24.64,39.171,30.846,1.0855,9.3336,-9.0237,-7.4498,18.268,-14.17,-19.96,15.912,-14.929,-28.585,10.516,-12.952,-33.157,13.252,27.316,9.7807,2.8918,-9.4186,-4.1414,3.7185,-11.734,-11.121,-2.1741,4.4919,27.064,23.876,4.2973,11.641,0.090426,-13.698,22.85,33.036,-9.702,-19.755,6.8137,15.011,-7.5093,-34.717,-33.271,-18.615,-21.233,-28.077,-24.272,-2.4852,24.065,15.917,-2.5915,12.936,26.267,10.915,0.12477,16.999,37.346,15.678,-8.6427,22.719,22.739,-35.193,-23.431,24.135,-3.1979,-29.302,-3.9127,11.828,12.285,-1.3732,-27.193,-25.382,-12.696,-15.734,-18.284,-23.494,-22.537,-8.1668,1.1268,17.897,25.962,9.9336,28.861,49.505,11.502,5.6152,32.516,2.6838,-4.4077,34.802,10.887,-29.62,-18.228,-10.174,-10.493,-15.271,-38.036,-26.164,1.5889,-15.251,-25.721,-8.167,1.1846,19.394,24.926,-8.0441,-13.43,10.916,3.1818,2.1237,41.849,51.243,7.8024,-16.047,-1.1299,1.0531,-10.301,-5.1869,-1.4413,0.070005,13.562,-2.1227,-36.826,-20.905,9.3399,-2.094,-7.515,8.7809,15.607,21.51,9.0495,-28.07,-29.172,-7.2149,-14.246,-3.2901,28.038,6.2366,-23.845,0.63035,16.794,2.7014,4.4325,11.817,16.548,19.121,-4.3777,-15.745,4.6462,-4.2174,-14.534,17.779,22.312,0.080445,3.2313,-8.1206,-16.659,8.6401,-11.355,-50.032,-15.093,21.363,2.1408,-13.62,-8.6019,9.0964,22.253,1.189,-9.8207,13.777,20.064,8.5571,-0.34263,-2.5029,21.335,20.292,-36.746,-48.611,1.5348,13.524,-4.8635,6.1833,24.817,18.193,0.5091,-1.8796,2.5782,-2.7674,-3.224,-5.9794,-18.623,-10.581,-0.93297,-9.0633,1.5927,0.8019,-25.606,-1.9485,35.815,11.999,-14.604,-9.0017,4.5276,21.162,7.097,-13.23,16.034,22.359,-18.875,-16.222,13.198,14.048,5.908,-9.5061,-12.616,10.856,0.36966,-30.988,-16.743,1.2298,-15.666,-19.899,11.58,45.763,35.068,-11.218,-16.593,17.423,9.3155,-29.114,-24.054,11.094,16.094,-1.3615,2.1106,12.547,-1.7666,-18.116,-12.752,-1.0683,2.1494,-1.2017,1.6055,6.743,-6.0481,-12.358,13.09,27.52,12.448,0.59617,-9.3566,-17.998,-2.2461,13.975,-2.7096,-19.141,6.9127,40.32,17.923,-34.589,-41.568,-8.6596,7.7846,2.4464,2.9376,7.0268,-8.8261,-26.389,-6.3014,25.243,27.836,15.082,-5.591,-21.039,0.3246,23.732,13.636,5.6241,1.2239,-16.825,-13.224,11.643,14.623,-1.5956,-12.228,-16.689,-18.395,-5.8841,12.425,2.246,-15.277,-1.0648,3.6788,-12.313,2.2109,22.142,11.745,-1.3916,-9.6527,-1.6486,24.254,16.577,-11.432,-12.789,-8.1787,3.5696,23.526,13.606,-2.1442,-4.5721,-16.311,-13.187,-6.897,-22.046,-5.8813,21.084,3.0025,-7.5597,1.6922,-5.6207,-4.122,4.6101,9.8143,20.068,4.0505,-6.3587,23.816,11.602,-28.833,-10.68,0.49557,-23.811,-6.6193,21.68,15.281,5.3472,-5.3445,-6.1517,13.591,3.2998,-27.162,-9.9256,17.234,-8.9285,-22.88,20.913,27.513,-17.668,-12.17,8.638,-16.659,-4.6427,31.582,7.7652,-9.7448,3.9962,-7.4803,-1.5722,20.341,5.0397,0.43362,7.5625,-18.029,-21.402,10.916,18.532,-3.1507,-27.972,-22.955,11.753,16.965,-6.5292,-16.697,-12.149,11.892,24.028,-1.7821,-5.0984,6.3669,-5.0881,12.464,13.139,-38.397,-6.0355,62.661,12.331,-27.438,25.043,20.479,-26.109,-14.799,0.4315,-8.682,-10.59,-9.4131,-2.6165,-3.9219,-24.561,-26.587,-6.0335,13.271,26.667,16.71,-1.8056,-1.1219,-4.0998,5.6517,37.953,11.919,-44.443,-17.024,30.312,8.8294,-7.6134,15.223,24.781,16.504,-0.14474,-16.242,-9.5578,4.7239,10.729,2.7739,-33.382,-47.709,-10.803,-1.4968,-21.615,-4.6602,4.7079,-18.814,-15.119,10.556,26.41,21.655,-5.6022,8.8171,55.087,25.632,-14.644,23.91,26.248,-20.228,1.8095,33.971,5.0235,-22.911,-29.458,-15.867,8.9163,-15.921,-46.016,-12.049,-0.47655,-32.994,-19.418,2.478,-14.961,-9.4863,11.535,9.1919,14.809,17.35,3.7347,19.204,34.651,12.98,19.206,49.59,28.945,-9.183,-13.689,-7.1632,4.0464,7.9909,-10.659,-8.9263,7.5066,-17.563,-50.266,-48.421,-42.938,-39.951,-29.971,-25.752,-15.914,6.9651,28.626,44.938,50.157,53.227,59.993,32.962,-9.6542,2.9218,29.141,-2.3064,-29.471,-3.076,4.1376,-27.47,-19.682,15.554,-2.4301,-32.271,-10.58,-4.1531,-36.954,-38.222,-22.393,-16.731,17.235,36.078,0.66033,2.2894,45.805,22.405,-30.944,-11.106,24.433,5.1858,0.38367,31.598,18.186,-10.182,22.208,38.534,-8.696,-20.022,5.0882,-19.913,-48.67,-25.066,-8.7658,-17.898,-8.9883,4.1378,-2.3677,-4.657,8.2927,20.024,16.862,-5.8445,-16.991,14.818,37.565,7.8641,-11.58,4.3884,2.1504,-4.318,10.976,2.1997,-21.777,-6.4566,12.839,-5.3916,-4.785,28.733,4.4183,-55.435,-20.49,45.06,13.23,-18.751,2.6938,-9.0287,-4.7456,21.536,-22.283,-32.149,23.72,7.6798,1.3976,36.537,-28.222,-54.254,37.022,30.98,-9.4231,33.623,5.4318,-32.38,22.056,8.7622,-24.228,19.058,-13.574,-59.849,8.1166,23.359,-30.647,-0.89028,43.616,18.063,-13.454,-3.8242,20.565,0.66561,-23.128,15.407,16.071,-32.979,-8.3544,4.6821,-48.072,-14.247,49.09,9.8576,-13.163,22.555,9.2082,-16.672,16.811,45.977,2.5777,-47.817,-11.511,32.147,-6.8229,-28.341,1.0781,0.18192,-5.5051,-11.314,-34.029,2.5783,38.651,-3.5044,2.2145,41.149,4.6917,-10.738,-8.6869,-51.675,-3.6937,70.562,-0.42486,-42.737,20.363,11.259,-20.349,5.4659,2.3097,3.6687,24.375,-12.153,-31.907,2.0976,2.7687,-2.2961,14.19,0.9595,-9.2506,7.4323,5.1965,-9.201,-12.157,-11.259,-5.8669,8.0013,16.082,-5.5829,-16.735,28.403,33.884,-23.905,0.82669,54.208,-2.0707,-41.198,-1.1104,-10.926,-37.885,-5.7873,17.48,-0.35844,-21.296,-3.3446,36.342,8.2148,-34.747,15.8,45.706,-9.3006,-17.454,18.736,10.883,-14.248,-14.183,16.925,27.311,-26.782,-47.433,0.9217,10.292,-8.7909,0.28728,6.0385,10.826,4.2683,-22.418,0.57523,41.031,21.705,-5.0551,-15.165,-19.186,3.5451,1.5924,-16.181,13.26,8.8384,-30.186,0.70197,21.809,-4.7516,18.511,25.315,-25.287,-20.24,10.976,-2.0386,-7.2275,-3.6158,-10.93,-4.8962,-0.028117,6.4821,20.936,12.46,8.1517,12.918,-19.814,-30.409,10.798,6.2541,-26.069,-4.7817,15.698,2.3453,-0.58099,-4.142,-5.4966,20.486,23.335,-7.8646,-10.125,0.071154,-8.5849,5.9541,23.028,-6.0602,-19.298,12.802,15.73,-8.7401,-7.419,-6.7906,-17.754,-5.0731,4.8454,-13.173,-13.628,10.353,12.9,-2.081,-6.0235,-2.032,7.3958,15.108,5.0274,-1.3222,4.4251,-10.274,-14.339,25.668,34.128,-2.963,1.037,18.6,-4.4997,-8.0126,1.1918,-29.481,-34.438,-0.69892,-3.5599,-7.3293,15.505,1.2734,-14.345,10.422,2.5696,-22.454,0.85738,17.118,4.0449,0.34282,-12.042,-8.1456,24.533,2.0588,-28.322,21.981,36.019,-15.28,7.4081,49.041,8.9894,-11.27,22.262,22.068,-4.74,-21.404,-33.425,-31.877,-23.765,-24.085,-15.56,5.1632,8.2228,-20.395,-41.994,-20.062,5.9951,1.9133,4.3693,20.702,23.358,29.438,43.588,32.058,17.021,43.839,56.814,1.5969,-26.402,13.307,0.97624,-44.025,-19.585,-17.559,-60.893,-28.927,0.51112,-47.732,-45.405,-3.2796,-22.788,-41.362,-14.753,18.563,46.06,53.158,52.513,53.467,27.929,20.689,49.282,29.868,-16.116,-10.389,2.227,-26.71,-45.123,-4.3408,23.317,-37.56,-70.019,-8.2429,-0.6764,-36.91,0.45134,17.764,-15.037,-2.3703,7.7168,1.7422,35.122,37.325,-2.4647,0.3132,22.518,3.3425,-39.937,-25.143,48.881,43.359,-21.714,-13.31,-8.1684,-23.694,31.534,29.293,-40.462,1.8972,49.061,-5.0754,-18.994,3.1375,-8.8701,-18.745,-28.444,-5.4167,33.666,-14.433,-48.517,7.1473,0.3405,-37.217,12.353,40.643,6.6741,-3.9909,-0.75425,4.5665,20.803,14.271,-5.1356,5.4961,36.999,27.397,-30.036,-31.451,29.786,26.749,-23.761,-21.4,0.9969,-1.664,-6.2517,-6.5764,-9.6568,-10.986,-7.2698,-12.653,-21.48,3.3514,18.937,-15.235,-11.455,19.189,-12.068,-18.477,27.692,16.534,-8.0643,6.1588,6.0585,19.227,42.738,26.411,14.975,7.3284,-16.82,-1.8856,20.116,0.25677,-27.344,-54.848,-43.728,13.226,13.136,-20.031,-13.291,-21.851,-20.676,17.885,0.66873,-30.311,4.0333,31.274,25.264,8.0034,-15.544,2.7738,34.151,27.347,27.035,21.131,6.1885,34.882,24.232,-42.493,-25.816,18.792,-18.754,-46.607,-27.012,-11.851,2.1826,-11.506,-41.589,-17.188,15.68,3.4273,-4.2593,-5.0325,-12.342,12.264,34.655,3.9953,-13.849,26.391,47.167,13.371,0.22722,24.648,21.897,4.7954,17.095,9.6499,-32.979,-32.948,6.3438,9.3427,-13.785,-18.868,-17.868,-26.615,-39.574,-46.575,-37.747,-17.664,14.617,50.993,46.877,14.85,12.329,13.888,3.5625,18.874,24.414,10.826,14.099,-24.27,-59.171,25.266,68.699,-25.625,-33.212,40.093,0.14056,-40.874,9.1803,7.4545,-35.836,-23.169,-3.5086,-8.998,-4.9517,13.215,20.764,-6.1366,-22.095,11.395,12.209,-30.286,-17.28,11.125,-14.866,-23.486,4.1658,17.785,32.689,40.584,32.15,52.648,59.612,12.726,-11.23,-21.683,-59.723,-49.352,-15.947,-26.812,-9.0098,7.1625,-30.058,-3.4746,26.923,-40.648,-28.078,39.503,-19.249,-30.091,58.913,30.591,-16.628,27.576,22.086,9.3137,33.054,-11.997,-31.954,24.756,20.454,-13.564,-10.101,-10.484,2.7993,3.2028,-24.463,10.86,44.79,-10.895,-41.635,-22.953,-25.993,-7.7124,20.536,0.09902,-18.446,-8.0914,0.20696,10.449,16.208,2.4753,-11.817,-6.8054,10.674,15.628,8.9126,14.418,26.203,29.926,17.933,-11.043,-18.746,1.6412,2.8043,-7.7396,-11.65,-28.105,-31.185,-7.8109,2.1057,0.63133,3.7321,6.529,9.6618,-6.2896,-24.302,2.4546,23.442,-6.6648,-20.871,4.0615,16.922,10.873,10.344,18.341,18.101,5.0339,-7.1911,-20.573,-20.264,7.4919,8.1017,-15.609,10.034,33.312,-7.3856,-29.343,-0.017148,18.928,7.735,-19.571,-20.217,17.363,17.591,-19.416,-23.249,-13.733,-7.3891,9.59,1.1612,-7.4342,20.762,16.283,-15.082,4.5732,25.997,3.7526,0.5133,17.319,-3.0411,-33.301,-13.169,18.383,-6.1372,-24.613,20.936,33.033,-9.3984,-4.7834,13.569,-2.1278,14.368,23.173,-26.703,-38.072,-8.8324,-17.732,-21.366,1.0475,7.5702,11.709,12.985,9.2318,14.228,-15.349,-42.042,16.257,50.341,-9.9447,-20.689,37.342,38.649,-6.6833,-27.495,-19.033,0.89109,9.6999,8.6631,6.0748,-15.47,-28.878,-1.5238,15.758,-6.0025,-17.149,2.6013,17.945,8.4453,-4.1102,-3.4274,-6.5738,-13.428,-8.257,-0.40788,6.0068,10.279,3.9341,7.5422,23.331,14.034,-11.649,-16.909,-5.2946,-2.3367,-15.037,-11.766,11.759,9.0474,4.5198,28.479,10.54,-26.663,8.0617,36.171,-7.9823,-30.786,-9.3382,-0.0040094,-4.3506,-14.044,-17.723,-6.1674,-0.32729,1.7532,1.5829,-4.7291,20.76,47.385,1.9811,-44.269,-11.058,24.652,5.7981,-10.481,6.5248,12.331,-10.627,-10.462,19.281,13.704,-14.254,-1.411,17.861,-0.18028,-5.4929,16.362,-4.3951,-49.89,-22.266,28.67,1.4568,-21.975,11.186,7.4321,-9.5635,10.316,-1.3277,-7.28,29.664,4.9224,-35.081,3.8019,17.949,-8.3006,3.1081,-4.9229,-22.53,15.115,24.462,-13.966,-8.0366,25.929,28.408,-1.3153,-19.993,16.001,33.785,-23.821,-38.195,14.866,10.628,-25.653,-17.559,-14.282,-24.599,-5.9194,12.889,3.307,-8.6683,2.2934,21.581,17.675,6.7852,8.5863,-5.2088,-12.371,18.579,20.996,-12.048,-6.1629,1.3764,-16.918,8.2112,24.755,-21.279,-9.0344,46.626,-2.1247,-58.1,5.846,54.542,10.452,-24.068,-23.009,-21.675,-18.127,-10.47,12.259,26.537,-11.553,-33.347,15.743,32.215,-20.671,-33.433,9.6832,21.529,-4.0385,-11.122,4.1609,11.209,10.823,18.783,31.006,33.664,15.121,-9.6406,-7.7406,4.9712,-0.55978,-8.3991,-18.027,-29.864,-20.448,-16.02,-18.821,11.704,14.042,-32.197,-16.774,29.703,6.5632,-24.456,-19.458,-12.455,-3.1857,-12.305,-13.147,36.594,42.672,6.6154,35.863,45.618,4.0792,32.386,54.712,7.7199,9.3297,17.853,-24.193,-19.235,-11.719,-56.975,-55.515,-39.658,-75.282,-68.712,-19.331,-14.763,-18.422,9.8098,23.22,15.822,38.8,78.486,70.472,44.647,49.896,37.352,13.493,19.038,-2.6406,-32.52,-12.134,-15.733,-40.808,-22.395,-31.145,-59.768,-22.327,16.678,9.4613,-7.595,-31.849,-23.022,15.854,7.5145,-7.3287,12.114,8.6914,2.2331,19.564,23.887,22.411,14.693,-1.7207,3.1908,3.0723,-0.5586,22.429,8.5974,-27.158,-0.030085,22.077,0.34851,9.0214,20.481,-4.2404,-24.231,-35.748,-34.144,-8.7883,3.5178,-5.1438,-13.389,-8.2688,7.3299,-7.5701,-32.832,-9.715,10.964,6.4282,25.729,25.802,5.8289,27.953,30.11,2.9194,21.617,14.771,-37.681,-18.607,27.809,7.9729,-14.701,-3.6628,0.68847,-9.6073,-17.292,1.4931,17.381,-22.746,-55.221,-19.688,11.546,5.168,1.6765,1.4189,5.6082,13.15,0.38126,-7.376,2.8684,3.1873,16.5,30.957,-2.8711,-15.517,25.191,15.664,-26.549,-11.633,13.991,8.9502,-5.4312,-14.981,19.593,49.924,-1.1349,-25.61,7.1125,-29.732,-51.652,16.085,8.5634,-44.611,-1.8565,18.902,-31.256,-27.278,4.4509,4.6215,6.7948,4.2114,5.0059,32.193,44.546,31.676,21.255,19.602,23.973,0.61867,-41.233,-25.127,16.462,1.1864,-22.329,-10.811,-15.81,-40.249,-38.502,-18.78,-13.402,-8.8412,19.508,41.842,28.327,8.8002,8.8395,16.333,13.084,-3.3497,-5.6299,7.6871,3.6557,0.30477,2.23,-26.482,-32.301,9.819,7.0615,-15.535,18.971,24.935,-21.036,-13.566,22.425,16.669,4.8126,-1.6776,-18.68,-16.747,3.0877,5.2399,-8.7576,-5.5543,19.572,13.622,-26.485,-17.986,18.865,-4.801,-29.178,1.4638,4.3208,-14.047,12.436,20.311,-7.659,13.898,55.43,37.693,-11.533,-33.289,-9.7975,17.778,-4.3852,-34.087,-17.951,1.4194,-1.3234,-3.4618,-3.4763,1.6687,2.3667,-12.396,-6.4546,16.233,10.801,-3.1236,-5.3088,-9.6517,-3.2608,7.4405,7.3722,16.018,15.953,-6.3749,-2.0469,20.503,4.1408,-20.814,-3.9942,11.874,-13.695,-26.474,0.97767,5.4293,-11.527,8.2927,24.006,-1.3184,-8.6306,11.826,10.34,-11.725,-13.675,9.448,4.9442,-20.903,2.1455,17.484,-30.565,-29.788,25.911,26.772,1.8459,-8.8407,-4.3559,32.237,9.0857,-61.185,-11.23,59.103,4.3023,-32.119,-13.528,-18.636,19.98,58.929,8.2637,-22.349,5.7592,9.6513,-6.1813,-17.094,-9.5684,15.172,7.93,-13.698,-10.816,-13.068,-17.761,-19.332,-25.643,-0.18252,24.749,8.7386,15.191,39.793,30.957,7.1123,-31.427,-46.432,7.1278,31.337,-6.7837,-12.134,5.7863,2.029,-10.369,-14.879,19.705,49.711,19.334,5.3138,6.5071,-40.912,-49.834,-9.5406,-9.1177,-6.7872,6.2629,-4.5587,12.121,18.689,-15.825,-1.939,20.176,-7.9259,-5.5174,9.5844,-11.997,-8.7587,15.174,15.05,3.3002,-7.5969,0.52395,11.626,3.1201,16.279,17.639,-25.99,-14.556,25.934,-5.0949,-16.511,25.484,19.182,-10.014,-12.243,-17.32,-22.599,-16.952,-0.96406,2.3113,-31.527,-27.969,14.969,-10.842,-19.556,56.072,39.065,-39.067,13.448,78.562,29.126,-7.3994,4.1773,-13.057,-30.932,-11.642,7.5612,-6.8619,-29.862,-16.48,11.834,11.904,7.7115,16.632,8.2799,-10.829,-6.4194,5.9245,-6.3744,-21.497,-12.899,-5.8627,-6.2002,7.2122,10.819,-7.6224,-18.316,-16.444,-2.7326,16.886,11.573,2.2563,18.305,16.726,-6.3773,3.6167,35.258,31.836,-7.9208,-21.026,12.134,18.771,-7.7784,2.5952,18.355,-0.92227,-6.6589,-5.4,-21.974,-31.983,-51.358,-66.28,-36.294,-16.87,-20.348,7.9128,23.272,9.2829,27.631,43.058,29.1,49.748,77.508,44.171,4.6844,16.232,20.755,-18.244,-33.551,-11.458,-22.486,-47.463,-34.466,-22.124,-24.33,-26.741,-40.347,-24.964,10.472,3.0619,17.547,61.626,21.213,-29.86,0.15883,7.6161,-1.5292,35.52,27.597,-9.3363,17.375,31.005,2.1283,11.116,20.13,-20.173,-44.726,-21.773,2.1416,0.43117,-4.616,-1.5825,-7.7033,-6.399,12.68,2.6956,-24.399,-10.325,9.1242,-5.8173,-10.021,2.0563,-9.1928,-20.735,-1.1392,20.403,27.362,29.721,5.4569,-25.152,4.5604,36.897,-8.333,-32.002,21.033,35.12,-6.0374,-16.277,0.65255,9.1057,2.5402,-7.7492,-0.14013,-6.7842,-37.355,-23.508,15.075,9.7918,-11.766,-22.157,-12.009,20.175,6.0949,-23.676,26.125,49.247,-16.81,-25.055,16.052,4.1894,1.0003,12.999,-11.221,-1.9851,36.406,17.686,-17.018,-13.718,1.8381,14.603,7.3693,-24.826,-38.012,-14.98,5.1154,-6.7165,-11.25,19.686,12.054,-25.4,19.575,53.519,-25.316,-37.88,38.978,16.752,-24.731,6.9478,-15.293,-34.186,35.944,39.894,-25.046,-29.61,-17.987,0.84467,47.408,21.522,-35.532,-5.1222,31.988,11.535,-5.4683,-12.365,-16.733,-8.5743,-7.9339,-4.458,10.44,9.7057,1.208,1.1867,4.2311,5.5831,-2.7738,-2.0306,9.5187,-11.387,-28.871,-1.8528,-0.35826,-17.624,12.422,26.581,-0.49626,-1.8785,-4.0022,-16.665,15.696,30.951,-16.47,-15.412,50.338,46.819,-27.379,-41.609,6.6437,18.911,-6.8338,-25.431
-3.2146,-5.3621,8.6534,9.3833,-6.5963,-7.6178,-2.3824,-2.2373,1.3449,-0.82133,-6.2767,-2.3747,2.0789,4.5507,7.1305,4.1025,1.0901,-2.0851,-9.2032,-8.0081,-0.20649,4.7933,11.069,12.039,8.8329,14.158,10.117,-7.6512,-7.2021,1.4691,-10.582,-18.845,-5.247,1.2551,-8.065,-12.458,-11.2,-10.266,-0.86844,8.7987,0.95568,-8.1166,1.4857,15.154,20.386,19.664,12.852,12.264,21.968,15.289,-6.0944,-10.231,-10.053,-25.451,-25.514,-8.5465,-13.499,-19.118,4.5254,13.452,-3.3264,2.4549,16.418,4.9368,-1.6048,5.5255,-0.79239,-6.9317,0.74741,2.7896,-0.76931,2.4067,4.0572,0.091871,3.5931,13.976,12.328,1.1393,-2.1117,-4.7663,-8.9962,-1.2708,2.025,-7.6119,-7.1399,-4.4503,-11.148,-9.0295,-5.9382,-7.8132,7.123,20.644,10.315,3.3979,8.0716,3.8949,-5.3353,-6.4647,0.062101,4.0181,1.1347,-0.31221,-3.5799,-9.4374,-4.1773,-0.735,-6.775,2.6503,14.608,6.536,4.2508,9.7716,0.94858,-7.3832,-5.3545,-0.49292,6.0305,0.55491,-12.776,-8.6374,0.28077,-4.8351,-8.9579,-5.3488,-2.6882,-2.4721,1.2155,11.112,13.865,8.4272,11.199,8.4311,-5.1617,-1.4593,4.7213,-3.2095,7.6718,18.044,-7.6018,-21.048,-9.748,-19.5,-20.701,9.1065,10.913,-11.209,-3.0556,10.298,1.6526,4.593,17.672,7.4224,-10.852,-7.1146,5.2681,2.5768,-4.539,3.3843,14.523,11.674,2.5543,-4.9736,-9.0119,-4.7859,-2.2041,-6.8417,-3.8433,2.4166,-2.3777,-5.7784,3.5121,14.598,9.8889,-11.598,-21.46,-12.503,-11.274,-8.2353,9.3604,11.036,0.37627,5.7546,14.822,16.139,11.492,6.7354,17.545,15.591,-16.787,-22.523,-3.0916,-7.2442,-8.7112,-5.296,-19.828,-10.803,8.9299,3.9732,18.182,26.682,-11.364,-20.691,-0.83479,-10.595,-2.7061,15.806,-13.753,-30.05,-1.858,13.497,19.507,26.668,16.897,9.3862,7.8443,0.1449,-1.9747,-5.9225,-13.908,-8.9091,-4.2405,-6.128,0.01632,3.1109,-6.6523,-16.096,-10.677,6.1546,6.84,-3.8146,6.795,14.57,-0.7078,-3.0627,2.1033,-6.5118,-2.8884,8.0868,3.2307,-0.97628,-1.3651,-2.7875,5.6989,9.6896,-0.25534,-7.4898,-11.15,-9.0643,2.4514,6.8646,7.862,14.583,9.407,-1.0036,2.3104,4.5757,-0.28327,-3.3478,-9.8853,-13.443,-7.9431,-8.7117,-10.142,-0.25551,-0.36829,-12.246,-6.1407,9.4355,8.3439,4.3449,8.5123,6.8359,4.9336,9.3426,5.6477,2.477,11.662,9.1818,-6.8113,-6.9307,0.87882,-6.1229,-15.732,-11.832,1.1128,7.9523,-2.1694,-11.664,2.1822,17.841,6.8354,-8.2445,-0.75896,7.7901,0.077813,-5.264,-6.1723,-14.132,-14.67,-4.2317,0.86957,5.6184,10.135,1.9186,-5.1732,-0.033518,9.2942,18.799,11.873,-10.024,-8.4674,10.405,11.519,4.3385,0.90725,1.539,7.582,-1.2886,-10.338,7.7378,3.5199,-25.822,-8.9451,15.369,-10.024,-22.149,-4.7227,-9.917,-22.028,-19.05,-14.629,-5.7096,6.6547,18.631,27.217,18.353,12.89,25.627,21.752,11.191,20.549,14.537,-1.8176,11.882,18.723,-9.8082,-30.947,-31.9,-32.515,-26.311,-14.876,-18.244,-26.332,-19.177,-12.419,-8.4788,17.811,37.99,18.41,5.1225,17.061,16.043,14.852,26.302,22.078,15.03,16.346,-0.018669,-19.267,-16.812,-10.781,-16.564,-25.987,-18.596,0.39039,-4.4625,-14.498,3.9592,11.507,-2.3455,3.1412,12.183,6.0402,2.7285,-3.2881,-6.7605,3.569,5.0361,1.3788,2.3216,-11.985,-17.342,6.1327,13.925,1.639,0.080902,-1.2329,1.4419,16.946,13.312,-0.91168,9.5523,12.539,-9.981,-9.7898,6.248,-8.3201,-22.395,-5.0569,3.3301,-6.1499,-7.9584,-10.769,-9.2658,6.6211,6.2003,-6.5292,0.12296,7.8704,5.6247,9.3206,8.014,1.8697,4.2311,1.1304,-4.5188,1.8497,4.4427,-0.015661,-0.074231,-2.7345,-1.8987,12.356,17.193,0.054964,-13.541,-7.5523,0.37278,-5.1158,-11.84,-6.2888,0.32034,-9.161,-22.731,-13.361,3.0488,-0.97447,8.0199,38.162,27.903,-5.4979,4.5897,19.468,-0.31994,-10,-2.1359,-2.7962,-5.3018,-9.9996,-17.21,-14.548,-8.3893,-0.65877,9.9184,7.3975,-2.128,-0.81357,3.4325,5.881,13.019,18.545,12.284,-1.1437,-7.6382,-9.2833,-13.684,-7.7713,6.249,6.3931,-2.9501,-9.5511,-10.092,-6.0607,-14.496,-17.465,13.947,30.698,10.242,4.0177,0.90304,-13.037,4.905,21.559,1.2485,-2.6781,6.5026,-9.0559,-16.457,-1.7392,9.4694,6.5921,-9.0778,-10.572,3.004,-5.4649,-10.525,9.2247,7.4253,-4.6752,6.3113,5.4479,-11.206,-12.28,-2.1064,12.096,16.72,0.19192,-10.149,-5.1485,-2.2351,-1.9812,-3.298,5.8131,21.191,5.42,-11.331,11.557,14.152,-10.42,1.833,9.0055,-22.97,-22.194,6.162,-2.2578,-17.549,-3.166,9.1596,3.4683,-3.6909,-3.5164,3.9046,9.2628,3.9812,3.0847,17.658,20.821,0.6273,-5.6297,7.917,-0.61645,-25.772,-25.358,-4.758,4.5235,0.023987,-2.4246,-0.01513,-1.3588,-0.2439,10.927,16.61,11.893,5.6326,-9.0345,-18.527,-1.2889,9.8604,-4.4598,-3.5582,10.469,-4.9899,-27.887,-15.342,13.135,22.968,13.991,1.0253,-2.0517,4.5958,2.6439,-9.0671,-8.0105,6.2341,9.8962,-0.81423,-7.0922,-4.769,-9.5883,-13.821,6.2118,19.179,-10.692,-27.675,4.2334,22.466,9.9743,7.1771,4.4465,-2.2649,1.2819,-7.476,-13.886,7.8945,10.092,-10.715,-1.4922,11.079,-0.65879,0.17257,4.8391,-10.583,-14.457,3.3365,12.29,2.6561,-6.1327,-1.5347,-4.0168,-14.72,1.8223,20.22,-3.287,-18.992,4.265,15.838,9.9649,11.979,5.2792,-11.777,-16.93,-5.2813,12.703,14.607,1.6863,-2.1088,-10.293,-27.197,-17.661,5.5526,12.445,18.663,17.63,-2.3308,-7.991,0.34826,-4.3459,-7.1401,-3.4677,-6.8448,-0.60185,13.917,8.498,-7.784,-7.017,8.4024,14.189,-1.2554,-15.608,-8.0586,4.0519,4.588,2.9464,3.005,3.1837,7.6511,8.4981,-5.3067,-18.491,-10.786,3.0467,1.343,-5.2787,-7.1261,-7.4931,4.6549,19.406,8.1705,-6.3466,3.2047,8.5605,-0.075756,-0.61011,1.5983,-0.23366,0.48517,-0.066902,-1.241,-3.3653,-7.3281,-2.2984,-4.1018,-22.46,-15.144,13.311,14.288,12.06,25.963,13.315,-10.368,-4.6041,3.2854,-2.0234,-3.2183,-8.1401,-19.401,-23.901,-13.648,14.566,32.009,13.815,-7.1004,-9.0184,-3.6414,13.989,24.036,-1.1536,-21.644,-10.924,-4.8826,-7.5883,0.55407,5.7692,1.6327,1.0384,6.8699,10.988,1.8025,-8.207,0.74239,3.8084,-8.4534,2.7058,21.124,0.28153,-26.169,-15.461,4.717,4.5573,-6.0926,-6.6224,6.5892,16.114,13.265,3.0282,-9.8937,-10.209,1.0452,0.025179,-4.593,-1.561,-9.6201,-12.035,12.898,28.932,16.472,1.5218,-2.1065,-2.476,-16.642,-31.363,-11.706,11.858,5.0089,5.278,9.4857,-3.4944,13.562,40.049,11.305,-18.461,-9.3186,-14.29,-27.193,-16.284,-5.8,-5.3591,-5.3267,-0.3836,12.998,12.597,-0.24156,5.4695,11.167,2.2076,5.3044,9.0144,0.0567,2.2657,7.5761,0.048071,0.2264,13.374,15.708,-0.61762,-9.9005,-2.2503,-10.231,-27.649,-18.847,-11.232,-20.056,-14.713,-10.856,-9.3559,16.984,28.737,14.987,13.684,3.3432,-6.8978,12.908,6.3462,-16.042,13.031,34.372,14.9,16.584,16.776,-10.729,-16.504,-6.3959,-7.6338,-5.9421,-3.5753,-9.8259,-31.76,-56.349,-33.261,8.4248,-3.9824,-18.584,12.967,24.872,8.5342,14.74,28.585,30.782,33.38,30.356,20.296,10.784,-6.8852,-29.715,-36.15,-21.898,-2.9021,6.7713,2.872,-3.9929,-2.7399,-10.441,-26.915,-9.546,19.768,-0.45883,-22.911,0.38152,8.4872,-5.1827,3.9866,0.77819,-17.787,5.143,39.541,28.269,-0.069871,-0.39072,14.523,7.301,-12.254,-9.7619,0.60842,1.7546,0.11749,-13.885,-15.294,17.448,23.986,-5.813,-13.912,-13.284,-17.303,-3.244,-0.81206,-13.385,-2.2029,10.991,3.0444,-7.3609,-7.7057,8.4423,16.05,-5.9329,-12.372,9.1359,16.243,9.9212,6.4338,9.0102,17.166,8.2619,-6.7004,-0.42643,2.1621,-1.9314,-1.2764,-15.946,-17.458,2.6544,-7.3796,-18.472,-6.5582,-16.394,-12.643,15.506,1.6968,-9.0368,18.427,11.826,-8.5085,6.8626,18.908,15.676,1.1021,-18.391,-1.4561,18.506,0.7251,4.033,25.764,10.27,-9.1439,-5.0883,0.26427,0.038744,-11.2,-19.057,-13.507,-26.146,-39.646,-19.817,-6.4608,-8.3018,13.14,33.933,26.768,23.804,36.178,30.866,4.4457,-5.1792,4.6315,1.0437,-12.614,-21.92,-25.234,-11.256,-4.2563,-20.79,-11.717,10.171,-4.8001,-6.5976,17.501,8.2565,0.78104,22.61,13.951,-9.5765,0.91692,8.0549,-10.427,-17.949,-4.7926,2.272,-3.1752,1.4218,9.2866,-0.29733,0.89004,17.224,7.2376,-7.2989,3.5545,1.0538,-15.082,-4.717,13.328,5.1948,-15.65,-18.935,-3.5226,2.259,-4.6828,-2.8798,4.571,11.913,15.066,-1.7081,-14.981,1.1387,11.369,2.0852,4.6004,13.788,10.051,0.60743,-5.4246,-5.8962,-8.7699,-17.704,-15.761,-4.6413,-1.1441,2.0125,4.7062,-0.43393,5.5409,19.17,12.058,0.031822,3.6039,-1.673,-16.159,-8.9117,6.2854,2.5116,-2.381,3.9899,4.8352,-3.103,-9.331,-1.4434,18.614,12.536,-21.392,-20.834,9.8401,8.1158,-10.567,-11.136,-7.6247,7.3913,26.479,8.7624,-9.2814,11.801,10.322,-20.753,-8.6902,20.189,7.3694,-9.5129,-7.2472,-11.334,-11.983,-5.257,-6.3648,-1.8332,5.5959,3.7931,11.764,19.257,10.618,13.095,11.72,-15.053,-18.27,-2.1323,-17.753,-24.023,9.4328,21.734,-1.7798,-13.883,-2.1748,9.5372,3.7246,-2.5778,7.7127,8.8224,-5.8199,-7.3371,0.2859,3.6405,8.745,8.7386,1.6335,-0.79781,0.8815,-1.004,-13.278,-21.929,-4.5517,10.705,-1.0633,-4.0432,9.1646,11.112,7.987,0.69613,-10.364,0.40007,12.567,-5.2651,-15.955,1.1467,8.4801,-5.5488,-15.438,-5.3765,12.068,9.7045,-6.5605,-1.8526,18.48,14.587,-8.5365,-7.4139,9.1137,-2.3604,-17.418,0.85154,8.6366,-11.66,-3.3208,24.661,14.22,-9.282,-3.9326,-0.80526,-17.27,-20.242,-7.2989,-1.7952,2.0175,7.7293,5.1653,7.7226,16.232,5.8118,-8.2737,-2.6991,-1.7854,-9.8311,-0.96718,12.536,12.573,8.759,2.3104,-1.9149,7.1323,8.3537,-9.9456,-16.097,-6.286,-10.489,-16.293,-2.5452,3.4499,-7.6348,-7.8641,-0.062651,3.4888,9.9817,12.776,14.43,21.089,5.0132,-21.476,-11.398,8.7578,4.5582,-0.9298,-4.4263,-5.9754,7.0229,7.9154,-3.3532,1.2804,-3.8178,-16.107,1.4228,12.942,-2.3318,-6.8813,-7.158,-8.2816,5.4762,6.0288,-3.1189,7.3954,7.7282,-3.3699,3.0946,-0.75116,-11.992,0.64824,6.2536,0.86569,8.7217,0.77031,-11.686,5.9558,9.969,-8.8309,-7.8159,-6.0467,-8.5611,8.899,9.8419,-8.7661,-0.7618,7.8922,-3.1313,4.5336,16.556,5.4625,-1.5639,0.5971,-2.73,-2.4068,-1.5756,-6.1374,-6.8693,-7.9563,-9.1351,0.23672,6.3441,-4.0118,-11.535,-1.7235,5.4943,-5.2585,-8.9328,9.151,18.313,9.8463,9.2697,14.216,11.413,3.3627,-8.572,-11.349,-0.76607,-0.35662,-4.2522,4.5906,1.562,-15.42,-13.938,-1.6022,-0.66557,-3.3226,-1.5702,0.95332,-0.46825,-5.9802,-7.6256,-2.6786,5.6819,12.286,7.0274,-0.64665,6.6722,12.818,5.0702,1.8743,6.8223,6.0486,-3.6304,-12.496,-4.6162,9.1305,1.5646,-11.214,-7.6859,-6.7352,-10.733,-5.1605,0.10171,3.3581,10.602,9.4126,1.8402,1.9072,2.8965,-3.2598,-9.2886,-6.1063,-0.53943,-9.285,-16.453,3.2538,19.837,9.1236,6.5297,17.676,9.9988,-2.5612,1.7922,1.908,-10.595,-17.686,-14.444,-5.3634,4.8241,8.2605,5.4018,2.9926,1.5487,1.2275,3.2258,-1.6293,-16.289,-16.394,6.3394,14.723,-0.98708,-2.0257,10.465,4.6362,-7.2914,-9.1008,-10.93,-5.0893,10.54,13.639,8.2121,8.9594,3.7423,-8.2173,-8.5143,-1.2805,-2.9379,-5.2098,5.5399,10.457,-3.0771,-4.246,12.159,10.258,-4.3933,-7.9749,-10.906,-13.805,-12.565,-16.981,-11.898,8.7157,19.95,20.62,17.051,8.338,5.8342,-1.1801,-12.273,2.8553,10.97,-18.127,-22.732,5.7777,9.2598,-0.76373,-0.97704,-3.4352,-0.35341,3.4265,-1.4809,0.66029,0.29635,-7.0994,-2.2044,-1.1179,-6.1547,6.8457,14.017,1.8616,-0.15803,7.7588,13.667,10.239,-13.368,-25.514,-5.9354,4.472,-2.6941,-2.9225,-2.8735,-0.93085,9.3641,10.478,4.0898,2.7665,-0.95927,-8.5089,-12.084,-8.8587,-1.9818,-1.4416,-5.2359,1.8621,21.382,33.926,16.573,-16.064,-21.673,-5.3147,2.5,5.3696,1.7204,-11.131,-10.513,-2.1715,-0.31576,6.5894,3.1863,-12.375,-1.4732,15.961,1.9428,-9.5653,1.7041,9.2188,8.1398,4.6316,-0.86862,-4.3903,-9.9495,-14.819,-9.3422,2.0711,12.013,10.449,-3.4644,-4.6655,6.8119,3.7982,-4.4812,-0.71809,5.319,9.1952,7.1501,-2.2132,-2.036,2.6449,-5.8156,-11.098,-1.6805,5.8718,2.6122,-10.72,-20.654,-5.2212,18.615,15.038,-4.8308,-10.393,-3.7591,-1.2718,-5.7103,-4.8258,10.41,18.731,1.6829,-6.191,16.358,22.776,-0.91139,-9.1187,-4.3764,-12.246,-11.155,0.088816,-2.5622,-5.5832,-1.0648,-0.95896,1.8506,5.1993,2.2075,1.078,-5.3162,-9.0743,10.064,19.255,0.48259,-7.2736,-2.8221,-4.4095,-1.3173,-3.0433,-10.584,-2.6231,3.1945,-1.2933,6.2956,9.506,-2.443,-0.52544,14.513,15.057,-5.3912,-19.07,0.1367,12.119,-11.672,-11.323,15.584,3.7654,-14.176,4.2549,11.006,-0.34245,2.7883,1.0341,-11.4,-10.241,-1.2851,1.6496,1.2965,0.62271,-3.1698,-8.3833,-3.5157,4.61,-0.80957,-4.8882,0.82925,1.5733,4.0582,8.5305,4.7281,6.2043,7.364,3.5268,17.963,21.462,-6.5362,-8.7275,6.525,-13.201,-28.553,-16.482,-11.518,-4.0441,7.7802,5.5813,9.8595,12.418,-9.8143,-23.071,-12.301,1.6516,16.944,18.072,-3.869,-13.567,-0.23253,9.7886,7.5522,1.1293,2.2067,10.148,7.9689,2.2857,9.0755,8.039,-11.434,-15.351,5.678,10.829,-10.993,-17.37,4.6241,12.703,-12.101,-29.73,-7.2204,21.02,9.6244,-11.687,-1.4135,10.877,2.9729,-2.1019,-5.9822,-13.956,-11.787,-8.1853,-3.1418,13.94,15.217,-0.10653,9.1131,26.833,17.917,5.3076,5.9723,1.4676,-8.187,-7.4555,-1.5976,-5.1414,-9.4832,-2.4148,2.8841,4.2581,8.8028,-4.7628,-27.078,-18.87,-6.4639,-16.16,-11.344,-1.8547,-14.669,-6.548,19.441,9.656,-5.9237,5.4735,11.536,19.056,36.897,24.517,1.3912,14.237,31.744,26.002,11.011,-13.638,-30.313,-22.582,-22.61,-31.17,-23.31,-21.562,-23.578,-4.6455,-0.36302,-15.852,-5.8677,8.6477,5.5768,15.92,23.817,9.436,7.1148,15.733,15.357,15.452,4.7206,-10.907,2.0062,17.206,10.237,12.58,15.993,-1.1506,-11.027,-9.8641,-13.65,-14.042,-20.63,-31.935,-19.408,-5.321,-15.124,-11.501,12.968,15.771,-3.8945,-8.8269,10.296,22.112,12.411,14.711,26.869,5.9657,-19.622,-4.7809,13.575,8.8914,3.0452,-2.6335,-7.0886,-3.8692,-4.4165,-0.40955,11.765,5.6099,-10.956,-13.475,-10.071,-3.8426,0.22831,-11.272,-12.208,10.002,11.035,-11.905,-9.3425,10.58,3.5501,-10.471,2.285,6.9594,-12.254,-6.2727,17.399,12.251,5.4202,15.314,8.9755,1.6174,9.3288,3.3735,-2.0951,8.3383,0.93023,-14.252,-8.5639,-8.2831,-17.795,-7.8183,5.0147,-4.3652,-14.317,-4.3177,10.773,8.7192,-11.777,-20.667,5.9831,23.818,-9.0711,-25.843,15.678,32.119,7.2351,13.336,22.392,-2.9775,-11.064,-3.6638,-7.8275,1.7216,2.2356,-20.295,-4.3498,28.562,5.2011,-29.056,-13.963,8.7376,3.184,-3.504,-0.79852,-11.11,-20.734,-2.021,13.495,2.6746,1.3748,13.532,15.573,13.694,5.0951,-3.8285,5.4897,-1.0688,-26.046,-13.159,7.4694,-9.8223,-9.2145,16.387,9.9406,1.345,20.624,14.538,-19.313,-22.195,2.9667,10.873,-2.6741,-11.91,-9.6716,-7.0597,-3.1901,7.0253,11.698,7.3999,7.608,9.6754,4.4706,-4.2661,-14.942,-15.89,3.0061,7.2932,-18.05,-20.368,12.849,28.402,12.907,-3.688,-4.0303,5.7346,3.5568,-5.4671,1.9157,6.228,-5.7656,-8.2422,-4.0651,-3.9162,2.7733,3.8347,-3.6686,-2.2038,-2.4915,-5.9471,1.4845,4.1453,-3.6502,-5.5598,1.8845,11.722,7.0949,-2.6946,10.085,13.163,-7.8188,-2.8985,6.6406,-10.679,-6.45,2.5065,-19.483,-15.21,9.8902,1.7948,-3.8014,8.8952,8.6289,7.1023,5.5895,-4.0811,-6.4268,-8.3337,-4.9329,14.282,15.369,3.816,13.156,13.225,-8.356,-16.862,-12.065,-5.1632,-2.3259,-14.361,-17.498,1.7921,8.1204,-5.4118,-9.0398,0.68964,7.8024,9.9067,15.766,20.556,9.2412,-8.1708,-10.572,-0.84832,8.699,11.202,4.1843,-5.4257,-7.2306,0.45985,3.8717,-7.218,-16.875,-12.136,-3.0594,-2.0448,-11.204,-9.9539,6.6786,3.0503,-3.4496,20.974,19.673,-6.4248,13.603,22.298,-18.168,-17.639,9.246,2.6588,3.4196,5.608,-9.8864,-7.3484,-12.249,-20.443,14.57,27.623,-3.2732,-5.511,-1.4443,-8.1677,7.1242,0.98727,-18.524,3.7084,14.959,-3.7686,-3.8368,-1.9548,-1.5361,7.7201,-4.7769,-12.865,6.4898,13.967,16.413,15.837,-10.267,-17.604,-0.8529,-3.6755,1.6874,13.525,-6.5746,-17.732,-8.0132,-14.066,-10.656,7.394,7.6583,8.0548,17.797,19.308,15.392,4.9099,-3.4228,-4.3931,-20.774,-25.204,5.7503,8.5288,-17.924,-7.6553,10.692,4.5722,8.9105,12.274,0.71965,3.1905,1.565,-17.133,-14.108,2.011,-0.01196,-3.1234,2.9684,8.1666,11.839,8.4479,-2.8546,-10.797,-7.3189,7.2712,10.212,-8.0177,-10.301,6.8202,5.0425,-2.7338,5.6034,6.7823,-4.0314,-12.334,-14.505,-2.7266,8.6419,2.3355,4.8195,19.045,11.477,-5.4456,-7.2508,-9.0713,-12.3,-0.42012,11.28,0.1801,-15.187,-8.7802,2.3414,2.8966,9.1504,10.095,-9.1995,-17.056,-4.2262,6.2095,14.198,12.199,-1.7276,1.6401,13.96,11.302,7.8994,2.2343,-9.1099,-3.6399,7.3002,0.98266,-16.674,-33.765,-25.076,3.2862,4.2697,-4.7538,6.6196,3.9041,-1.6338,19.264,19.774,-6.4038,-13.975,-12.558,-8.2719,10.786,15.574,1.5248,0.43454,8.4253,7.249,0.33805,2.0646,15.038,14.355,-3.2542,-2.0318,13.454,4.923,-15.668,-11.16,4.0453,-12.035,-42.815,-34.818,-3.2694,1.8363,-8.6957,-10.421,-6.1255,6.3071,12.788,1.2204,2.9582,21.647,23.236,20.632,30.637,24.425,7.5105,12.75,21.86,17.532,17.152,3.8066,-35.345,-55.352,-45.712,-38.436,-28.881,-20.569,-25.841,-12.806,11.895,10.09,8.8777,18.096,10.971,18.381,42.258,27.702,-5.5222,-7.165,9.2842,14.816,6.7965,7.3241,16.287,-0.5975,-17.71,2.5941,9.0275,-15.741,-21.509,-12.907,-7.6448,-1.558,-10.788,-19.749,-6.3681,0.15068,-6.9147,-6.9157,-2.0463,1.373,-3.7867,-5.8146,11.81,15.071,-1.0337,5.7512,15.916,11.804,18.986,15.955,2.3112,15.177,20.053,-2.1503,-6.6663,-0.44833,-5.8119,-5.5114,-2.9843,-9.9758,-18.722,-23.431,-25.068,-27.771,-22.307,-7.979,-6.8611,0.9901,28.685,23.46,-2.354,9.2394,25.355,19.866,17.833,10.53,5.5913,12.505,-3.1655,-19.271,-1.2837,4.5926,-13.625,-12.703,2.0741,2.355,-8.8732,-10.888,-4.2312,-8.9237,-8.8119,5.9526,0.97234,-7.02,8.1067,5.2935,-6.9826,6.3443,6.8526,-5.2509,5.4878,6.3351,-8.2648,-1.8291,7.3521,3.7138,5.1953,6.0346,-2.1752,-7.6787,-0.15883,10.706,3.5058,-8.9356,-1.4355,9.5009,7.373,-3.0483,-15.231,-9.8015,6.8345,3.9795,-6.1336,-5.9788,-1.3704,8.1608,1.4258,-19.653,-8.4927,10.302,-0.32876,3.3237,12.904,-8.2021,-8.6409,16.313,9.942,-3.7387,0.6627,-1.5586,0.11307,6.0243,-5.8938,-9.8128,6.8478,13.216,6.4543,0.21917,-3.1097,-1.7253,-5.869,-13.704,-4.3851,6.9076,-1.9619,-4.9139,9.4012,7.643,-11.179,-13.073,-1.3866,-1.6232,-6.0744,-0.24006,6.9615,11.556,13.158,3.5454,-4.2426,2.3105,4.1794,0.58441,6.1278,2.9681,-11.822,-13.118,-5.8348,0.034088,7.2129,2.3851,-6.3693,1.4317,7.507,5.75,9.8564,3.6112,-10.378,-9.1694,-7.6695,-10.603,-1.3514,4.4297,0.35577,5.1015,10.198,3.1868,-4.2863,-4.4033,-1.1096,-1.6399,-6.3843,-3.438,10.303,15.159,-4.4041,-20.433,0.17844,23.041,14.634,6.4948,1.1367,-15.952,-6.8822,15.373,-1.0081,-22.734,-16.07,-4.2966,4.7499,1.1281,-11.484,2.0669,22.065,14.416,0.29457,-6.4385,-2.4085,8.8114,1.2765,-7.5381,-0.73171,-9.4256,-12.903,8.1478,7.1812,-4.2689,5.4346,5.8247,-0.54277,0.86682,-7.6625,-7.4608,7.021,5.966,1.4809,5.0204,2.6228,-0.3486,-0.94701,1.4646,8.623,7.7101,2.2678,-6.2347,-21.812,-18.065,-5.9308,-13.814,-4.464,19.061,9.0535,-5.3524,-1.321,-2.3072,1.6324,9.9957,10.805,14.536,10.342,3.8849,12.162,5.1249,-14.183,-14.625,-11.562,-7.8234,-2.4709,-8.1345,0.18341,10.001,-8.103,-7.2702,11.974,4.2261,-0.037643,5.4463,-0.87061,1.8902,-5.7071,-19.015,6.5101,10.012,-26.77,-11.063,27.64,23.231,17.137,8.4828,-14.109,-5.2544,10.288,-2.1577,-7.8828,-6.6191,-10.106,1.2041,9.3311,-3.7204,-11.197,-6.2895,-7.5497,-11.583,-4.5632,6.6008,9.0988,9.106,12.077,13.365,12.66,4.409,-7.3307,-3.5902,5.3393,1.471,-5.5919,-10.67,-10.732,-5.825,-12.331,-15.988,-0.15586,5.9142,1.9982,9.5687,8.206,0.11235,8.8182,13.62,2.5656,-4.5893,-0.74593,9.1306,7.4306,-12.244,-17.223,3.9272,16.161,3.5024,-7.5883,0.88563,3.5309,-10.917,-10.975,-3.8775,-12.402,-6.8305,6.6429,-4.9345,-3.6499,19.651,13.342,-7.5153,-5.2488,0.51155,-3.8581,-2.5199,12.708,22.15,5.2916,-10.615,-2.9413,4.7757,5.444,0.48357,-10.328,0.026587,15.875,2.6315,-8.0003,-9.0775,-18.842,-6.4137,8.2327,-10.56,-15.057,-2.7411,-5.8953,6.5369,18.799,0.34804,-2.4268,10.054,8.7936,15.108,8.6275,-20.498,-17.287,8.1233,14.316,10.443,-2.3682,-10.235,3.3764,3.3362,-7.3893,1.7941,3.7312,-3.021,3.4645,-2.4364,-13.289,-5.137,-5.9617,-8.5598,10.359,11.835,-9.0712,-7.01,8.998,7.1386,-0.78462,3.1306,4.9585,-8.7673,-16.031,-6.3953,-2.555,2.9514,17.1,8.4555,-4.7297,10.452,13.901,-4.2435,-4.2667,2.4462,4.4763,9.9074,-2.9115,-13.644,9.3875,13.067,-20.138,-25,0.88567,10.267,1.8012,-9.3344,-15.311,-7.5433,7.331,11.112,-4.5255,-19.475,-8.2667,11.42,12.687,5.6385,1.5598,1.7713,9.8566,13.366,5.2408,-0.10731,2.6442,9.9639,12.113,-3.971,-18.331,-5.8508,12.679,12.461,-0.89312,-12.454,-9.7818,-1.725,-8.4363,-17.469,-10.081,-1.2274,-3.7849,-9.0755,-10.89,-8.0935,-4.3336,-5.5756,-0.18868,17.557,18.226,-1.1996,5.1089,31.548,26.973,7.6962,12.437,20.631,15.824,6.8781,-7.3414,-13.292,-6.3529,-12.398,-23.221,-16.467,-13.448,-26.257,-32.539,-20.078,0.64113,5.841,-8.0421,-11.65,0.34747,6.2424,10.012,21.285,25.977,19.406,20.347,29.528,19.801,-0.31505,6.9682,20.764,6.5385,-9.26,-16.032,-25.575,-13.265,4.8016,-15.112,-31.336,-10.383,-5.7491,-26.462,-23.698,-2.4359,9.4711,16.363,13.828,-3.1937,-5.531,13.793,17.762,4.7408,6.7421,16.041,10.748,1.0583,1.7612,10.582,13.324,2.0669,-11.04,-14.531,-6.281,1.9298,-10.481,-15.656,13.02,17.676,-10.15,-2.5006,6.8813,-25.13,-30.15,-1.1663,5.7486,2.3283,-3.2696,-11.771,2.3004,12.562,0.29228,3.5424,13.377,8.1644,8.5455,10.053,5.0387,7.7505,9.5885,1.7664,-6.9549,-4.5278,9.4776,0.71046,-29.898,-26.801,-2.429,2.1163,11.063,20.594,2.2712,-9.2155,3.3947,2.8849,-13.884,-15.548,-2.5244,-2.2101,-4.9993,10.245,9.7284,-9.4862,0.25612,12.256,-0.011807,5.3878,9.6395,-7.1435,2.5242,12.706,-10.011,-9.1659,13.373,7.8221,-9.6859,-12.504,2.1835,13.816,0.06639,-4.985,6.4429,-3.5629,-5.1236,12.072,-2.2995,-22.094,-13.243,-1.713,12.459,15.859,-5.3602,-9.0907,-5.6308,-16.44,7.1643,33.786,-1.3445,-29.564,-0.84168,16.474,-0.66628,1.6215,22.052,5.1386,-25.428,-7.5386,8.8528,-15.178,-4.2588,32.24,18.196,-6.1959,-0.12368,2.589,-3.3342,-7.4376,-1.9002,8.7977,-7.8651,-21.418,3.0751,6.2386,-12.246,-3.3331,-3.7898,-10.033,12.768,10.908,-13.178,-5.9732,-2.4591,-9.7154,7.4794,14.857,-2.0832,-8.5074,1.5891,17.435,16.59,1.8182,13.395,22.691,-5.7037,-10.251,18.166,11.458,-15.32,-15.395,-5.6301,-2.6283,0.16986,-1.9119,-15.546,-28.692,-22.881,-8.5304,-9.2667,-17.215,-10.188,12.084,21.857,4.7642,1.475,22.513,16.136,4.4581,29.238,27.422,-2.2678,17.843,33.626,-8.285,-18.213,12.995,4.4383,-17.74,-15.292,-23.912,-36.994,-26.727,-15.392,-16.601,-18.546,-14.803,-2.0987,8.3122,6.3845,6.2057,12.781,22.42,36.061,34.614,17.478,14.239,13.26,0.80862,-0.37348,-5.9638,-22.091,-9.7009,1.2067,-18.338,-12.164,5.2128,-14.144,-15.693,7.1762,-1.9439,-7.7289,10.932,6.8992,-9.0227,-13.331,-13.527,0.92619,12.78,3.0627,2.1592,7.5364,3.1792,10.957,12.799,-9.6626,-11.024,10.595,8.7317,-6.5099,-1.2375,17.885,22.004,3.7703,-5.1804,5.2159,-3.5363,-28.162,-22.255,1.9341,3.5501,-7.6413,-13.893,-15.214,1.3448,20.731,7.1841,-8.3777,2.9914,-4.3253,-20.98,5.0274,24.263,0.19672,-5.4204,14.663,20.645,18.65,8.1896,-5.3124,-0.64679,-6.6509,-26.105,-12.376,9.0783,0.11992,-3.743,8.2573,6.5148,-7.5394,-15.267,-6.8682,3.8914,-3.6205,-10.712,-3.2552,-0.42791,2.985,10.737,4.1819,1.9468,14.091,8.523,-1.3538,9.8428,8.3709,-10.045,-7.4011,2.0945,-5.084,-5.7461,5.3887,6.5882,-1.2596,-8.1982,-11.988,-9.3482,-2.255,3.1839,0.75627,-6.843,0.37989,13.532,-0.59364,-10.364,19.502,28.335,-6.6763,-15.879,-0.33731,-4.0144,-1.35,8.8857,-2.2282,-2.9312,7.8632,-11.294,-19.632,11.507,14.575,-13.343,-8.6507,8.2222,2.0176,0.36803,7.6368,7.4699,3.9932,-7.4013,-11.426,7.6183,5.0107,-20.964,-9.5488,15.017,5.2972,-3.3478,3.248,4.9343,7.5923,-0.6579,-16.235,-3.1415,15.667,6.4089,-5.3709,-2.274,6.398,1.9062,-22.154,-18.397,19.803,19.728,-12.276,-11.265,8.4442,13.519,4.9537,-9.8999,-10.356,-0.7489,-4.477,-4.8635,6.62,12.141,11.442,2.6014,-5.112,3.8666,2.536,-13.244,-11.165,-4.5025,-3.6827,3.9628,-0.21738,-8.6064,0.87938,-0.69917,-12.425,-0.69258,18.202,23.595,17.954,6.2082,5.1099,5.4039,-9.0254,-9.109,5.9236,2.1385,-9.2928,-14.126,-22.682,-26.76,-17.092,3.7463,22.833,17.318,-1.2443,-7.4068,-8.7285,-2.4216,19.629,31.132,16.027,-10.75,-23.118,-7.6044,1.4793,-13.272,-3.8852,29.343,32.008,15.411,11.015,0.55578,-14.604,-8.6703,-2.768,-24.65,-38.126,-16.542,-3.2632,-7.9421,3.4896,3.9801,-14.888,3.3303,34.957,25.645,9.0564,0.95872,-16.19,-18.916,-5.868,8.3144,26.439,20.329,-4.1523,0.90134,13.718,10.323,12.323,1.5454,-21.049,-18.963,-12.362,-12.153,-2.3822,-7.6924,-14.682,5.1253,6.4368,-11.01,-1.5488,1.1028,-15.863,-4.5222,14.403,3.5165,-7.9624,2.2476,19.894,25.698,15.908,7.408,-0.014074,-9.3282,1.3552,12.475,-7.225,-16.888,-0.69328,-3.0094,-9.9816,6.9344,12.503,-3.0634,-5.0661,9.2511,16.259,4.0147,-11.51,-10.844,-13.893,-29.082,-24.115,-9.0678,-14.218,-15.605,-1.1482,7.455,13.399,14.662,3.7834,8.9775,33.482,41.807,34.373,29.65,22.94,12.267,0.45937,-14.591,-26.532,-29.4,-28.634,-27.628,-24.411,-24.175,-28.483,-20.169,-1.3741,-1.1863,-7.794,7.3576,20.297,15.928,14.45,12.78,15.049,30.227,26.101,5.6903,7.1654,10.135,-1.0614,-0.023436,2.6719,-7.7676,-13.252,-9.0015,-0.62164,-2.3341,-21.144,-24.009,-9.3439,-9.1566,-4.6833,5.8164,-7.0671,-8.5575,13.746,9.3078,-7.9037,-2.3688,4.3417,4.386,4.7148,1.1485,4.9177,14.111,13.861,6.1393,-3.5406,3.7301,24.745,12.031,-16.456,-5.4762,9.8196,-0.70867,-3.2467,-5.0138,-17.882,-17.396,-12.912,-13.083,-7.1016,-12.466,-17.327,6.8279,19.478,-0.8687,-7.953,2.5778,7.8344,19.87,27.404,10.196,2.5093,20.095,20.912,0.11193,-4.9396,-0.74113,-15.254,-34.763,-30.626,-4.545,10.46,-4.739,-14.228,6.0516,13.33,-3.6468,0.039763,15.119,5.5936,-6.8388,-2.1832,0.56335,-4.6893,-3.4914,9.8745,16.029,0.53632,-5.0338,13.385,12.278,-10.402,-12.718,-4.0818,-3.8805,3.4769,10.608,-0.39519,-13.666,-12.598,-4.7219,-2.7956,-2.4984,6.7671,9.7212,-1.4306,-0.1585,8.9992,0.55744,-4.0583,6.1175,2.4657,-7.8928,-3.6308,2.055,5.4701,11.165,3.5577,-9.9509,-1.2335,13.858,0.83158,-19.733,-11.647,6.1947,9.9884,8.7557,-5.0461,-23.502,-4.6852,21.997,0.4219,-23.018,-7.392,1.1645,-2.9033,10.572,16.56,5.5861,8.0039,11.105,-3.7527,-7.3008,4.4422,1.2667,-3.3455,6.9598,2.528,-10.851,-1.9945,3.5459,-7.2032,-8.6821,-11.454,-12.437,4.4833,-0.64623,-18.935,2.7685,21.825,8.796,7.6267,4.0273,-6.3148,15.83,28.58,4.4589,-7.8883,-12.241,-21.816,-13.833,-2.6671,2.6909,5.4776,-4.2457,3.6203,19.948,-6.53,-20.478,11.911,10.739,-14.325,-9.5974,-10.44,-10.618,12.45,12.012,0.44922,14.663,17.442,6.6548,7.6044,-1.2834,-10.612,-1.8098,-5.6987,-17.179,-6.5122,2.5824,-9.3904,-17.968,-2.9853,22.186,21.5,-3.8465,-9.375,1.6395,-2.4995,-4.1358,3.0349,-3.6513,-7.0885,4.2232,10.554,14.834,12.38,-2.3668,1.5626,11.078,-7.0383,-16.267,-4.1125,-0.21572,7.2672,9.2571,-9.7556,-13.944,-12.751,-20.309,0.43084,11.777,-13.876,-9.251,9.601,5.1388,23.383,28.151,-14.583,-18.354,17.666,28.111,20.937,-4.6626,-26.119,-8.2469,-10.056,-22.625,19.598,31.57,-18.293,-18.463,7.6576,-10.504,-13.079,11.756,8.8719,-5.0413,-7.5114,-15.467,-20.351,-2.1112,21.057,20.46,9.9528,7.0101,-3.8368,-10.371,4.8087,11.377,7.0708,11.306,5.8103,-0.76463,5.0877,-7.309,-20.87,-6.7448,-4.7763,-14.566,1.2547,10.377,-6.0322,-8.3556,2.453,0.40988,-4.2328,-0.076816,6.0945,7.5303,1.2296,-3.5262,1.0395,0.58994,-3.0451,8.8103,11.764,-7.8376,-3.4446,18.73,9.0522,-4.9195,0.048538,-5.5111,-6.6971,3.9316,-2.1401,-5.6737,1.2136,-2.1563,-0.70506,-5.1976,-20.784,-3.2502,16.024,-2.817,-5.6687,7.1027,-1.6181,-3.7778,-0.25326,1.2845,15.67,4.3823,-18.093,3.9377,14.228,-8.2941,2.3104,18.628,6.6382,4.884,5.4014,-5.2002,-6.85,-5.0686,1.7139,8.6427,-5.0173,-13.173,-4.1755,-7.4975,-16.04,-16.088,-8.3701,6.41,0.71229,-17.474,-5.9789,11.74,15.4,28.801,30.746,6.342,-9.8679,-7.4288,5.2414,17.362,13.434,3.5355,-3.4898,-9.9005,-9.4431,-12.712,-16.293,-3.8761,-3.4293,-17.634,-14.504,-8.8653,-1.3795,15.684,5.6485,-7.7966,7.6799,1.8602,-9.0859,17.256,22.182,0.99401,2.4271,-1.5694,-5.412,21.529,26.341,-4.2014,-13.299,-0.36278,0.1644,-12.568,-12.514,2.0373,-3.5506,-13.373,5.7317,7.5979,-18.865,-18.811,-3.8314,2.7072,11.571,2.1963,-11.925,3.37,11.758,1.8506,7.5799,14.289,10.58,8.5697,0.19419,-4.1536,2.4441,-4.0545,-15.024,-7.8977,4.012,3.9804,-2.7006,3.3794,15.04,-1.5808,-24.302,-10.411,9.9232,6.9796,1.3846,-0.56679,-5.5032,-10.679,-10.847,2.2405,17.372,15.587,0.16514,-17.943,-18.241,3.0183,11.52,8.6845,14.088,5.9511,-4.9959,0.89038,-7.5169,-13.802,9.2692,14.196,-3.652,-6.467,-5.2779,1.1345,13.605,2.911,-11.454,-6.7551,-4.2868,-5.0184,-4.9431,-0.078165,19.749,18.825,-9.9872,-12.698,3.9777,5.3237,-1.0009,-11.162,-11.461,-0.25347,-5.0009,-2.1382,12.873,-2.6963,-7.6143,18.106,5.7165,-18.938,-5.4402,2.5483,3.2023,15.593,11.715,5.099,9.9625,10.22,17.046,11.346,-19.957,-20.833,2.7754,-4.5357,-20.281,-16.954,-11.06,-7.9761,-8.3265,-6.7612,3.1774,4.9321,-4.6059,-6.2383,6.3593,18.26,10.611,1.2611,11.407,11.676,1.2744,11.123,16.912,11.784,21.676,16.988,-6.053,-7.2772,-9.8867,-29.105,-29.112,-20.109,-24.019,-22.922,-12.007,-1.9733,4.3689,9.8298,17.856,19.667,13.057,8.3306,5.4086,8.3181,11.017,-5.2322,-14.469,3.5091,10.355,-2.4809,-8.3488,-5.4651,5.021,12.806,5.2145,1.0936,3.4543,2.1336,5.714,-0.69416,-18.05,-14.021,-3.9446,-6.8613,-7.0633,-15.418,-19.432,6.6476,14.412,-8.1677,-2.813,15.148,8.7781,7.3817,18.77,15.778,-3.5072,-17.312,-5.6279,9.6038,-2.0674,-7.0941,15.5,20.942,4.0653,-0.46183,-4.5898,-18.442,-14.721,0.010295,-1.3682,-3.6396,2.6089,-6.5246,-18.417,-4.642,9.04,0.93455,-5.1809,-3.3267,-1.8942,11.295,26.466,15.633,-2.8478,0.9136,0.44648,-19.011,-11.628,17.346,9.8034,-11.024,-2.6502,2.0896,-5.244,0.46255,6.459,4.9294,-4.4642,-16.704,0.028529,17.319,-3.4607,-4.305,14.413,-4.6896,-8.4135,13.77,-7.9274,-23.5,2.251,1.7103,-3.693,12.303,-5.9194,-25.281,4.0458,23.574,10.23,3.6137,5.5126,5.0999,4.9208,3.2752,-1.583,-7.9074,-7.6028,-1.024,-1.4166,-8.2824,-7.992,8.8221,22.237,-1.1555,-26.569,-9.3555,2.9297,-6.7614,6.4269,11.659,-12.047,-7.7947,16.878,17.715,9.0002,6.839,10.247,3.523,-25.507,-29.682,0.75759,2.272,-11.136,1.5604,6.4541,1.9138,7.4075,-2.3573,-11.46,6.9203,19.801,14.908,7.2836,-5.7355,-9.557,5.2432,10.595,-4.7783,-17.833,-15.458,-9.6125,-6.5117,3.3212,12.714,10.014,3.8476,-2.9226,-2.9054,12.552,11.131,-15.251,-21.231,-7.5232,-4.7502,-9.4493,-13.898,-0.07326,32.298,32.252,8.9286,16.159,18.558,-13.55,-26.482,-6.9094,8.4086,7.6648,-1.4474,-3.819,-2.5518,-11.24,-10.298,-0.10193,-8.3452,-13.484,-4.495,-17.158,-34.093,-13.908,22.865,42.575,35.605,8.9968,-4.637,8.4533,14.841,0.82283,-3.0232,7.4876,2.0179,-6.3288,13.106,23.708,-3.8925,-22.698,-15.028,-19.133,-35.578,-34.327,-10.5,9.8677,2.5687,-10.309,-3.0146,5.7714,11.35,22.436,24.512,22.675,17.289,-7.1271,-12.085,12.743,7.171,-8.9848,13.921,24.919,2.4233,-3.3315,-1.9372,-18.298,-19.777,-1.8685,-6.0387,-28.096,-26.185,-10.894,-12.189,-5.5773,10.868,0.91438,-7.566,6.098,1.2148,-1.7589,26.084,33.439,14.709,10.984,14.081,16.397,16.824,11.449,22.329,18.682,-35.108,-59.165,-21.219,-6.6317,-20.346,-13.379,-9.215,-20.632,-21.04,-9.1563,5.5467,17.37,20.717,21.103,24.905,27.419,15.397,-7.6229,-14.397,-4.975,-1.828,-2.5348,-3.7046,-3.9739,7.2277,13.483,6.1498,6.8209,6.7049,-3.2337,-6.2788,-12.306,-20.387,-14.751,-17.298,-16.661,13.979,20.655,-11.212,-9.7922,17.553,14.561,1.6594,2.6216,-2.9197,-9.7134,2.3713,13.276,-0.83445,-12.542,4.7521,18.68,4.7231,-8.4891,-2.325,7.8216,6.1394,-3.2376,1.1354,16.858,13.814,-7.6648,-24.053,-28.01,-16.359,1.3804,-1.4093,-20.069,-19.671,3.1288,15.83,12.72,17.359,20.345,8.2446,9.8419,19.574,1.9568,-11.083,7.3073,10.818,-10.643,-15.842,-4.6456,-3.8323,-13.268,-13.817,-5.6546,-6.4995,-8.2205,-3.2231,-7.0015,-0.83702,20.325,9.9676,-7.2245,16.561,24.298,-1.9181,2.6637,15.125,-5.0788,-11.504,-0.771,-10.249,-10.804,9.9852,8.1805,-9.1917,-6.6504,-2.4999,-6.4105,7.7373,19.461,0.055853,-14.629,-8.3478,-7.2254,-4.7371,-1.5574,-10.6,-3.7235,12.243,5.9532,9.0821,16.875,-6.9313,-7.9305,22.428,9.2414,-13.219,5.0593,10.577,0.55182,0.35277,-18.177,-24.525,2.4359,-0.41991,-10.624,21.446,24.82,-13.94,-15.814,-0.041714,-12.083,-19.625,-8.1252,9.1299,23.646,17.744,8.2726,16.976,14.734,-1.0037,-3.1854,-2.8966,-6.7837,-14.788,-37.584,-41.376,-11.178,3.1662,5.3108,27.645,35.855,17.177,7.6602,9.0717,5.909,-2.4045,-7.276,-0.037697,1.7315,-8.2856,-5.1332,1.2306,-4.0163,0.36779,7.2197,-0.095587,-9.7825,-17.9,-12.05,3.878,-10.202,-26.85,-3.6353,7.1464,-9.5218,-2.5919,13.243,15.029,21.273,22.558,12.006,6.9968,9.2305,11.47,3.8251,-5.3511,2.7123,3.7266,-8.2347,-0.63693,0.32519,-19.692,-13.01,-0.18977,-16.688,-16.309,5.7026,2.9409,-15.067,-21.728,-16.091,-6.3895,-7.5115,-13.012,-3.2145,11.877,11.971,2.503,9.559,37.533,55.237,53.142,46.777,34.412,18.919,1.3437,-28.531,-48.438,-47.081,-51.144,-51.804,-31.579,-12.318,-7.9904,-11.086,-1.9813,17.042,7.6697,-5.1838,19.338,22.189,-3.8457,7.989,21.476,8.9331,18.08,23.271,8.5781,16.674,21.998,6.5717,-0.33714,-9.7939,-16.469,-8.3776,-11.468,-12.468,-8.4118,-23.209,-15.264,11.271,-6.8198,-24.845,-0.046869,8.9966,-5.5633,-8.7125,-10.183,-9.3879,3.8426,10.044,2.9047,9.8905,32.43,26.787,-0.3228,2.5916,12.665,3.0688,6.6108,7.8081,-4.1424,5.5971,3.0983,-20.78,-8.7647,5.8926,-8.3868,-8.9227,-10.101,-17.988,-5.6799,-8.6727,-21.715,-10.435,-7.3845,0.18356,27.025,17.834,-2.3726,7.3956,6.9256,4.928,11.186,-2.5155,2.5181,19.937,-5.0516,-15.324,16.641,20.042,1.5387,-1.7254,-6.3258,-10.717,-7.7122,-5.3699,-5.7067,-10.474,-4.467,6.8329,-5.6888,-8.0925,13.376,-4.5529,-36.855,-14.316,12.165,1.2427,3.6686,22.067,20.649,14.168,11.982,0.022014,-1.9282,14.042,7.3529,-20.881,-23.57,-7.1772,-2.9419,-2.941,-0.93641,-2.2685,-1.1419,5.5887,16.527,18.102,0.44046,-7.9381,3.7098,4.8364,-5.5372,-12.72,-19.172,-17.039,-4.5874,7.8513,12.218,-1.3967,-11.513,3.3929,14.054,10.73,1.5184,-20.983,-15.359,25.219,25.876,2.1787,8.9323,8.7051,-1.5571,5.2871,-3.0112,-19.166,-13.274,-5.0491,0.62136,0.37352,-11.377,-7.6766,-1.1878,-8.3442,0.54376,5.3712,-6.54,5.3898,12.81,-3.3492,6.4116,17.726,2.551,3.831,7.1354,-6.1409,-1.3945,-1.6534,-20.6,-9.2459,13.896,7.8207,1.93,5.4299,-1.1451,-3.7526,-3.4881,-12.797,-4.9302,16.228,4.1359,-16.578,2.3612,15.627,-8.3815,-15.996,0.75844,3.399,-0.92712,-1.3299,0.09608,9.3149,8.5297,-5.6881,-1.2967,13.847,6.9046,-12.685,-13.88,7.182,16.945,-0.54114,-11.384,1.3379,17.695,17.675,-9.4934,-29.463,-7.7426,7.2832,-7.666,-6.9187,-3.4866,-15.514,-3.3582,11.771,-5.2396,-3.3559,27.385,23.467,-6.2419,-4.29,10.066,-1.5171,-6.4752,9.0711,7.2586,1.075,4.8677,-13.624,-22.553,4.4217,5.369,-11.634,2.0939,6.6568,-6.2903,-3.97,-3.205,1.2157,11.387,-1.1527,-8.4675,-5.7886,-20.928,-7.5736,25.626,13.07,1.1853,15.874,6.4182,1.8994,16.167,1.4963,-12.518,-1.1976,-3.4577,-11.26,-5.9502,-2.9333,-3.1428,-7.1507,-8.8074,4.5426,9.1231,-2.6039,-3.125,0.71562,-3.7278,-1.6275,5.8284,10.398,13.426,6.373,-10.41,-16.933,-7.8868,-0.67186,-2.5295,-1.5658,5.6872,12.518,16.194,11.863,3.5558,1.4979,0.022789,1.9219,8.6899,-5.555,-26.199,-13.369,2.5133,-8.439,-17.21,-15.23,-5.2891,11.674,2.9375,-12.576,14.339,31.453,4.0143,3.0814,22.014,-0.26642,-13.242,9.6411,-1.7753,-28.305,-5.7262,22.305,16.077,0.012617,-17.649,-15.086,13.381,11.259,-9.5726,1.6617,0.63082,-22.952,-10.34,10.036,-2.7221,-13.311,-5.7296,7.4578,12.077,1.0947,3.8551,13.792,-0.76567,-2.8275,9.8364,-3.2394,-3.8251,8.5906,-11.722,-10.897,21.471,10.269,-13.848,-0.76519,12.433,9.8661,-1.1547,-12.011,-4.3527,-1.3323,-10.021,-2.9805,-3.0046,-11.12,4.3546,7.28,-12.276,-8.7605,1.3886,-1.9648,2.9259,9.9861,9.0973,3.3991,-1.6279,7.0765,4.817,-16.902,-4.0688,24.674,12.009,-2.5842,2.6234,-1.3792,8.1184,19.198,-10.891,-29.409,-3.0995,7.1472,-7.478,-6.7886,2.513,2.9212,-6.7057,-16.916,-7.043,2.95,-16.231,-18.618,14.746,15.592,-8.8596,6.3815,23.868,7.6484,4.6475,12.277,3.0195,0.16742,2.338,0.19246,9.6779,11.325,-2.1214,-2.0112,1.9885,-0.39443,0.36609,-7.8431,-13.838,-4.4259,-8.0788,-20.512,-19.971,-18.957,-13.431,-1.921,-1.7061,0.91413,7.8067,4.4793,9.6952,20.305,14.844,9.4438,13.103,18.664,19.834,3.729,-3.4407,20.079,27.278,4.3028,-12.434,-21.607,-22.371,-14.315,-21.166,-26.182,-12.099,-10.507,-19.63,-14.728,-7.4156,-3.0822,6.9662,14.06,6.727,-4.3592,5.8625,24.924,22.437,21.111,30.495,18.831,7.5973,13.855,4.0124,-4.4721,3.51,-8.0177,-18.176,-9.7647,-26.235,-40.733,-11.704,2.5375,-23.509,-30.671,-3.5835,16.174,10.67,2.8792,8.578,12.671,13.499,20.469,16.713,4.4187,8.7713,14.228,1.5462,-11.525,-16.979,-12.978,6.8912,15.707,-1.7388,-8.8735,-0.37078,-7.484,-13.825,-0.16773,6.187,1.0857,-1.6773,-10.313,-9.7786,7.0668,3.6447,-10.083,1.2872,10.27,1.6839,1.9086,4.5089,0.23189,-0.79539,-3.6406,-1.6552,11.082,9.1226,-6.3919,-6.7809,1.0171,-2.6612,-5.5551,8.3348,16.883,-2.8612,-16.732,0.78311,8.9012,-5.7154,-4.1253,13.108,11.761,-10.416,-17.445,8.7999,19.697,-12.251,-24.655,2.6338,9.3962,-6.947,-6.4639,-3.8804,-18.082,-18.549,10.328,29.369,21.458,19.33,17.983,-2.9455,-13.201,-11.083,-16.395,-2.424,16.088,2.0025,-10.048,-6.4352,-6.5983,0.49499,-0.33114,-4.9896,16.409,13.889,-13.642,4.3387,15.355,-14.561,-8.1611,4.716,-18.242,-12.427,7.2715,0.031343,1.2247,2.4621,-1.1405,11.804,3.1384,-9.5472,20.455,29.8,0.80985,-7.1896,-14.759,-30.877,-9.5717,23.818,18.888,-10.281,-16.933,6.5609,8.1571,-15.096,-8.6504,7.2884,2.0962,2.9782,-1.6732,-13.359,4.4622,19.961,7.9832,1.4073,-4.2678,-8.2781,8.0674,15.221,4.4049,-4.9805,-14.97,-11.153,-4.6491,-22.323,-20.684,5.3463,1.5295,-2.0138,23.488,31.881,17.193,-0.036896,-6.3935,16.063,23.513,-10.183,-20.335,-7.6819,-18.66,-14.874,8.1874,-2.8851,-22.013,-10.465,3.444,3.4862,1.1353,2.14,9.8617,14.566,7.962,4.7316,10.053,10.778,5.9657,0.080515,-8.6323,-11.985,-6.0748,-5.9105,-10.682,-6.3512,-0.41664,1.1439,1.686,-3.9207,-5.4512,2.2616,3.4341,13.817,32.43,12.012,-21.188,-11.086,3.6838,-6.9327,-9.9413,-1.554,4.3281,2.2143,-8.3388,-5.752,3.8686,0.71039,5.9144,6.8556,-15.657,-10.958,17.491,13.323,0.2535,1.9496,-3.02,-3.3358,2.2035,-2.7865,-5.7136,-4.8607,-2.5002,4.6726,0.65267,-2.1166,9.1579,3.779,-3.4578,15.34,18.228,-4.9512,-12.836,-7.272,-5.7846,-5.9375,-6.6619,-7.1037,-7.8414,-5.3918,1.342,2.5245,3.4488,4.4852,-1.2515,6.6151,15.326,-0.45722,-0.46481,11.255,-4.8289,-1.46,17.952,-4.5146,-10.952,17.029,3.5056,-17.006,-2.7631,-3.9731,-9.5898,4.1094,3.6997,-6.5558,-13.065,-15.16,3.3792,16.687,3.3863,-4.996,-7.0588,-8.0887,7.2558,14.825,3.8781,-0.10956,-0.87022,-2.8708,0.1873,0.85009,5.3759,12.798,10.322,7.9265,1.2586,-13.86,-7.1772,13.246,10.993,-4.1433,-13.723,-18.594,-18.412,-14.034,-3.6716,3.3716,-3.3933,-1.1868,14.335,13.997,4.8219,5.148,3.0217,-6.7318,-12.245,-2.2799,12.209,10.649,9.5808,12.461,-5.7806,-10.832,13.275,9.901,-7.0509,-3.3837,-16.252,-22.803,8.0973,14.599,-2.7418,0.34686,-7.9446,-20.768,-3.5699,7.9751,7.9431,15.185,4.8987,-7.3602,2.5776,2.5699,-4.88,-0.27617,-5.9357,-14.364,-6.955,-4.0182,-2.5524,10.664,16.167,12.288,10.766,6.083,5.9601,12.014,5.4258,-2.5181,1.1525,-5.0039,-15.061,-8.945,-7.086,-11.494,-3.2941,-5.0727,-19.947,-16.332,-9.0567,-10.874,1.1856,12.34,12.334,25.044,30.747,14.787,9.0944,6.2893,-7.9423,-5.897,5.9412,2.4525,-4.4961,-5.064,-1.3934,-1.2338,-13.215,-14.988,-2.8035,-10.515,-21.502,-6.3259,9.409,13.841,11.265,-3.6135,-3.906,14.193,12.654,0.94309,-3.6895,-10.91,-2.4131,10.007,-3.9143,-0.48499,23.618,5.3426,-20.117,-3.4469,3.7935,-9.7817,-6.4818,0.16621,5.3921,16.48,9.3672,-5.7642,-3.8134,-3.0184,-10.294,-12.014,-5.7531,6.2233,4.3201,-10.91,-3.5848,8.6129,-2.575,1.5488,18.709,9.4987,1.9489,6.2646,-3.4196,-0.42928,11.913,-6.9048,-21.448,-5.7074,-1.0245,-8.0941,-5.0789,-0.42384,5.9473,8.6352,0.87571,-1.2464,-5.5857,-14.129,6.814,32.117,15.721,-2.4003,3.8653,-4.5045,-15.454,1.06,4.4069,-20.327,-20.686,5.8477,13.71,5.5618,1.7248,-2.9759,-2.6637,1.5791,-7.9613,-12.102,3.9027,8.8171,2.391,8.0702,10.632,3.6996,-1.3409,-9.4485,-7.841,8.0975,8.1363,-1.5559,-1.4318,-7.7855,-8.2927,11.378,14.131,-0.48215,-0.29133,-2.5277,-16.162,-17.189,-8.3619,1.5313,9.6922,4.5685,-2.4399,0.42553,4.124,14.988,19.587,-6.1794,-18.787,4.6953,8.5324,-8.6932,-8.5083,-5.9141,1.9297,20.808,6.2421,-20.856,-6.387,4.8671,-11.34,-1.6207,19.683,8.2239,-9.143,-6.6082,4.9483,10.38,-0.69736,-6.1626,10.646,12.451,-9.3848,-16.836,-12.982,-10.559,4.6438,11.954,-5.5276,-6.7486,13.466,10.369,-6.327,-6.526,-4.4533,1.6672,17.337,8.3595,-12.5,-1.6831,8.1488,-7.1307,-6.0886,10.201,13.552,6.9233,-9.3101,-11.756,14.377,11.373,-23.785,-19.459,6.2059,1.3293,-7.8734,-0.41663,5.5738,-4.181,-19.701,-5.7714,17.949,-0.35902,-15.103,14.208,27.73,12.34,4.4957,-0.43544,3.442,13.194,3.5011,-4.1238,-4.7747,-19.32,-17.524,-2.6362,-8.1461,-4.911,5.0425,-4.8131,-0.45583,5.6637,-10.047,3.9654,19.463,-10.367,-5.4559,27.11,-1.3471,-21.302,16.364,21.223,-3.1624,-3.0568,-10.568,-20.031,-6.0434,0.18633,9.6587,31.609,10.594,-32.262,-25.643,1.5908,5.6982,9.9307,17.403,9.1472,-0.51914,-1.0787,-3.7511,-4.5106,1.7418,-2.2851,-15.446,-11.845,2.6292,6.2251,4.9398,-0.8952,-11.62,-2.6927,14.313,4.3826,-11.386,-7.1121,0.46608,3.3997,6.1468,10.043,12.702,2.3935,-1.7682,19.361,20.066,-8.954,-13.8,-6.4652,-16.772,-19.495,-12.561,-2.8338,11.805,4.0315,-8.347,7.0463,7.0408,-5.8183,11.991,15.433,-6.2003,-0.49444,0.98982,-18.322,-7.7236,4.3359,-12.896,-5.704,21.459,13.553,-11.632,-11.067,14.783,34.522,18.056,-13.676,-15.556,-0.28532,1.0685,3.0653,9.1417,-2.0434,-15.081,-13.527,-11.125,-2.1558,7.8555,-5.2676,-13.907,-7.4675,-16.93,-9.3943,16.935,0.39376,-5.6826,34.784,22.417,-13.907,16.361,29.674,-3.2671,0.67279,9.0385,-8.7002,-7.033,-8.9791,-17.22,7.095,11.312,-25.598,-28.393,2.8504,8.6317,-4.1775,-3.506,4.1523,6.0908,11.329,14.189,-0.77366,-10.26,-2.55,-2.133,-1.0548,4.7461,-4.5379,-6.99,-0.54306,-11.088,-4.7017,21.341,17.439,4.1989,2.5017,-8.4465,-5.6762,10.392,6.6031,4.5342,7.9756,-5.2,-10.227,-2.0191,1.622,8.4135,6.9738,-3.1074,-0.86906,-8.8811,-27.174,-19.097,-7.8419,-17.62,-20.199,-6.9091,10.451,18.868,8.0237,1.6268,13.433,23.514,28.074,21.559,6.2959,16.437,31.337,6.6475,-17.038,-11.514,-15.854,-26.375,-22.51,-25.111,-28.014,-13.245,-4.1069,-5.1582,4.3143,10.695,3.1163,6.0062,19.713,16.28,-1.0841,-5.9486,6.7666,16.876,6.5792,-5.7781,5.9335,13.998,-6.0126,-11.872,7.2691,3.6082,-11.196,0.35295,5.5715,-10.284,-5.2728,10.038,-0.76443,-10.659,-2.2232,-5.4894,-10.149,9.985,22.737,3.7912,-20.328,-29.753,-18.03,7.1377,8.6928,-12.105,-9.8693,10.931,20.872,24.796,19.52,4.5806,4.4208,9.0519,0.25319,0.32524,5.0887,-9.4123,-17.024,-1.0383,3.6122,-16.272,-29.958,-13.321,14.559,14.152,-6.0839,-7.5842,2.573,4.2469,6.3163,10.936,14.168,10.707,-9.9643,-20.848,-0.16134,8.6932,-8.6886,-14.044,-8.6026,-2.3981,10.696,11.713,6.2176,10.998,0.75278,-7.0741,15.415,11.344,-17.471,4.0093,30.571,-1.8881,-27.052,-8.9447,3.8623,0.70007,-8.9791,-23.142,-18.477,3.0497,13.545,11.824,2.1192,-10.692,-6.973,4.2706,2.3996,4.6153,11.862,-1.6945,-11.179,11.143,22.211,1.9827,-4.179,9.2122,7.5648,-4.384,-9.2872,-8.8236,-1.0261,6.1066,-1.1232,-7.4121,-2.8775,-6.5256,-11.422,2.3754,7.7909,-10.796,-13.06,6.0413,9.4106,3.4797,0.59784,-11.158,-9.0482,15.245,19.341,6.7957,9.0532,6.813,-7.1727,-6.7832,1.9512,-1.3895,-12.104,-12.927,-1.5453,2.5068,1.1603,10.684,9.8301,-3.1686,3.736,6.6891,-13.763,-11.254,10.448,4.5979,-11.08,-8.5832,-0.83024,3.0516,2.0758,0.34862,5.0333,2.2862,-13.657,-17.104,0.81024,15.413,12.801,7.7063,10.018,6.9115,-6.074,-13.045,-3.5613,13.602,13.459,-9.8891,-18.812,1.5632,11.407,-2.4053,-7.6044,3.0875,5.0442,-8.3541,-17.859,-14.337,-4.3702,8.5396,11.993,2.5103,5.1076,12.427,0.73108,-2.3758,7.3719,-0.85726,-3.527,7.4337,-0.71984,-4.6772,7.1082,0.23213,-6.4761,0.59841,-6.4249,-10.861,-4.6148,-9.9217,-4.5516,12.738,8.2023,0.59743,6.7232,7.8925,7.1987,4.5306,-3.5144,-0.56579,0.011003,-15.698,-17.341,-1.3428,2.6854,-4.4643,-7.8691,-2.3897,11.972,21.344,17.213,12.522,9.3523,-4.3821,-16.334,-9.4973,-5.8165,-16.35,-10.805,3.1083,-4.7885,-5.4606,12.939,10.068,-0.12389,8.8828,4.2802,-7.9182,6.6943,14.103,-4.442,-7.3364,4.8632,3.2969,-2.4751,-6.0581,-15.38,-17.674,-4.9339,8.245,10.808,5.1996,1.6191,4.3149,6.4179,8.7313,11.102,1.3928,-11.184,-8.5002,-2.8416,-2.4149,0.30879,-4.5694,-15.032,-9.425,5.7384,9.4618,0.85442,-4.2111,6.8901,14.779,1.939,-6.4467,-0.7612,3.5817,9.7864,6.552,-9.9981,-5.7182,10.029,5.5878,-5.3298,-16.27,-17.075,6.4293,9.169,-11.736,-0.75315,13.795,5.5791,8.8062,0.56831,-18.626,-4.4463,0.83147,-11.791,9.898,16.691,-13.915,-12.123,3.1955,-3.7718,4.621,20.259,18.996,13.256,-1.9031,-15.137,-10.039,-5.92,0.39448,12.606,9.7759,2.2545,-6.0438,-20.333,-10.588,7.6398,-4.9804,-11.988,4.8533,4.6641,-10.086,-14.564,-11.939,-6.4539,-2.6393,-0.42668,11.096,29.835,39.887,24.798,-5.5987,-11.94,8.4474,20.877,18.086,6.0236,-14.683,-31.469,-32.097,-14.348,-1.8699,-19.639,-27.959,-1.1066,7.3936,-4.9359,5.8715,12.074,-3.4785,-4.5318,6.1832,13.294,19.389,12.983,2.0391,7.0584,17.77,18.651,7.7057,-1.4162,3.8185,4.4132,-5.6186,-12.154,-24.649,-26.726,-3.6682,-4.2493,-21.408,-6.4986,-3.063,-22.681,-5.451,18.138,9.195,8.2725,16.008,13.7,12.816,3.5857,-2.1655,12.785,11.327,-5.2548,-4.1965,-4.6411,-3.5376,14.304,9.9962,-11.067,-6.7455,-3.7548,-19.455,-15.973,5.0161,11.609,5.1103,-1.6579,-7.745,-9.9397,-4.4736,-2.2035,-6.2516,2.501,13.487,-0.58661,-11.542,3.7093,11.463,7.1023,9.0714,3.5053,-2.8421,3.6122,1.5658,0.11213,14.886,11.313,-6.7738,-0.87933,4.1177,-11.767,-14.798,-5.2253,-3.8648,-3.3886,-6.1619,-10.171,-2.6742,-4.7068,-15.305,0.51718,15.811,1.5116,-0.33049,14.544,14.324,14.68,11.117,-10.352,-6.0375,19.149,9.4072,-11.997,-9.1547,-5.5283,-6.0034,-2.3903,-3.2122,-0.9986,1.7163,-8.446,-13.329,-1.4886,8.0028,3.0644,-9.7412,-8.9384,11.316,19.261,6.1862,1.6765,5.3899,-2.0251,-9.6018,-4.9547,0.86802,1.9273,2.6809,-0.83603,-5.7265,0.60975,6.619,1.9183,4.7576,7.4944,-5.4048,-6.2261,2.8225,-8.4669,-14.948,-2.2428,3.1104,6.9416,9.241,-1.9297,-1.8092,1.3148,-14.799,-10.508,14.922,13.895,2.2094,3.1208,3.8933,6.2369,-0.79014,-19.314,-11.678,11.283,9.3487,1.7019,6.8758,4.384,-10.402,-21.326,-11.617,11.672,12.395,-7.637,-5.8695,13.066,10.089,-10.282,-17.465,-8.6565,2.2576,12.152,18.228,13.821,5.44,2.2745,-0.21498,-6.9388,-13.638,-12.43,-3.5248,0.5651,-2.9403,-3.5399,0.79713,7.9109,12.466,4.2348,-7.1342,-4.4118,7.6476,14.402,1.0683,-24.297,-21.755,6.129,10.36,-7.2113,-9.8694,1.933,11.919,14.52,11.107,7.0573,0.63427,-5.6232,-2.2144,5.1079,9.3125,7.8665,-8.199,-26.702,-25.527,-12.082,1.8968,13.418,11.277,-0.89551,-4.5012,0.15752,3.1533,7.138,12.931,7.5713,-6.1372,-2.9599,11.636,9.5385,-0.80551,-4.4146,-9.3824,-12.421,-8.9797,-2.9345,4.8843,-0.69114,-15.882,-8.9313,8.9233,13.263,14.216,7.8133,-4.2092,0.19122,7.1078,5.7885,7.5562,-0.98361,-12.617,-7.4544,-8.1371,-14.067,-5.2521,-2.5399,-5.9166,4.656,14.339,14.039,5.2136,-7.7994,-1.9537,10.182,4.7037,5.7669,8.5772,-9.115,-12.396,4.1197,2.4012,-8.6676,-13.332,-15.317,-5.2693,3.6643,-1.8916,5.8126,22.283,10.083,-7.1702,8.0574,16.505,-9.462,-15.839,7.9895,8.312,0.010174,9.8013,-1.7284,-21.853,-10.722,-4.4764,-12.879,-5.1034,0.58481,0.759,10.36,7.2128,0.081881,10.216,11.678,0.37947,-3.3235,-0.78728,5.0067,2.4223,-10.477,-7.6241,7.367,13.966,8.3483,-12.457,-19.789,1.2773,6.977,2.4503,9.9157,-5.7502,-15.467,11.163,-0.099021,-30.736,-0.91653,20.862,-7.2871,-9.6842,7.9618,5.0066,3.8541,3.0055,-4.1045,-2.4579,-2.6486,1.3552,20.589,25.314,11.639,-0.56257,-13.835,-15.743,-1.5048,4.0206,1.939,-3.3165,-17.24,-12.382,8.7684,2.2031,-13.303,-0.45756,10.503,-4.7191,-21.897,-19.282,1.9263,19.006,15.036,3.7923,-2.4436,1.9823,20.717,24.983,4.5837,0.10101,8.1883,-5.4049,-16.772,-6.9994,-0.92918,-2.4363,-2.9,1.2158,9.6828,-2.4808,-23.467,-6.82,10.549,-11.388,-14.7,6.4277,-5.1733,-19.825,-2.1049,10.953,9.3195,5.656,-0.069495,10.021,21.863,5.0643,-2.4537,15.863,9.3905,-10.841,-1.6444,9.3123,2.4987,-0.57349,-2.809,-3.5086,4.0931,-0.83067,-9.8029,-3.207,-10.49,-28.285,-18.072,-4.6205,-10.995,-10.529,-5.0657,-0.30612,15.507,19.359,8.0245,11.764,15.814,6.4844,7.4784,16.296,20.045,18.668,4.7441,-9.8393,-9.7888,-6.8671,-4.5547,-7.0024,-21.673,-23.021,-7.6393,-8.7669,-14.318,-0.57947,9.0411,2.8146,-1.931,-5.8861,-17.595,-18.035,11.978,38.096,24.845,8.0707,11.94,7.6292,3.2965,10.479,-0.68651,-12.002,3.5397,3.7238,-15.809,-8.4465,6.206,-6.4708,-15.897,-4.582,-2.1058,-8.8595,0.56321,7.3957,-9.8559,-12.53,12.641,14.081,-8.6457,-7.6815,6.2219,5.6349,5.2598,6.8476,-2.1708,-6.4159,3.0112,8.8549,6.4358,3.0245,-1.1128,0.83232,8.67,4.2166,-4.8478,0.83946,2.1657,-7.5096,-3.2781,1.7922,-10.832,-15.543,-8.9027,-13.429,-14.372,2.1565,7.1823,-4.0106,11.493,40.581,19.67,-14.805,4.855,21.916,-0.22244,-9.9099,-18.594,-27.018,5.377,15.337,-16.248,-9.3937,-1.2236,-14.191,21.617,39.092,-4.057,-5.9943,5.233,-18.348,-1.3083,19.042,-6.0389,-4.7609,-2.5453,-26.809,-4.7277,18.557,-7.3854,-4.7238,16.626,0.40203,-11.352,1.8587,13.948,11.476,-4.1538,-2.7031,5.9281,-8.0762,-1.9276,14.589,-12.185,-19.417,13.393,4.5946,-16.217,2.9738,8.5468,-5.6738,2.9518,16.196,5.6868,-11.066,1.7746,23.209,-0.6805,-26.113,-2.9877,5.7642,-14.263,-14.734,-12.645,-5.4379,15.126,0.76949,-14.548,12.659,16.391,1.9327,16.387,14.022,8.2915,26.654,-0.4466,-34.106,2.18,16.233,-19.278,-14.195,-0.36861,-18.133,-18.017,-11.87,-12.902,11.878,24.924,2.2516,-4.1678,7.4672,11.378,17.807,13.672,-9.8673,-17.597,-2.997,3.8227,-1.2487,-4.4893,-8.0488,-8.2169,9.4438,19.637,-2.7801,-10.166,11.755,3.3016,-13.243,13.77,27.365,3.3936,-0.6566,2.4107,-22.942,-44.117,-32.684,-2.0823,11.894,-0.51652,1.4149,10.616,-10.212,-11.307,30.945,43.741,16.81,1.1178,-0.048516,-3.0565,-10.448,-4.8344,20.671,16.655,-23.291,-30.959,-6.4614,4.5695,1.9578,-12.022,-20.447,-1.5952,9.6139,2.0207,5.5994,7.7528,0.41302,-4.0548,-9.2817,0.33485,14.721,1.7356,-1.943,11.684,-2.1181,-5.9902,16.031,3.997,-14.062,1.3082,4.4169,-2.1799,6.3872,5.4246,0.917,2.0586,-6.5539,-7.6299,-0.76152,-4.5131,-4.8387,-8.9442,-19.168,-2.9711,12.652,-1.4335,-1.8217,9.2408,-0.1679,-0.2413,13.275,12.239,9.4195,5.7634,-4.4158,3.2753,11.139,-9.0835,-21.713,-13.56,-13.664,-8.2222,12.125,11.986,-4.5959,-1.5519,12.014,14.1,11.31,4.8431,-9.9606,-17.184,-8.7571,-3.0079,-5.0936,1.0305,12.207,10.621,0.055252,-4.8841,-1.3327,6.0496,6.6077,-0.3109,1.7265,2.5859,-17.056,-25.465,-7.426,-3.7374,-7.8968,8.2595,12.034,5.3554,22.813,24.293,-1.5919,-0.8987,2.7555,-16.837,-8.6538,10.899,-2.281,-6.8626,3.1164,-6.406,-6.9423,6.5252,4.1502,1.2031,-3.2387,-13.626,3.846,18.45,-6.0966,-7.6213,15.406,-6.0407,-29.063,-3.947,5.9267,-16.774,-17.866,-2.3883,3.5485,11.523,21.245,24.055,27.139,22.128,2.0827,-4.8903,8.4338,7.2114,-9.9242,-13.864,-10.682,-13.922,-12.356,-6.4434,-8.9517,-13.436,-2.3671,12.391,-3.5371,-26.493,-8.2892,6.8948,-14.23,-7.2763,19.153,5.8169,0.88174,21.955,12.644,5.6015,27.906,25.399,10.281,19.345,22.186,6.039,-13.477,-27.361,-26.006,-23.985,-26.27,-16.1,-14.954,-27.571,-15.875,7.445,8.5176,3.0903,12.998,23.917,7.3258,-10.573,16.413,33.397,-1.8416,-11.48,11.292,2.7489,-2.7644,12.405,5.1012,-2.5359,3.6785,-3.4086,-5.5562,3.6484,-2.4289,-15.565,-11.465,8.3205,5.3643,-26.806,-24.315,3.788,-2.9815,-2.5686,14.957,-2.4734,-1.9004,27.088,4.5425,-20.145,6.6632,14.345,-4.0752,-5.9595,-0.30037,5.3379,-3.5949,-15.992,9.1171,26.936,8.5908,17.357,29.688,-7.8363,-34.694,-21.847,-11.901,-6.9111,0.23606,3.6111,9.6061,9.9888,-4.9926,-18.532,-7.1047,19.217,12.579,-24.065,-26.239,2.6351,7.0004,-6.7251,-10.347,-7.3669,2.3732,20.176,28.767,22.142,20.383,21.918,3.8848,-9.2312,1.1483,-9.1888,-28.06,-6.3783,10.496,-5.6954,-10.268,-10.14,-14.21,-0.28238,1.6254,-12.836,-4.609,5.2426,-0.95865,-1.9361,-5.377,-11.564,-5.1685,7.3842,18.515,12.577,-5.3443,5.0997,27.023,23.837,17.09,6.3512,-12.646,-1.2295,20.4,7.6305,-12.384,-15.788,-12.462,-8.9929,-16.012,-26.18,-26.494,-22.88,-11.597,-6.2295,-17.034,1.699,39.089,28.893,8.4306,26.063,32.69,14.114,1.3118,-7.8641,-2.9184,14.245,3.2226,-22.335,-22.869,-13.155,-3.8342,11.142,10.088,-2.9847,3.1068,7.7103,-12.699,-20.51,-3.3524,-0.047246,-8.1526,-3.3583,-4.1054,-15.003,-4.6926,20.461,22.5,1.4487,-11.975,-8.0135,-0.22236,5.4522,12.138,16.807,18.556,21.191,17.019,-2.2984,-19.535,-13.641,-1.4001,-7.3109,-17.36,-17.211,-11.842,4.0358,16.247,9.0405,12.844,10.464,-38.814,-52.966,7.7755,26.214,-5.2773,5.9214,15.939,-9.6465,-2.3568,21.884,15.489,7.8848,4.9455,-6.292,-8.8657,-2.5202,10.339,20.228,1.7887,-15.636,-3.8553,0.58075,-0.69654,12.854,7.4699,-11.626,-12.958,-15.127,-13.755,-4.2477,-22.767,-37.114,-11.47,3.3104,13.149,44.984,38.233,4.1052,3.2813,-0.15811,-3.4142,19.23,5.9482,-13.745,17.421,10.639,-22.513,8.8135,14.67,-29.913,-14.623,5.4753,-27.109,-29.519,-11.68,-4.6211,27.449,33.998,-4.3023,-11.061,0.47183,-5.3725,-1.0979,5.8055,8.099,12.173,-3.3079,-12.948,7.9127,17.228,11.959,11.045,-5.2035,-18.379,-5.0051,3.4399,-3.1823,-8.3326,-13.292,-12.935,-0.50659,12.076,12.248,4.1206,2.6984,5.8057,0.60497,-6.6888,-7.989,-0.91255,11.419,5.8666,-14.829,-18.115,-8.8926,0.34784,13.248,9.5396,-6.7942,-3.5178,7.4935,10.176,12.521,10.175,8.2835,6.7789,-10.162,-18.362,-2.2796,2.9244,-7.2152,-10.178,-8.1485,-5.7432,-6.3554,-8.4983,-0.95812,10.492,20.355,24.329,8.3508,-3.7014,3.9996,-6.5682,-22.976,-7.3242,4.0861,-7.3209,-8.7257,3.2793,18.089,18.337,-4.434,-8.6383,8.0189,2.2065,-6.7843,-4.4527,-12.593,-8.174,2.9294,-11.967,-8.9992,19.82,16.08,2.8344,12.635,4.6935,-15.656,-6.8117,10.523,4.9568,-3.5629,9.7754,17.594,-6.4846,-20.603,-7.0481,-8.7378,-13.136,0.2552,-9.1987,-22.756,1.5611,18.315,11.553,17.176,17.615,3.0733,-3.2563,-6.948,-6.2154,2.2612,3.8279,13.076,20.311,-8.8896,-27.345,-0.40081,9.3674,-11.164,-13.371,-2.8471,0.83646,5.5477,7.9654,0.84761,-11.955,-15.923,0.10076,13.051,3.3849,-4.0304,5.1697,11.294,6.4326,0.79921,-0.39434,-0.36186,-0.13434,2.8347,3.093,-3.2287,-8.959,-9.7794,-1.6827,12.036,11.044,-2.5057,-4.9165,0.49733,0.05751,-4.0174,-4.479,3.4213,5.6738,-6.8001,-12.478,-13.348,-18.274,2.2215,28.045,9.9727,-10.048,6.7779,18.889,13.156,6.1146,-3.9923,-2.5907,8.3903,0.62122,-15.952,-19.348,-11.505,-0.28103,-3.5586,-15.615,-1.7309,20.297,10.285,-5.1442,4.7003,12.719,2.7752,-1.5195,5.048,2.353,-6.6975,-3.8368,2.0726,-4.5733,-9.6821,-0.08166,3.4741,-9.7421,-6.9552,16.213,13.716,-5.1907,2.1043,5.5951,-10.862,-6.143,4.1401,-0.91821,6.1988,1.891,-21.285,-6.3761,17.963,2.5285,-3.5042,8.3077,1.2974,1.0194,8.4217,-4.2394,-8.3606,6.9421,9.4859,-4.4565,-15.008,-5.7043,6.8779,-6.9382,-12.287,14.353,14.05,-15.895,-15.294,1.7649,3.0478,5.8132,11.293,9.1673,6.7027,5.0787,1.625,-6.2635,-13.727,-7.0034,-1.0386,-6.1532,5.7108,18.76,-1.0199,-11.446,6.2529,4.6422,-5.1819,2.5267,-2.0284,-4.0304,15.468,-0.46858,-38.055,-15.69,26.452,14.245,-8.9866,-2.4662,1.939,-7.5773,-10.306,4.1242,20,10.537,-6.9249,0.47376,5.2201,-11.205,-4.961,24.291,20.545,-11.823,-17.713,4.4286,11.91,-0.00011299,-4.9824,-1.8939,-3.2525,-10.034,-17.523,-13.053,2.0186,5.8114,2.0121,1.3936,-5.1859,-5.8653,0.8852,-6.9933,-6.1399,8.0328,-4.8361,-8.3882,26.016,30.89,12.364,27.133,34.838,11.912,-4.6252,-10.296,-3.4696,-0.16974,-27.505,-39.137,-25.732,-41.425,-45.875,-11.022,1.0307,6.4082,29.554,20.595,6.1297,21.142,19.167,11.288,19.854,5.6686,-7.6157,11.569,14.764,-0.59447,4.9005,11.337,2.3211,1.771,6.6436,-7.4844,-28.147,-28.524,-23.726,-26.095,-13.517,0.14073,-4.9187,-1.536,2.715,-8.2225,0.78725,14.007,-0.39758,2.1214,23.871,19.521,7.3571,9.3088,20.347,34.831,21.655,-7.5878,-4.684,2.3373,-12.712,-14.426,-5.2747,-5.5546,-8.5346,-14.841,-19.128,-23.187,-35.109,-31.664,-18.565,-16.087,7.5187,38.979,32.764,24.436,31.479,19.979,9.3082,13.538,9.5119,5.963,7.28,1.2598,-5.5506,-12.386,-19.05,-22.75,-24.548,-8.3996,9.2207,-5.9204,-17.421,-3.9324,1.5711,12.832,27.617,9.8636,-5.5983,-7.3209,-31.262,-33.743,-0.80606,2.4609,-3.1188,22.451,35.247,24.658,20.488,21.838,22.776,13.484,-1.3885,3.8465,4.2127,-26.472,-46.688,-41.554,-37.448,-32.546,-26.187,-17.044,10.083,33.752,35.146,30.471,15.344,-0.1169,12.3,17.784,-1.9508,3.95,27.478,22.597,5.7309,-4.6487,-10.731,-11.665,-27.03,-41.565,-22.858,-15.019,-27.744,-3.2793,20.231,2.0649,8.8956,30.592,5.2617,-10.355,16.492,21.155,3.0151,1.3287,3.359,1.0775,1.3646,-2.6387,-5.779,2.6811,15.45,15.379,-0.71427,-9.5702,-6.057,-17.77,-32.912,-18.656,-4.1477,-16.625,-16.787,6.5309,11.946,4.7978,16.37,26.512,18.421,14.475,15.557,9.6452,3.5679,-4.8149,-12.264,-5.7833,-3.1536,-12.63,-12.834,-9.9147,-8.1239,4.6329,0.87175,-20.73,-10.885,10.91,4.1924,6.2999,24.162,15.107,0.87654,9.1115,7.6772,-8.8129,-15.88,-20.323,-23.891,-8.3088,15.659,18.833,3.953,0.43877,9.6814,2.81,-9.6001,4.7618,17.561,3.0862,0.52503,8.6281,-12.273,-29.502,-13.775,-6.0546,-10.361,5.9641,28.271,28.776,6.8126,-16.395,-13.805,1.6784,1.8033,-1.8348,-1.0382,-7.171,-13.913,-14.194,-3.2661,18.874,23.308,6.3214,0.62683,-0.42424,-10.034,-7.055,3.4664,3.5383,1.5132,-1.952,-3.8851,8.4005,15.611,3.139,-2.8438,1.6631,-7.7743,-17.406,-2.5974,11.177,1.2612,-6.714,-4.159,-10.386,-13.115,0.4543,6.128,-5.0297,-9.0423,4.7717,15.693,11.394,11.486,11.263,-11.214,-17.69,11.328,17.985,-0.70528,-0.17942,7.3791,7.8525,-1.1931,-21.462,-9.1607,21.805,0.61886,-26.534,-6.5453,2.6099,-4.6212,0.065404,-13.603,-23.417,4.6331,20.799,5.2063,-3.1934,7.4478,16.449,3.6775,-11.158,-2.3699,4.6357,1.3531,4.5455,1.1821,2.941,19.123,11.421,-6.5517,-3.1901,-5.581,-11.048,-2.3767,1.9706,7.4636,6.3942,-18.891,-23.619,1.1611,3.9434,-12.786,-19.548,-7.4683,12.692,11.025,5.4398,15.278,-1.0238,-16.496,14.604,28.986,14.532,17.826,2.8818,-27.412,-24.368,-16.298,-7.5046,17.961,16.745,0.34568,5.8115,3.0916,-4.4925,4.904,2.9858,-11.096,-15.875,-12.292,-1.5728,2.9204,-1.7165,-2.0585,-9.1721,-8.6265,16.075,16.718,-6.1895,-2.6151,0.29266,-12.921,-1.4306,17.8,14.213,5.8943,2.4959,0.18334,-1.7553,2.8121,17.537,12.397,-10.188,-4.8608,-2.4148,-28.135,-14.934,20.478,1.0438,-24.794,-6.7117,3.8748,-4.488,2.2946,12.841,7.9229,-0.30242,2.9099,7.1215,-4.4628,-14.808,-5.8527,2.9952,2.5198,4.3375,1.9607,-7.1298,-4.4842,11.947,20.848,12.254,-2.1711,-12.421,-14.315,-2.4245,12.78,17.285,16.774,7.6273,-13.374,-18.126,-3.9586,-1.7273,-2.9531,7.6341,1.2215,-27.098,-32.768,-5.7941,7.0734,-8.6192,-11.106,4.2785,3.9231,0.34505,10.909,13.434,9.0212,11.719,14.568,22.089,27.096,12.368,2.4918,7.3928,1.7347,-2.5942,3.8682,-3.9905,-18.13,-23.22,-34.721,-42.521,-27.069,-13.05,-19.109,-16.11,10.857,25.577,14.169,12.022,22.044,19.921,16.19,17.61,16.052,16.543,8.4393,-3.8099,5.3077,5.1454,-17.105,-11.31,1.1053,-15.531,-12.561,0.043288,-19.99,-18.228,9.4107,-2.2877,-15.625,6.7,5.9922,-16.232,-7.3587,8.7825,-0.33441,-9.658,-2.1148,9.5982,19.424,28.927,28.961,13.215,-0.86974,-0.74611,-4.1552,-16.473,-14.898,-2.0328,-1.6746,-7.2832,-7.4097,-10.831,-9.9205,0.78551,4.995,11.799,22.473,5.0051,-14.138,3.9848,9.5471,-16.544,-18.854,-0.43735,5.3555,4.7531,-1.1861,-5.9942,-1.7812,-5.883,-5.6969,9.3149,6.0354,-4.0889,7.2994,17.03,16.62,5.5141,-14.98,-0.93939,22.244,-8.575,-25.173,10.356,10.287,-13.092,0.26072,6.0486,-3.4168,-1.3484,-19.782,-36.277,-8.7663,14.314,9.981,7.2644,1.0945,-1.713,13.797,18.675,4.7348,1.5833,9.3545,2.3996,-13.869,-4.7479,11.156,-14.573,-31.967,5.9043,18.628,-8.3689,4.3982,21.131,2.6669,9.1881,13.521,-25.094,-28.448,5.8882,8.2569,3.6727,2.1885,-20.077,-15.272,13.561,3.0539,-15.345,-1.4922,8.9563,6.7845,7.6685,6.7513,7.0508,5.9773,-1.3765,0.76206,9.0208,3.518,-7.6132,-7.336,-2.3656,-7.9588,-10.676,8.9512,18.779,-2.6915,-11.279,-1.5998,-9.9824,-13.753,2.4317,6.1419,3.5821,4.2029,-9.8727,-9.2356,22.997,27.495,-9.0826,-21.147,4.2013,13.319,-5.111,-12.507,-0.6485,7.9274
-1.417,-4.8781,4.1659,3.7473,-6.1882,-5.6076,-3.5,-1.604,3.2702,-2.3168,-7.8768,0.35904,6.5958,6.487,5.4516,-1.1788,-5.7396,-2.8527,-1.9606,-1.1599,3.1165,4.6605,4.9206,6.0188,5.0424,5.7572,8.1322,4.332,-2.6138,-5.2901,-8.4097,-12.466,-7.9946,-1.151,-4.3674,-9.9862,-10.449,-8.8463,-1.698,6.9591,5.0331,-0.40682,2.3589,10.72,18.308,17.089,8.4987,7.2319,10.924,5.3433,-4.0271,-7.1425,-9.6138,-15.748,-17.157,-10.851,-7.5945,-6.5238,2.0305,6.1352,0.18279,2.6265,8.1378,1.2739,-2.2646,3.9621,4.3585,0.0073175,-1.8624,-2.0831,-0.011055,1.0988,0.037653,2.4188,7.6099,10.605,7.3299,-0.90319,-4.788,-3.6648,-2.7541,-0.88053,-2.371,-6.18,-2.9002,-1.9728,-7.3545,-4.0553,0.46347,-2.3338,1.8607,6.296,-0.097883,0.28762,7.8691,4.5519,-1.5705,1.39,3.3614,-1.2286,-3.1257,-1.0555,-3.8665,-6.7936,-0.3706,4.9092,2.0891,1.9772,4.6604,3.8028,3.2567,3.2349,0.81291,-2.7482,-6.0375,-4.5787,0.96242,1.2694,-3.2793,-5.3209,-4.4301,-4.5594,-8.1513,-8.3454,0.096636,6.1055,6.8124,10.492,10.629,6.142,6.8577,4.8174,-2.295,-0.83473,2.6829,-0.04164,1.5563,2.4907,-8.2034,-16.427,-13.448,-10.699,-8.0356,-0.32691,2.5701,1.2623,8.029,13.579,8.4296,6.5,8.544,2.7511,-4.0525,-7.1969,-10.424,-7.857,-1.453,2.4871,8.9933,12.306,4.0125,-4.7651,-6.441,-4.0082,0.53379,1.5162,-0.79994,-0.099298,0.56246,0.059614,2.3619,3.1439,-1.0156,-5.7562,-7.9634,-9.4586,-10.628,-4.7406,5.5752,5.6702,-0.29356,1.0781,6.4206,11.828,13.305,7.0442,5.0054,5.1031,-4.5155,-6.7602,2.3005,2.8314,-0.68977,-6.4867,-17.476,-12.711,0.16193,0.87451,7.1661,10.972,-5.4678,-8.5254,2.2517,-5.8686,-9.993,0.27959,-4.7213,-9.2126,5.5437,13.313,10.094,12.703,14.501,9.1036,2.6302,-2.0533,-3.901,-3.6861,-4.7333,-6.3676,-5.6489,-3.4248,-1.4295,0.038564,-2.5795,-7.1276,-3.3774,2.1204,-0.94051,1.0094,8.8279,5.166,-0.66313,0.5751,-3.3713,-6.7018,-1.6116,0.40487,-0.85504,-1.0171,-1.9948,0.76299,3.765,2.5734,3.4873,0.56037,-6.5445,-2.3552,6.2784,8.627,11.585,10.077,2.9737,2.997,3.0245,-4.4559,-9.4214,-10.958,-10.431,-5.1374,-2.1942,-4.535,-6.6018,-6.0658,-2.589,-0.29436,-0.6577,1.7109,4.4888,5.5252,6.6824,3.1185,-0.52263,1.7069,1.3301,4.2799,13.805,8.866,-2.912,0.39822,3.8007,-0.42899,-2.6429,-8.0069,-7.8872,3.6342,2.903,-6.4872,-2.4838,2.7522,-0.24963,-2.2031,-3.7561,-4.3627,-2.6364,-2.8116,-2.5807,-4.515,-9.7214,-6.7798,-0.13279,1.2147,5.3208,7.9143,3.4729,6.4822,14.974,13.146,3.6807,-4.0605,-3.9127,3.2603,5.219,0.13818,-1.7372,1.7973,5.402,3.4367,1.1398,3.8459,-3.6393,-17.358,-11.027,-0.60972,-7.1983,-8.6986,-5.1124,-14.208,-19.159,-13.075,-8.679,-3.2162,2.0459,6.6196,16.029,18.031,15.393,23.751,25.832,16.254,15.58,14.932,8.8485,13.813,14.522,-5.7017,-25.933,-33.127,-32.74,-27.266,-22.597,-20.986,-17.53,-14.885,-13.714,-4.8483,9.5725,15.142,13.749,17.139,17.573,11.515,17.347,30.21,26.903,14.631,7.6645,1.7917,-4.0455,-9.4494,-14.567,-15.141,-15.281,-15.685,-10.844,-8.3939,-8.7238,-3.0121,1.181,0.59835,0.75955,-0.053401,3.2383,6.4111,-2.1785,-4.7054,3.8335,1.8585,0.42329,5.9922,-1.6343,-5.4623,7.097,8.4496,2.0335,3.2721,1.6859,4.4038,12.039,5.3638,-0.49157,5.3208,1.2059,-6.4458,-4.307,-6.6816,-11.133,-7.1526,-3.888,-3.457,-3.3845,-5.2248,-1.8856,2.1007,-4.5162,-8.0847,0.37941,5.1954,3.3305,4.7529,7.4812,7.6409,6.8133,5.1022,2.9259,0.97697,-0.77558,-1.9172,-2.8556,-2.4273,-0.10876,1.3258,2.5858,3.2893,0.39381,-0.1313,2.1553,-2.5322,-6.6559,-1.8549,0.31245,-2.4717,-8.1941,-19.169,-17.224,-1.1614,2.3931,5.1202,18.926,13.658,0.27853,9.7307,15.133,4.8887,3.3825,1.1751,-6.0572,-2.4167,-4.3093,-17.491,-16.967,-5.7147,1.0476,4.2171,0.55121,-4.7179,0.33579,6.9292,8.9413,13.611,14.189,5.5993,-0.30399,-3.4819,-9.8378,-9.8028,-5.346,-6.898,-2.0505,6.6693,-3.1464,-12.362,-3.817,-5.0934,-7.3336,13.059,20.243,3.7604,-0.67134,1.0308,-0.66855,7.3006,9.4824,1.4195,-0.30799,-5.3569,-11.016,-3.1081,0.93682,-2.8662,-0.9342,-0.45524,-1.627,-0.47529,-2.9901,-0.039035,6.8326,1.9215,-2.4606,1.0604,-2.08,-7.1486,-6.3065,-2.7925,7.3511,15.617,6.8366,-6.5043,-5.6809,1.8581,0.5464,-1.0583,8.8929,9.7275,-5.4373,-7.06,-0.60705,-8.1947,-7.3601,6.2434,3.1782,-6.3126,-0.40732,5.7267,-1.2574,-8.2899,-0.63491,10.387,5.4389,-3.5032,-3.3422,-4.3097,-2.5456,5.358,7.4357,10.123,12.721,1.7896,-6.6483,-7.0301,-15.022,-17.031,-7.849,-3.0209,6.1748,14.061,2.1027,-5.6527,4.0268,8.1337,8.8183,13.985,8.013,-7.4114,-13.817,-8.5936,-2.3404,-1.652,-1.5274,1.4374,0.89144,-5.1278,-11.315,-9.7133,2.8746,14.275,15.261,10.074,1.6149,-1.7215,2.6277,-1.2882,-6.9394,1.1344,2.6036,-8.2096,-8.3234,-4.1805,-5.6108,1.3669,11.21,6.6458,-7.5138,-13.633,-2.3576,10.081,6.6706,1.1936,1.5147,-1.353,-0.78561,3.8925,2.3691,1.1586,1.9971,-0.36371,1.2616,3.3645,-0.38376,-1.1633,-2.0319,-7.0938,-5.8981,-1.7092,0.02661,4.3766,3.7273,-4.5716,-7.9488,-4.7674,1.7352,6.4669,0.98452,-3.3031,3.0447,6.1308,5.1705,5.8362,-1.8399,-11.716,-8.3034,2.7568,10.935,9.485,0.59727,-0.24707,1.5412,-8.2422,-10.472,3.681,9.9413,6.5132,5.8901,-0.18494,-11.018,-12.783,-8.9441,-9.2751,-10.542,-4.0045,8.1793,11.37,4.8405,4.4506,8.32,5.2597,2.3022,2.7458,-1.1404,-3.2236,1.4663,1.9076,-2.5153,-2.3452,1.4812,6.5456,8.0696,-3.7998,-15.404,-6.8056,2.7962,-3.0024,-3.6084,0.77654,-5.4146,-2.8119,10.807,4.8203,-8.4586,-2.7216,2.3603,-3.0546,-1.3515,3.2976,3.039,5.7552,9.1453,6.0288,0.14345,0.48283,6.1028,-0.89627,-16.449,-10.06,5.2566,-1.275,-4.3485,11.144,11.206,-3.4392,-5.6182,-2.4422,-3.4822,-3.531,-3.6713,-3.8887,-5.1949,-5.4666,6.171,15.597,2.858,-8.7623,-1.4634,4.2631,4.7761,8.672,2.7238,-9.7087,-5.52,5.6724,1.1898,-6.9582,-2.3967,3.5948,4.903,8.5853,5.5499,-7.6757,-10.817,-3.8109,-3.6142,-0.82554,10.657,11.016,-1.516,-10.037,-9.5905,-0.51578,8.5002,3.4782,-4.5993,-1.075,1.0142,-3.663,-1.6915,3.2542,0.80565,-2.8838,-2.5077,-2.1066,-4.0922,-4.8859,2.5088,15.184,18.629,9.767,1.551,1.1199,-1.1135,-13.022,-17.355,-2.2913,3.938,-9.1462,-8.7661,3.5575,4.4781,12.377,26.518,12.065,-13.96,-17.045,-11.615,-10.753,-6.9764,-3.7138,-3.2889,-3.4142,-3.5052,1.9648,8.4281,6.8505,4.7233,6.3551,6.4762,6.6447,7.3471,6.8662,6.6033,5.0179,3.1338,3.2637,3.5966,4.9348,2.5415,-8.7815,-16.789,-15.856,-16.646,-18.035,-13.84,-8.04,-6.1673,-8.7204,-6.1271,3.996,8.7797,11.838,17.877,14.226,11.692,16.52,4.3342,-7.5377,8.5359,20.675,16.261,16.618,9.2104,-7.6546,-13.033,-14.982,-17.46,-11.369,-5.6054,-6.1029,-16.03,-31.554,-29.181,-16.987,-16.002,-5.0615,14.468,15.263,14.31,22.07,22.152,24.122,29.475,26.732,24.413,12.882,-12.35,-20.119,-15.747,-19.998,-11.041,3.8002,-6.5244,-16.718,-6.3179,-3.0611,-8.4883,-2.3669,2.7217,-5.8637,-10.735,-2.8902,2.9598,1.2332,0.134,-0.91723,-2.1026,4.7663,13.858,12.496,7.7692,9.9372,11.375,6.2756,2.1254,0.23486,-2.5447,-0.032417,2.6023,-5.701,-6.886,5.8212,2.2155,-13.039,-11.219,-7.9839,-13.46,-8.8533,-2.9888,-3.8959,2.9349,9.908,6.1111,-1.4338,-6.4315,0.63502,9.86,0.053147,-5.784,7.1987,7.8158,-0.67034,4.6781,10.108,10.747,11.248,4.7332,2.1176,2.3774,-9.8962,-14.27,-4.1137,-6.1161,-11.371,-4.8793,-4.2493,-9.5496,-6.0601,1.6675,3.813,0.10345,1.4516,8.9832,5.7381,-2.8613,0.71655,6.2533,4.3261,-1.353,-7.4553,-0.78567,12.183,7.1728,-0.29203,6.5979,5.2786,-4.9347,-3.8623,2.2546,3.484,0.94919,-2.9115,-4.5568,-10.01,-19.509,-17.854,-8.3504,-3.0739,4.5606,14.909,17.713,13.792,8.7592,5.1515,2.2948,-0.88152,-1.1564,-0.49762,-3.6596,-7.4086,-9.1226,-7.2823,-3.4706,-6.0201,-7.9043,0.070595,4.7359,6.0867,13.106,10.957,2.0505,5.3479,7.3693,-1.8386,-6.0347,-3.6255,-2.6807,-4.4256,-8.8582,-9.022,-1.8079,5.1487,6.0797,0.12684,-1.6754,4.984,0.92851,-8.3381,-1.3465,3.3157,-3.239,1.087,7.0224,0.54364,-4.8529,-4.9015,0.28386,6.6014,2.7049,4.0242,14.408,6.614,-6.7354,-4.2239,-4.9882,-7.1111,0.62575,0.61892,-2.0324,4.2278,1.9505,-6.4514,-6.2274,-5.0434,-5.5962,-3.9533,-1.386,3.064,4.0012,1.0299,2.1498,1.7566,2.6662,14.574,17.359,1.9949,-7.2232,-7.2416,-6.5667,1.7293,6.9144,-3.1558,-9.5695,-3.7027,-0.4336,-0.50042,1.1169,-0.32295,-0.56311,2.0752,-3.9374,-9.6119,-0.14286,5.7225,-2.3321,-5.6227,-2.0235,4.2776,13.728,9.7734,-0.5235,5.8158,6.0197,-7.9224,-2.4604,9.281,1.8716,-4.8294,-9.4304,-18.694,-11.56,3.7592,4.2423,-1.0969,-3.9721,-0.37709,12.41,16.272,9.8826,9.782,6.5762,-5.1722,-12.593,-15.892,-13.785,-3.0294,4.1498,2.9815,-1.6605,-6.1118,-2.2013,5.8876,6.7318,5.496,5.8138,4.5527,2.851,-2.3177,-4.2597,5.9864,8.8206,-4.1952,-9.4746,-4.7453,-3.4009,-2.3548,-3.0039,-5.585,0.94885,7.353,-0.64087,-7.2005,0.78076,9.1877,9.1224,6.2754,1.1877,-3.8661,-2.0523,-1.3293,-7.788,-5.8939,5.2079,4.0503,-7.5018,-9.1308,-0.14186,5.2155,2.4496,2.9915,9.3792,4.5399,-8.0005,-7.0679,-1.3538,-1.735,5.1192,12.156,3.3629,-3.7199,5.759,12.601,0.836,-12.047,-7.0064,-2.1852,-12.543,-14.685,-3.2482,0.90328,0.94973,1.3076,-1.2437,6.5805,14.266,1.6273,-5.3918,4.8122,3.6188,-4.2595,0.54665,6.2559,6.9193,7.7958,4.0623,-1.4745,-1.1107,-1.5613,-8.3088,-9.4454,-0.18383,0.51377,-9.4867,-7.5406,-0.093617,-4.2535,-5.8335,-0.42473,3.0363,9.0411,7.5661,-2.251,3.6727,10.447,-0.6692,-2.7575,3.5101,-0.95867,-0.93017,1.2202,-2.4642,5.1594,8.7374,-3.6884,-3.1804,1.0442,-9.0063,-5.2892,7.8172,2.6366,-5.8693,-7.4304,-8.4321,-2.7755,2.6714,1.207,1.4828,0.79712,1.3802,7.6751,4.4371,-3.5203,0.83228,5.0248,3.0003,1.3683,-5.1054,-5.2907,7.6473,9.265,-1.0581,-5.3587,-9.8976,-11.205,-1.7789,-0.42311,-4.8689,4.3061,11.105,4.4074,3.9297,7.8518,1.4853,-3.5845,0.29091,0.88937,-1.6895,-0.6549,-3.5486,-10.053,-6.1837,3.6556,3.6948,-1.9731,-3.6063,-4.2733,-4.4863,-1.5055,-0.40239,-1.3502,3.3293,10.93,12.91,10.45,6.4036,0.26041,-3.6655,-2.8735,-1.2398,-0.4122,-2.3608,-6.2633,-3.9291,-0.56926,-6.4684,-7.8276,2.162,5.2892,1.0525,0.87808,-0.22122,-3.2471,-6.1748,-11.585,-7.4261,8.4453,13.61,5.7376,1.6914,4.0371,7.6728,7.5162,2.9271,0.61421,-1.3747,-4.8639,-2.4581,1.4005,0.71406,-0.93571,-6.3259,-9.7263,-2.7844,-1.8514,-9.7963,-5.7832,4.2506,5.27,4.6051,5.2708,3.8786,2.0585,-0.86384,-0.41011,4.2217,-0.14839,-11.138,-10.689,0.021109,6.991,8.4959,10.3,11.292,7.5916,2.159,-2.6327,-8.0477,-10.996,-10.821,-9.4548,-4.1468,1.8825,4.183,5.9885,4.2375,-1.6102,-2.5369,-1.7837,-5.3542,-7.5576,-3.8108,6.9194,14.85,10.386,7.8689,7.5238,-5.677,-11.556,-3.1463,-4.3699,-1.7863,10.326,4.0358,-4.9501,-1.3112,-8.0152,-11.087,2.481,4.645,-0.64297,2.0835,1.2798,-0.29506,-0.38325,-2.9406,3.2584,8.0047,0.37392,-0.66616,0.50675,-6.7718,-6.1096,-0.87897,1.3094,9.3,10.528,0.7256,-1.4429,0.83409,-0.088746,-2.5358,-8.098,-5.4558,2.9957,-2.7441,-7.5233,2.479,5.662,1.373,2.0621,-0.18075,-3.9503,-1.7578,1.5716,3.1653,1.807,-1.3651,-2.1625,-2.8753,-1.3925,4.0374,4.1054,0.9608,3.1048,7.1047,9.9834,5.2293,-9.8923,-15.636,-6.2917,-1.559,-3.6152,-2.3547,1.6405,5.5766,6.5567,3.9476,0.56113,-2.927,-3.2459,-1.6275,-4.0272,-4.8729,-2.7692,-4.3628,-1.9688,8.1627,15.723,15.136,2.7235,-12.044,-10.084,-0.066886,4.8918,9.7521,7.114,-3.9468,-8.1081,-8.5695,-7.173,-1.3693,-4.9262,-8.2447,3.7544,8.113,1.1581,3.6154,8.925,11.51,11.389,-0.87585,-11.125,-9.7375,-12.569,-13.476,-6.0504,-1.5466,7.0099,14.643,6.2026,1.2115,5.2262,0.39262,-2.5369,1.6059,1.4734,3.053,3.0314,-2.7651,-0.63083,0.93401,-5.3648,-3.0614,-0.17314,-4.3717,0.13047,2.5107,-5.2812,-0.58088,9.9742,4.9825,-4.1481,-6.2708,-5.8692,-5.5249,-6.5826,-4.6002,2.8652,6.7539,4.4336,3.3639,8.375,13.157,4.5942,-8.1828,-5.0172,2.7628,1.2131,0.36459,-0.52379,-5.1658,-2.9297,3.3428,3.5601,-0.46699,-4.5006,-4.3288,-2.9471,-3.7044,3.6295,10.334,-1.2639,-9.8189,-1.7576,-0.17461,-5.968,-5.2153,-1.7762,2.7017,4.4144,1.0942,3.638,4.8063,-1.8619,3.1518,12.641,4.7171,-4.4438,-1.3288,2.5165,2.0252,-2.0709,-2.9259,3.3539,2.0951,-6.2216,-6.9573,-5.4997,-2.3716,6.6301,6.6794,-1.0696,-3.2651,-4.8884,-2.084,5.8664,-2.3102,-17.357,-13.318,-3.0632,-0.20264,4.1383,7.5723,7.3301,9.4487,8.6253,3.0815,3.466,7.9328,7.573,7.4682,8.6034,-1.2868,-13.126,-4.861,6.506,-5.2091,-19.987,-17.31,-10.265,-3.2081,6.3022,8.3924,6.5153,7.9937,3.4794,-6.6914,-10.434,-4.6635,6.8423,9.4115,-6.2948,-15.11,-0.36026,9.9789,2.022,-1.8708,2.8611,3.6536,4.7972,10.765,13.486,9.0834,0.92106,-3.5681,0.14486,2.6988,-2.707,-6.8178,-5.6565,-6.6806,-10.975,-10.491,-1.0064,5.4241,-1.8217,-6.5885,0.69904,2.1286,-2.1234,-0.30918,-4.2472,-12.619,-8.7818,-0.65084,5.5041,11.816,7.1077,2.1202,13.308,16.852,6.0134,6.5278,10.668,4.488,2.781,4.6432,-0.26834,-5.3375,-9.109,-10.671,-3.6543,1.9116,-3.4795,-10.404,-12.972,-15.264,-16.699,-12.455,-6.119,-7.1207,-9.7237,-3.3287,2.583,2.8014,8.5313,16.559,18.408,20.018,22.987,23.314,21.067,17.954,20.351,22.793,6.4951,-19.925,-31.329,-29.83,-27.434,-24.173,-19.842,-15.911,-14.734,-15.802,-11.624,-3.4175,0.78162,4.1915,12.033,19.667,18.875,11.169,9.84,14.284,12.119,9.1679,7.4308,-1.9174,-2.8939,10.265,11.253,3.1542,5.5628,4.3148,-8.9976,-16.568,-12.461,-9.8842,-17.934,-22.102,-9.7399,-2.1464,-7.8449,-4.6138,3.8454,3.3956,3.3314,4.3436,3.136,6.4158,9.808,10.749,11.398,5.432,-1.9306,-3.6884,-2.409,6.4516,11.131,-0.66876,-3.2446,5.4,-0.77379,-3.2939,8.326,3.848,-9.8915,-9.3416,-5.053,-3.7963,-4.7204,-10.669,-8.7148,3.4865,5.0475,-4.8216,-6.1471,0.83921,-0.8125,-5.0779,3.0859,6.0346,-4.1604,-0.11538,10.796,4.1718,1.7832,11.247,10.168,7.8737,9.7543,1.9244,-0.9851,3.6042,-5.9978,-13.248,-3.0136,-2.4365,-10.335,-1.0385,5.72,-8.8081,-14.588,-2.1584,3.5354,3.072,0.22024,-10.185,-5.096,9.6237,-4.8601,-16.422,8.795,18.533,2.9238,8.547,17.783,7.3784,-0.54652,-5.0598,-5.6496,5.4998,3.9613,-9.1808,-2.5049,8.9278,-0.62006,-13.148,-9.5953,0.43852,3.328,1.8579,-1.0392,-10.537,-13.656,-1.8943,2.2498,-1.6496,4.1071,6.477,3.4577,9.3944,10.101,2.0904,0.33983,-2.1847,-4.7033,-0.15459,-3.6247,-10.096,-2.4471,4.9246,5.5008,11.485,13.907,2.1138,-11.547,-11.76,-0.8366,2.8085,-4.281,-6.3823,-6.3153,-9.9724,-1.7802,12.607,11.175,6.4508,11.192,6.9049,-6.3335,-10.182,-10.101,-10.367,-2.8035,0.40381,-7.6578,-6.2766,7.3424,13.869,8.948,1.3825,1.652,9.2578,8.4309,-0.065151,-3.1,-4.2849,-3.8715,-0.0037684,-3.6252,-7.4149,-1.1125,0.45432,-3.257,-2.6839,-3.9217,-1.7963,4.1886,-1.6913,-8.3556,-1.5163,6.2452,9.266,8.9749,7.4139,9.199,1.9091,-10.328,-3.2819,4.1832,-4.8959,-4.4719,0.16404,-7.9928,-8.4509,-2.4855,-5.6233,-4.0883,5.3184,11.203,10.465,2.8432,-0.18133,2.2495,-3.8587,-4.0316,7.2333,6.463,2.9491,7.4793,1.9319,-4.8976,-4.3324,-9.8821,-9.054,-1.8684,-10.591,-14.43,1.3695,6.9476,-0.93729,-2.0239,3.7249,9.2566,7.7716,4.3819,11.097,11.758,-3.5025,-9.025,-0.32643,2.5421,0.3143,-0.46628,-1.9962,-1.6687,2.194,4.3176,-0.90008,-9.7609,-11.398,-7.5808,-6.5725,-4.2025,0.54506,1.8218,3.4414,7.002,6.2745,3.6064,4.8699,6.1939,1.3095,-4.6984,-1.8384,5.5674,6.4842,0.72335,-6.0316,-6.2345,-0.88944,-3.8836,-7.7459,4.6978,13.746,3.9938,-5.3614,-8.9659,-9.3255,-1.1495,0.56693,-6.6315,-0.66508,9.3845,6.113,1.1137,0.7022,1.8716,2.4959,-2.425,-3.4647,3.7746,6.6393,8.9267,7.7875,-8.9656,-15.571,-1.4668,2.3366,-0.1041,4.538,-1.6316,-10.47,-7.74,-8.2482,-7.8018,2.5241,8.3146,7.8014,8.4649,11.759,15.26,5.6722,-8.8036,-5.8886,-2.1161,-7.4892,-3.2443,-1.0696,-7.724,-1.7939,4.9854,0.070781,1.3251,4.5562,2.3397,4.4043,2.1378,-6.465,-7.5822,-6.7869,-7.2042,-1.7258,3.4094,4.6089,4.8592,5.1719,6.6974,1.7232,-5.9845,-0.96977,1.2846,-8.264,-3.1257,11.343,9.9391,2.9508,-0.31044,-2.6003,-0.076695,-1.364,-8.0002,-6.7149,-3.8232,-2.4445,6.7092,11.978,5.9035,-0.66523,-6.6641,-9.8667,-5.4599,-0.84248,0.51914,-1.637,-5.6799,-0.96489,5.3845,1.5012,2.514,8.077,-0.47089,-8.6752,-1.0998,6.2941,5.7495,3.3646,0.87012,1.4201,5.308,8.5768,9.1259,4.5916,-1.5776,-3.9957,-5.4824,-7.2722,-9.7148,-14.21,-12.516,-4.6437,-3.5064,-4.678,0.3738,4.1714,6.9849,10.978,6.0668,-3.0351,-3.8197,-2.6306,-2.4424,3.5564,7.8059,3.592,1.3571,5.3149,6.9727,4.2134,3.0733,5.9337,8.2348,7.5424,8.0535,7.054,-3.2751,-12.994,-9.1167,-5.4722,-17.395,-31.129,-26.833,-8.3931,2.0136,-3.7463,-7.5987,-1.3176,2.6498,3.0454,4.2956,6.0358,15.313,26.199,25.482,24.025,23.007,12.065,10.337,20.958,18.393,7.6656,-5.8714,-32.702,-50.061,-43.998,-34.757,-25.649,-19.699,-21,-8.8581,8.1167,7.3066,10.122,20.108,18.012,21.97,32.548,21.086,1.1889,-0.91589,7.6307,10.63,4.4022,2.2611,5.4777,-3.0047,-9.6004,-0.15815,0.054374,-10.777,-13.014,-13.891,-12.284,-4.0335,-6.9971,-14.1,-6.6531,0.95074,-3.0306,-6.7704,-0.77531,6.3755,2.4809,2.0119,12.721,9.7033,1.3325,10.153,11.374,3.2854,9.2172,7.7042,-1.5035,7.4858,8.6248,-6.2421,-2.9252,5.6199,-1.4617,-6.1135,-6.3266,-9.3878,-9.4636,-11.02,-15.878,-15.083,-9.0949,-5.9037,-7.0621,-0.54959,13.955,12.407,-0.30635,4.6826,16.458,15.813,12.662,10.156,5.9075,3.9604,0.60805,-3.5125,-4.797,-6.6877,-6.6612,-4.557,-4.49,-5.4562,-10.508,-10.551,2.8058,2.8361,-10.41,-0.92441,13.623,7.2487,3.4625,2.5057,-5.3901,-1.1153,5.2328,0.56927,2.846,1.9574,-8.928,-3.9809,4.7139,-2.1682,-2.1148,5.4836,2.1881,-2.3976,-1.1134,0.80508,1.6028,-1.4707,-1.4374,4.837,3.1603,-2.6529,0.21107,2.1312,0.2503,3.078,3.8665,-0.6036,-1.6705,-0.85766,-3.9563,-6.9039,-4.1633,0.41447,0.53711,-1.265,-3.2199,-6.733,-4.4183,3.688,5.3388,2.6829,2.5711,1.4487,0.79243,0.506,-2.0315,1.8686,10,9.6852,5.1166,0.53656,-4.3931,-2.3906,-0.75233,-6.121,-2.9078,3.5986,-3.3352,-5.7155,4.1789,1.9878,-8.412,-4.9621,-0.30928,-10.204,-15.893,-3.1978,11.88,15.133,8.0182,-1.1108,1.1531,10.008,5.9586,-1.0767,2.4504,0.34205,-5.9336,-2.3607,-0.034968,0.035523,2.6316,-3.9861,-8.8105,-0.60127,3.481,4.5844,5.2312,-5.1635,-7.6076,0.52199,-4.8704,-5.7409,5.3408,0.62076,-3.5319,7.0718,5.1349,-1.9401,2.5061,1.7681,-2.0219,0.46178,-1.4022,-4.7834,-1.9296,0.67461,-1.7237,-4.5781,2.4927,14.319,13.247,4.7528,-2.3289,-9.3703,-2.6989,9.2178,-2.5614,-17.661,-8.3789,2.8874,-0.73847,-6.4563,-3.2605,6.8704,9.5669,2.7011,0.34149,-0.44301,-4.2746,-0.27934,7.8854,5.6665,-6.0203,-11.865,-2.3659,7.0964,4.3071,3.9052,7.6645,3.9675,-0.39958,-2.6974,-6.9573,-6.9564,-5.2186,-6.2175,-3.7251,2.3228,7.8069,6.6446,-2.4779,-3.4331,5.7911,10.184,9.5969,1.6082,-10.448,-7.8384,-2.7646,-5.8043,3.4885,8.9046,-7.422,-13.805,-6.687,-3.9376,4.5368,10.356,4.9719,6.3239,7.4352,1.8947,4.51,3.9143,-6.4558,-8.8352,-5.6943,-3.7307,0.3874,3.1868,6.1296,6.7322,-1.0702,-4.9944,-1.0545,-0.79924,-3.9474,-4.5154,2.1449,7.6001,-3.0127,-9.1707,1.2734,-2.7727,-12.883,-0.25043,11.039,11.172,14.655,5.5205,-8.2899,-2.4531,1.6094,-3.9021,-0.017927,1.2289,-5.1583,-3.076,-1.9413,-7.3815,-3.1489,3.7163,-1.3291,-2.3715,8.3801,8.4214,-1.9904,1.2178,8.7579,3.8567,1.558,3.0868,-4.5093,-7.7065,-0.31488,1.4621,-4.8587,-10.925,-9.2001,-0.44125,-0.10806,-6.4756,-3.5371,2.2488,4.9251,9.5965,8.6079,2.5456,3.5729,8.1448,7.2407,-0.97348,-7.1479,0.029029,4.329,-5.6932,-5.686,5.8353,5.8211,0.26673,-1.7952,-4.4015,-4.4748,-6.5497,-10.42,-4.9714,-2.3187,-9.2811,-6.4243,4.541,9.9156,11.86,7.8245,-0.24425,-1.8759,-2.139,-2.7264,4.18,10.453,7.9213,2.3952,-1.5748,-1.7815,0.26689,-0.69486,-2.6446,-1.5833,1.4341,3.9562,2.622,-3.0057,-9.5315,-12.142,-7.4225,-2.8813,-4.0369,-2.1495,1.1034,0.81175,7.0628,11.853,2.3654,-2.5716,2.7829,2.2303,0.67404,0.66587,-4.7278,-4.806,1.4137,2.8988,3.2793,3.951,4.9704,8.1212,1.6595,-9.1395,-5.7048,1.3663,3.124,5.3228,0.43392,-6.1962,-4.8999,-8.4966,-9.5576,3.1002,5.8261,-2.5973,-1.1396,1.1073,-0.76887,3.0921,4.1716,-1.6364,-6.3775,-9.8819,-9.74,-2.4232,8.335,14.937,9.6021,2.1763,6.9344,10.119,1.3849,-4.1136,-1.0244,2.9849,3.5107,-0.028996,-1.0076,0.18012,-4.6468,-9.7982,-8.8509,-2.8296,6.4384,3.5316,-13.048,-15.016,-2.316,0.88867,-1.6469,-2.6044,-6.0755,-3.5286,6.8927,10.642,5.1188,2.6705,7.9786,10.23,5.7235,4.5298,4.6167,2.3765,4.6482,2.8054,-5.8206,-3.7004,2.1669,0.46781,3.0676,2.7812,-6.7418,-6.3135,-2.6196,-9.4889,-10.911,-6.6767,-7.7103,-5.9402,-4.7951,-9.8444,-8.8714,-4.9281,-5.8238,0.029374,11.253,12.4,7.4889,8.7808,15.179,20.437,21.651,19.117,15.787,11.234,3.322,-0.923,1.276,-3.387,-16.564,-24.814,-27.554,-27.617,-24.575,-23.924,-18.288,-2.1649,4.6264,-0.11452,1.4942,5.1783,6.9575,14.154,20.531,21.022,17.634,13.697,16.983,16.68,3.3403,-0.47266,5.791,0.36246,-5.0406,-4.4275,-11.878,-15.46,-10.224,-12.003,-13.15,-6.5361,-6.5727,-13.018,-10.881,0.50645,4.8981,-0.70042,2.315,8.6903,1.38,0.39845,10.724,5.1479,-2.4149,8.4482,12.608,4.6101,5.205,7.5508,2.9649,0.85804,-0.19592,-6.0816,-8.6955,-3.6201,-0.46326,1.6496,10.795,11.763,-1.7729,-6.3268,-7.0849,-20.5,-20.396,-2.4136,0.72987,-3.8452,0.69522,-0.26502,-4.0451,0.71862,2.909,1.5349,5.6272,8.0255,3.5792,2.0356,8.3434,13.786,12.439,7.7112,0.99289,-2.8602,0.53609,-3.1697,-16.549,-16.296,-4.1349,-0.22743,2.077,9.0973,7.0964,-2.1755,-2.6258,1.1013,-5.3013,-10.818,-4.163,-2.5879,-5.59,2.8398,2.8365,-8.8759,-1.4416,10.873,6.7966,5.7814,5.3192,-0.14379,4.9852,4.1828,-6.6105,-0.33951,6.6439,-1.4389,-3.8668,-4.2331,-4.7436,4.601,4.2114,-4.0502,3.7848,12.131,6.9584,-1.7214,-11.054,-12.926,-4.7342,2.5551,6.4254,1.2848,-7.5737,-4.2534,-4.5018,-9.9574,2.0946,7.0834,-6.8399,-3.0594,8.3967,3.6,3.0699,7.7805,4.8593,0.28978,-6.0473,-7.1651,-0.91986,-2.7731,0.66368,16.648,16.04,4.3149,4.3378,3.6858,-2.5436,-3.5453,-1.177,-2.6844,-10.721,-11.707,-0.64303,-0.071218,-6.0838,-2.6229,-6.0642,-10.294,-1.1391,-2.2801,-7.6755,1.4852,0.76486,-5.9498,3.7679,9.1104,5.0775,6.9453,6.8544,6.3872,9.148,8.0547,10.772,10.763,0.33819,4.035,15.256,5.1946,-7.148,-5.1988,-4.5257,-5.2635,-5.4314,-12.52,-19.65,-20.545,-19.026,-16.862,-16.157,-16.475,-10.933,2.2686,11.06,8.4205,10.54,20.126,17.633,16.049,29.609,29.11,15.464,17.026,15.671,2.3909,2.7041,6.6993,-2.1517,-10.372,-18.05,-30.993,-39.589,-39.164,-30.31,-20.358,-16.898,-8.7777,3.5393,3.2892,2.2598,14.343,22.085,21.164,25.954,29.743,22.608,15.943,15.61,10.631,-1.073,-8.0264,-5.9753,-4.5444,-11.725,-16.199,-6.6608,-3.146,-17.131,-18.826,-2.5977,1.6707,-3.2467,-2.1214,-2.767,-4.0631,-3.7092,-6.3301,-1.1858,8.7564,6.9145,1.9224,2.3776,5.262,10.663,6.5272,-2.6406,5.915,13.151,1.9618,-0.56666,6.459,6.0508,6.0345,1.9573,-6.25,-3.3585,-7.1811,-21.199,-13.305,1.7585,-2.2458,-3.0959,1.4918,-4.9014,-3.6255,7.7639,5.7966,-0.66096,0.32782,-4.5836,-9.3021,1.016,9.5723,2.7991,-3.3148,0.56017,7.0852,11.585,10.823,6.3374,3.8024,-2.3825,-11.634,-8.2457,3.205,5.4199,1.8462,-1.5614,-6.0829,-6.4645,-3.092,-0.98442,0.55539,-2.213,-7.3254,-4.7503,-0.29487,-0.34548,2.4888,5.4633,3.167,1.3112,0.47069,0.48735,2.9478,1.2897,-1.8061,0.81121,0.50836,-2.5922,2.5183,8.2282,5.1658,-0.52692,-2.7415,0.044215,2.1474,-1.5835,-2.6516,-1.6003,-6.4975,-5.2009,3.1635,-0.36589,-5.4103,3.1887,6.3856,-3.1308,-8.2672,-6.4908,-1.8756,6.8222,11.094,4.8065,-1.7269,-2.991,-5.3217,-4.0053,6.3379,8.3736,-1.4246,-0.069848,6.4709,0.35788,-1.0173,5.8884,1.0553,-4.829,-0.29249,-0.84968,-8.9728,-13.358,-8.1147,2.5282,4.4123,2.5246,7.895,4.9398,-3.8645,-0.65418,-0.39611,-4.5439,3.6787,7.3637,0.61706,0.64641,1.4142,-0.049983,-1.8593,-10.172,-6.1382,10.725,6.6295,-5.9959,0.13422,8.5422,8.3795,2.7592,-6.041,-5.893,-3.7122,-9.0587,-6.2223,1.7371,3.147,4.2957,1.6181,-0.010713,6.1676,-0.59833,-11.72,-3.7194,1.1114,-2.9291,1.9366,2.3297,-0.81867,3.8745,-0.1052,-6.6894,-0.10293,6.4151,12.278,19.252,13.579,2.0517,-6.0088,-10.556,-4.6974,1.5469,-0.85661,-1.8458,-8.7199,-21.841,-20.944,-12.611,-4.8479,10.316,15.406,0.99533,-7.3093,1.1371,14.057,20.19,15.764,7.2459,-3.4793,-14.955,-12.648,0.59475,5.1622,4.6984,9.8584,11.323,4.2477,0.91276,3.0775,-0.46477,-3.0893,0.46087,-10.189,-27.191,-19.878,-5.5732,-4.8887,-3.2589,-6.9758,-15.687,-1.6446,20.75,24.306,19.157,10.048,-1.4886,-6.3435,-7.9678,0.082369,14.754,10.131,-0.43918,3.2872,3.2474,4.7654,12.306,-0.97316,-14.601,-3.8258,-3.521,-13.35,-4.6183,-1.8555,-10.799,-2.2981,2.7456,-12.027,-10.354,4.3798,-2.8136,-10.484,2.4106,4.1999,-5.5862,5.5897,21.22,16.187,8.6314,6.6077,-1.2058,-7.3951,-3.1135,4.627,7.3274,4.2891,1.5196,0.44318,0.37991,5.1755,7.9814,2.598,0.33706,2.7018,-0.79453,-8.1606,-12.667,-14.451,-20.908,-29.88,-22.529,-9.3262,-14.42,-13.925,2.0509,3.0574,4.2809,22.965,27.638,24.164,34.91,37.862,31.443,30.746,21.529,5.5199,-2.8883,-12.706,-27.583,-37.038,-35.484,-29.431,-30.581,-30.381,-18.633,-8.837,-4.1234,0.13476,-0.056054,6.3091,18.136,16.997,13.874,16.744,14.921,15.959,16.182,7.8585,9.7332,14.302,4.5382,0.252,3.0196,-1.3193,-4.227,-5.9599,-8.0277,-8.5639,-19.441,-24.833,-9.8107,-3.6501,-7.3827,-3.3022,-7.3244,-9.7924,4.3771,6.2257,-3.563,0.42649,7.184,8.4365,9.121,7.0217,8.5552,11.558,7.3124,3.4529,1.3454,1.8976,10.026,8.8606,-2.1654,-0.49878,3.3837,-3.5363,-6.6891,-7.7592,-14.928,-17.826,-12.262,-5.6716,-4.314,-5.0595,0.59367,6.1168,3.2181,-1.0991,-3.2755,-0.25063,9.6048,12.253,7.6097,8.8377,9.5025,7.1866,7.0676,0.92898,-5.4626,-3.3366,-8.0119,-17.658,-12.226,3.5405,12.394,6.6529,-4.4816,-2.7768,3.071,-2.8139,-4.0766,3.5899,-0.9674,-10.071,-3.7704,5.9993,2.4014,-4.4173,1.2353,8.5721,1.2813,-4.5301,4.4923,6.2194,-4.7047,-5.1295,1.6841,-0.2638,-0.11756,7.4302,4.0694,-8.9712,-8.9919,1.2935,3.5858,4.0707,9.3452,5.5385,-4.4602,-4.8485,-1.9115,-1.9308,0.074668,-3.6486,-11.964,-6.6761,4.2533,3.0938,3.0966,10.886,7.8639,-2.6039,-1.1548,5.4437,2.4148,-5.1711,-6.312,0.47682,6.0648,1.2426,-8.5327,-11.754,-6.73,0.83516,3.1764,-0.45932,-0.6417,2.7176,2.0834,3.1261,9.0121,9.5976,4.6784,1.2231,-1.0381,-2.059,-4.369,-8.6649,-2.7929,9.1983,5.3866,-5.6459,-3.4153,-0.09013,-5.0413,-6.2552,-4.6662,-4.4303,-2.1802,-4.805,-6.7056,6.9796,16.665,7.3298,3.0496,5.2529,-2.6672,-1.1524,14.151,9.8816,-9.0077,-11.595,-6.2023,-7.1458,-3.8235,2.0279,-0.15083,0.044973,7.9776,7.4221,-1.4562,-2.1144,-0.89733,-6.965,-6.8254,-1.3975,-2.9752,0.11109,7.6156,0.66684,-3.7785,9.9877,11.841,-3.2312,-4.5347,0.95393,-3.7468,-2.7279,4.0972,1.5629,-0.14127,1.2733,-7.7102,-12.03,2.5375,12.314,5.1116,-0.25535,0.35172,-3.4218,-5.6911,1.1975,6.3021,-0.62288,-10.143,-8.7356,0.72733,5.8412,3.458,1.6552,4.6097,6.6245,4.0129,-1.8341,-7.7083,-4.3132,7.4079,9.028,1.3386,-0.47542,-4.5527,-13.356,-10.4,-2.5302,-2.0257,-1.0957,-0.13292,-0.24312,4.3942,5.0813,1.8765,6.5365,12.376,14.626,11.983,-4.9502,-18.969,-13.682,-8.6945,-3.2387,11.964,9.3094,-9.6498,-9.5208,1.3652,2.2038,3.1386,7.0033,5.0665,-1.4172,-8.3505,-11.095,-6.4887,0.6397,4.9747,7.5629,9.0072,4.0327,-4.5949,-4.9773,-1.7231,-2.6384,1.973,8.3007,6.6358,8.0911,7.4041,-6.4161,-11.118,-3.0969,-4.0429,-4.6436,1.8111,-0.074136,-2.4485,1.0967,-3.6923,-7.988,0.96835,5.4376,-1.7776,-2.8359,3.234,2.8318,0.17171,2.4491,3.0458,2.8347,4.1253,-0.31998,-0.36392,10.733,8.5449,-7.2335,-8.0602,0.16367,-1.5694,-5.4423,-2.7969,1.8356,1.2159,-2.6916,-0.56001,0.33862,-6.1148,-4.8706,0.61197,-3.3177,-4.018,3.3351,5.9833,2.9765,-0.35489,1.8619,5.4436,-0.25591,-0.99712,5.6058,-3.1161,-7.3639,11.026,16.421,4.0082,-1.3963,-4.6647,-4.571,-1.7699,-7.9857,-3.1948,9.599,-2.8165,-16.018,-6.4146,-5.1708,-11.368,-1.5762,9.7904,7.738,-2.4466,-7.8477,0.99785,10.449,10.427,11.213,9.8934,0.34661,-7.8449,-7.7557,0.89358,9.4892,8.956,6.6157,4.4407,-1.4678,-3.6007,-5.1677,-10.258,-9.5842,-9.6678,-15.099,-14.389,-9.0813,1.1999,13.656,8.9839,0.44126,5.7251,3.4389,-1.0279,8.9342,10.156,3.7521,4.5772,-2.6369,-4.8956,10.471,9.5826,-6.5252,-6.7117,0.34544,0.27517,-4.0752,-7.1994,-1.1041,5.1274,2.6889,1.8861,-3.2949,-15.905,-14.876,-2.8571,2.9606,3.0418,-0.40967,-0.28678,4.2561,-0.64144,-3.9705,6.6397,11.723,8.4351,6.9053,0.70487,-2.3555,2.6724,-1.7433,-8.921,-2.2948,4.3844,1.4455,1.1429,6.8352,6.1773,-4.0203,-8.9133,-3.9024,0.067272,1.7557,-0.1316,-8.3207,-10.258,-5.388,-5.0486,-1.8513,5.8719,7.0769,2.9246,-3.9043,-8.0111,-2.2739,4.8629,11.883,18.697,10.277,-1.7699,-1.5947,-5.9459,-8.5504,3.4295,5.1744,-4.173,-4.4709,-2.372,1.2039,5.926,1.6778,-1.3198,-3.4631,-11.219,-6.0919,3.4409,2.2433,8.5893,7.1906,-14.2,-12.335,7.5782,4.3599,-4.1706,-1.7943,-1.8501,-1.0372,0.40986,0.99908,4.902,2.1608,0.0062516,7.2697,1.8249,-9.6401,-2.975,4.1523,2.3214,5.5221,8.4181,8.7231,11.788,10.596,3.9895,-4.6578,-11.576,-7.7868,-2.2293,-9.6071,-19.226,-17.994,-10.603,-6.2374,-5.9332,-1.9731,5.557,7.3485,2.1663,-2.4737,3.9299,16.674,15.33,7.4068,9.7207,7.2431,1.5971,8.8647,11.725,7.9294,12.136,7.587,-5.6361,-9.8648,-17.087,-24.971,-19.914,-17.392,-19.178,-14.238,-8.3295,0.399,8.2682,5.6629,7.0115,13.596,11.603,10.832,13.204,8.8461,3.0363,-2.8441,-5.0545,2.2697,5.7087,3.5387,3.2793,-1.2958,-0.36926,7.6253,1.2106,-6.6505,-1.5469,-1.9094,-3.8878,-3.1285,-12.209,-13.661,-3.7316,-6.254,-10.48,-6.49,-4.9893,2.1031,7.9619,0.94547,4.5994,16.14,9.8658,3.9796,12.724,12.905,-1.0639,-9.973,-5.0235,0.68729,-3.638,-2.3363,10.066,11.632,2.1237,-2.4337,-4.853,-8.0523,-9.5814,-9.8152,-4.541,1.2523,-1.9698,-6.348,-5.385,-3.1594,-0.27088,0.82939,-0.64736,0.23861,3.2069,9.0573,15.942,12.242,3.0421,2.0999,-0.97977,-10.009,-4.9839,8.9813,5.5946,-7.4846,-6.4801,-0.81071,-5.184,-4.0265,7.6189,6.1222,-7.6762,-7.8712,1.8922,1.7302,-1.004,4.277,4.9585,-1.0757,0.92694,1.6675,-10.68,-12.403,2.1272,4.0939,-1.2632,3.02,-0.7899,-8.1638,2.9295,11.51,4.5197,5.0511,10.508,4.857,-3.1543,-6.3404,-5.5604,0.4739,6.9102,8.0114,-1.0292,-16.564,-15.366,4.9654,11.372,-3.5583,-14.295,-12.347,-4.6834,5.3272,11.268,7.1665,-2.0585,-4.2219,4.7486,12.801,11.11,7.9984,7.2818,-2.1134,-18.05,-18.009,-1.2065,3.7117,-5.5031,-3.3939,6.5068,6.9658,3.7413,-0.93224,-7.5574,-1.6491,10.326,6.7783,-3.7102,-6.2227,-4.1156,1.1719,4.0012,-2.4486,-4.6898,2.104,1.1031,-4.9858,-0.71736,6.5813,4.7743,-2.344,-4.6056,4.1321,12.811,5.2366,-8.1525,-11.543,-10.737,-7.7449,-1.6327,-0.64736,3.2971,14.361,12.643,4.7368,8.3327,4.5766,-8.8651,-8.6464,-2.8033,-1.2472,3.3519,2.9808,-2.0026,-2.4068,-5.6395,-5.8562,0.56682,-6.0486,-14.287,-4.8078,-1.7311,-10.82,-4.1467,16.385,26.876,18.493,3.4967,0.3276,4.5987,3.3569,-0.60088,-4.4447,-2.2308,7.3107,5.7388,-1.7958,1.1898,-4.2233,-15.741,-8.9111,-7.1112,-22.895,-22.7,-7.1179,0.9879,5.2564,7.2769,6.037,8.8751,11.392,9.7734,10.907,12.871,7.0257,-3.7028,-5.8583,0.90453,5.248,11.576,18.931,9.9037,-4.2217,-5.7834,-9.6015,-16.741,-14.117,-11.83,-13.274,-11.809,-12.388,-11.35,-4.7305,-0.2341,1.5168,0.057609,-1.4806,4.8248,6.2038,2.1654,15.136,28.329,18.413,10.708,18.971,24.133,19.944,11.341,4.4174,-1.8406,-20.795,-41.828,-39.648,-25.021,-19.38,-18.861,-16.169,-11,-4.2288,1.3477,6.175,11.976,18.179,24.351,27.385,25.46,19.917,7.6828,-6.945,-7.8257,1.0901,-2.6645,-12.226,-4.3563,6.2622,-0.78081,-6.1183,-0.14652,-0.19178,-4.0931,-6.1555,-10.982,-9.4681,-6.6997,-14.001,-8.8718,7.7701,4.5652,-2.167,8.5253,13.254,8.0545,6.0285,0.62853,-3.866,-0.55157,1.0925,1.346,1.1845,-3.6448,-1.7979,7.5599,6.4379,-0.59942,2.3568,6.6823,2.0008,-0.804,3.0987,1.9648,-3.0988,-2.9623,-6.1527,-15.871,-16.714,-8.1438,-5.5823,-10.218,-8.2044,4.2886,11.661,10.013,13.502,13.506,0.55182,-1.7089,8.3311,7.0772,3.901,8.8427,6.3008,-2.3565,-5.6841,-4.6095,-2.3414,-5.1163,-12.082,-13.055,-8.3713,-1.3867,2.4175,-4.0204,-4.5681,6.906,4.7894,-4.5199,4.1194,12.68,7.2069,5.2329,4.7328,-3.5946,-7.0356,-3.7225,-5.9015,-5.3533,6.9052,10.221,-2.6674,-5.3868,3.2522,4.3241,6.0144,7.7883,-3.2189,-9.9861,-6.1985,-6.163,-2.8519,0.19913,-5.6761,-0.16887,9.326,1.7822,0.031685,5.0018,-4.127,-4.1693,6.3766,-1.2138,-5.6297,6.9488,6.6897,-2.6108,-5.0749,-10.196,-7.7416,6.1355,6.216,2.9557,16.459,17.305,-3.8399,-11.574,-6.0044,-7.5056,-4.9455,2.766,0.68223,-1.8609,2.4806,3.4963,1.7071,0.82284,-1.09,-2.9103,-4.6603,-3.9485,-3.2423,-11.688,-16.471,-6.1466,2.514,9.8001,22.183,18.54,4.0504,4.248,6.3384,-1.4133,-3.9055,1.8608,6.9611,3.587,-5.803,-6.4119,-2.6691,-4.8601,-1.5105,3.1202,-5.0656,-12.81,-10.374,-4.5039,-0.56664,-5.287,-11.613,-6.9762,0.6252,6.1275,10.844,9.6694,9.4828,11.831,6.335,0.8349,-0.43137,-3.4958,-0.99905,4.2306,7.1304,14.198,11.497,-0.34656,3.3889,4.9786,-8.86,-8.6503,-3.4991,-14.272,-15.826,-6.5001,-10.532,-17.562,-13.439,-6.3402,-3.5138,-4.9625,-6.8553,-7.9281,-7.9177,-1.5641,11.516,27.137,38.105,37.749,38.507,45.026,36.532,16.255,-0.42503,-22.312,-42.831,-47.137,-45.203,-38.709,-24.31,-13.959,-10.185,-6.7672,2.2293,13.005,7.5083,-0.2472,10.713,13.277,6.9708,16.55,15.117,3.2541,12.484,13.523,2.9614,15.516,18.775,-1.017,-3.559,0.19746,-5.6828,-7.0301,-13.632,-18.149,-7.6944,-6.7764,-9.114,0.29179,-5.4827,-17.109,-7.0028,1.0618,-2.4141,1.7808,3.8767,-4.1097,-5.4631,2.4806,7.4393,10.443,18.542,21.339,12.173,6.4844,4.6127,-2.4083,-2.0492,1.7362,-6.3412,-9.8372,-2.6491,-1.2071,-0.72315,2.8629,-0.28071,-7.756,-11.997,-7.7593,-1.6225,-8.4007,-13.568,-3.7846,0.1692,0.1767,10.202,12.247,4.6257,1.6184,-1.8423,-0.18167,7.2232,4.3596,4.5511,11.585,-0.13051,-10.579,7.2915,18.213,1.8734,-9.6805,-5.4882,-5.9683,-12.686,-8.6888,2.5642,3.2199,-0.16072,3.2508,1.5092,-3.382,-0.74273,-5.557,-16.048,-8.4505,3.8798,2.354,4.272,10.9,7.6406,6.8075,11.259,4.9977,-0.27975,6.3901,4.4375,-10.143,-17.024,-11.539,-3.2718,0.18595,-0.47386,0.3892,-1.0875,-3.2668,6.0297,14.614,7.3415,1.7531,5.106,2.5287,-3.7076,-6.865,-10.311,-10.41,-2.4827,7.0809,5.3536,-6.1013,-6.1111,3.7654,3.386,-0.038592,-1.3476,-7.1198,-2.1665,7.038,-0.16449,0.45272,12.27,5.4507,0.66461,11.78,6.2725,-9.6672,-11.868,-7.4114,-0.12583,3.9813,-0.14041,-0.087659,-2.0649,-8.0062,0.30567,5.6108,-3.6374,-1.5398,3.4026,-2.0535,1.7059,4.62,-3.0406,0.25171,4.3268,-2.053,-0.93903,-1.4987,-7.845,1.1104,8.1679,-1.5254,-0.54043,9.6107,5.5108,-3.8781,-6.4124,-2.9273,4.4606,4.5588,-3.2464,-3.2469,2.9011,3.1034,-1.1412,-4.2538,-3.2244,0.2264,-1.2535,-4.7118,-1.6359,2.6113,1.2932,-1.8983,-2.7663,0.21528,2.3517,-1.5023,-0.52315,9.8517,10.335,-2.2664,-7.0673,0.74822,10.184,10.949,-2.2069,-13.1,-5.0182,3.5506,-3.7825,-9.7637,-5.4651,-3.3989,-4.4598,-2.3737,0.20177,4.943,12.553,10.331,0.98746,2.6995,5.3174,-3.3804,-2.5026,7.5547,3.8411,-3.3513,-5.8795,-12.522,-8.0826,3.7356,-1.8297,-4.9172,5.6949,2.7134,-3.8868,2.312,2.4703,0.48335,5.4051,2.6962,-2.0079,-4.7777,-14.277,-9.9065,10.83,14.564,4.8537,3.4739,4.9396,6.5162,8.5477,3.8134,-2.9825,-7.0638,-11.093,-12.255,-10.919,-8.4395,-2.2164,2.343,3.0926,5.6985,5.8721,1.0308,-0.19798,2.9171,4.0301,2.4987,0.91746,1.308,1.8442,-1.2477,-4.7207,-3.0649,0.38335,-1.2534,-6.5881,-6.0232,5.6702,17.099,11.463,-3.1625,-3.2716,4.7973,1.3726,-2.9825,-1.0088,-5.9618,-8.9115,-2.2661,-4.1407,-8.8021,-3.0666,-2.5657,-4.6783,2.1372,0.98081,-3.0371,8.9721,15.465,6.4073,4.9337,8.0062,3.1079,-0.5835,-4.0556,-12.968,-13.981,-0.69994,12.336,12.26,2.1691,-4.0912,0.73413,6.3513,2.2082,-3.7416,-3.5524,-6.6996,-13.987,-9.887,1.0281,-0.99779,-10.639,-8.4432,3.7716,9.4222,5.6621,4.1839,7.7966,9.8356,8.7833,3.7418,-2.4627,-2.1993,-2.44,-7.1732,-1.319,9.5187,5.0946,-4.4811,-1.2817,9.1857,9.8577,-6.0125,-16.839,-7.2465,-0.84039,-5.1417,-1.885,0.76703,-1.8563,2.8117,1.614,-9.5622,-9.7756,-4.1257,-1.9612,6.1457,13.272,10.276,4.4089,0.14207,1.0038,3.3112,-1.9718,-2.9678,5.7523,6.1844,0.17686,0.11311,1.8873,5.6095,5.8335,-7.5492,-12.482,3.4007,7.3959,-6.7162,-8.0349,0.14061,-2.9744,-8.7951,-6.6666,-2.8211,-4.0947,-10.476,-10.361,1.9257,9.0953,4.7642,2.8291,4.0148,4.821,7.071,5.2325,4.5354,10.734,10.035,6.8054,11.977,8.3324,-2.0344,-1.3912,-2.3535,-6.3475,-2.4191,-5.897,-13.274,-6.7577,-3.7944,-12.759,-17.224,-16.93,-13.679,-6.7688,-4.443,-3.645,1.8301,9.2975,16.284,15.471,9.1534,9.9451,12.668,13.549,16.117,11.602,9.2013,20.094,19.138,0.97181,-9.8936,-14.621,-19.47,-20.181,-21.893,-22.432,-18.012,-14.697,-10.426,-6.0833,-5.9242,-3.6716,-0.33574,1.4777,4.9485,7.1783,14.189,23.273,16.393,11.411,21.706,18.952,11.509,18.204,11.378,-4.8361,-6.8178,-12.847,-19.821,-13.415,-16.071,-22.067,-10.874,-5.8393,-15.913,-16.216,-1.7659,10.217,7.6311,2.5391,8.2377,9.8555,5.9805,9.8456,7.0504,-0.38719,6.4055,7.8431,-1.4132,0.71953,0.20712,-7.6314,0.2641,7.5301,-0.62347,-0.48837,5.0413,-2.1658,-8.5488,-3.057,4.7098,5.4316,-2.7841,-9.5788,-5.7534,-1.4269,-6.0465,-10.49,-4.749,4.5808,5.6084,1.675,1.5409,1.8895,1.1168,2.1824,-0.22433,-3.359,2.5209,7.4331,2.5934,-0.26167,0.62829,-0.5143,3.1743,8.2275,4.6887,1.8685,3.0407,-3.0982,-10.295,-6.747,0.17041,1.1052,-1.1972,0.028224,2.4034,-3.9498,-12.231,-6.0893,5.9847,5.9412,-2.441,-7.0104,-6.7128,-5.7678,-0.1547,12.292,15.606,7.4067,8.8152,11.767,-3.5247,-17.974,-16.258,-7.8101,5.0921,12.731,6.1775,0.31952,-0.71229,-2.1077,1.0691,2.1569,0.19406,3.051,-1.0075,-5.2935,5.9993,6.371,-8.5322,-7.2658,-3.2938,-11.974,-9.9172,-0.72941,-0.92377,-0.6121,4.1309,8.3308,7.0952,-0.98986,3.5268,20.388,16.169,-4.146,-10.468,-10.216,-13.094,-3.9675,13.742,13.526,-4.7857,-9.7638,1.0899,-0.27518,-8.0147,-4.7269,-2.0144,0.57718,5.7287,-2.2588,-6.162,10.694,16.183,2.8997,-4.5832,-7.8929,-6.0295,4.9513,4.9212,-5.1854,-6.1906,-2.8526,-2.0637,-4.0837,-9.5514,-7.1781,2.9209,5.4245,4.9492,11.881,18.779,14.664,1.2399,-3.3384,4.3943,1.4413,-9.2729,-8.361,-8.9442,-13.855,-3.9437,5.6651,-2.8513,-10.316,-5.4838,1.58,4.1091,2.1775,2.8688,6.6998,4.8321,2.7106,6.2321,5.2171,0.7102,1.8773,2.0656,-3.2615,-6.2586,-5.4188,-4.3216,-1.8724,-0.11141,-2.1749,-1.3031,2.6107,-3.0979,-10.151,-0.23066,13.729,17.222,16.505,7.4417,-7.0048,-8.459,-6.3101,-12.831,-12.8,-4.948,0.14508,3.6958,1.7393,-2.4638,3.1475,9.1788,5.9408,-0.31322,-7.1776,-8.1281,0.75061,6.0042,3.7677,1.8933,1.4052,2.7547,1.5506,-4.5525,-3.9158,1.8555,1.4207,0.62284,1.4382,-0.43313,1.6805,5.0964,3.8012,5.3471,4.252,-8.5082,-14.851,-4.2902,3.0297,-1.5697,-3.5069,-1.2921,-4.4774,-6.2956,-0.88063,1.2096,-2.5275,-4.1317,0.13113,8.3862,9.0485,2.2377,6.5531,12.971,4.4893,0.32338,4.5579,-0.032479,-2.4286,0.28407,-4.6143,-4.2475,2.5109,-1.1737,-5.3744,-1.4236,-1.1008,-8.0041,-14.259,-8.9922,2.9824,5.3934,4.6421,4.2398,-6.054,-10.172,-0.97454,3.7424,7.906,9.0489,-1.603,-1.4711,6.4908,1.7091,3.4664,11.45,7.2488,6.165,3.5738,-9.597,-4.9068,10.28,6.7467,-2.6638,-9.1917,-16.534,-16.784,-13.281,-7.3075,1.6152,1.7122,1.7728,9.3568,8.256,3.2697,2.1177,-4.9525,-8.5118,-2.6577,0.67011,2.2765,3.4939,5.549,10.761,6.8862,1.8927,9.4623,7.3317,-4.1181,-2.9326,-3.1299,-6.2769,1.8471,5.5575,2.8915,1.7684,-8.5387,-15.106,-8.3068,-6.3899,-2.5884,6.1521,0.53451,-5.6446,-1.0005,-2.8522,-4.5003,1.6775,0.35679,-5.7962,-7.0983,-5.5408,1.9669,12.849,16.594,13.386,10.511,12.716,16.449,14.352,8.3002,2.1103,-4.822,-10.123,-12.538,-13.841,-14.151,-13.069,-11.843,-14.772,-18.948,-14.769,-7.7572,-4.4265,2.6593,9.811,13.569,20.369,19.235,9.5146,8.6501,6.6105,0.17256,7.536,12.653,3.0226,-0.69098,-0.74018,-4.4707,-2.0683,-0.37006,-1.4187,-1.9064,-15.114,-26.599,-13.896,1.7182,5.0926,3.2378,-5.5548,-10.755,-3.0053,5.0618,8.7907,6.0688,-2.6304,0.23301,7.2329,0.30842,1.2432,15.547,13.049,-0.45817,-1.2695,1.1232,-3.5564,-5.3631,1.7195,9.9791,8.2688,-1.5835,-6.91,-5.3476,-5.4149,-9.5717,-10.488,-3.8051,2.0404,-1.1318,-7.5646,-9.4315,-5.9115,2.6997,12.204,13.991,8.8344,5.4863,3.6347,0.16598,0.49382,1.3363,-6.1116,-10.393,-2.559,2.8573,1.6977,2.4608,1.7843,-0.56478,0.041632,0.57422,2.2157,2.3573,-4.1481,-1.7603,11.429,9.8091,-2.4267,-5.6415,-8.4521,-10.433,-3.3679,-4.383,-11.651,-3.701,4.9981,1.7348,5.5842,11.835,4.674,0.68673,5.0415,-0.52858,-9.4,-5.8788,2.975,7.7773,7.0451,3.1216,1.9865,0.60266,-4.3028,-3.196,1.927,-0.20545,-3.9957,-5.1244,-6.4809,0.1929,10.575,6.9325,-2.1672,-2.9678,-5.8098,-12.789,-12.701,-5.3213,6.6242,15.27,6.8789,-6.5155,-1.9068,11.816,14.666,5.123,-7.4504,-9.2349,-0.39176,0.98049,-3.6786,-1.1008,1.757,2.9392,6.6752,0.37441,-10.001,-4.7993,0.73508,-4.8715,-2.0294,6.7686,4.3465,-1.4888,-2.3673,-2.2603,-1.6799,-0.18157,4.2751,10.251,5.6257,-8.3072,-13.205,-6.688,0.6944,7.4607,9.3466,1.3469,-1.6721,5.5794,1.5981,-9.3536,-5.3493,-1.0352,-2.9643,6.7288,8.647,-6.6013,-5.2066,4.4141,0.14905,3.7376,9.6257,0.4068,-2.7131,-2.2993,-7.3536,1.2458,5.7447,-8.9382,-9.7629,1.0191,0.72225,2.3474,6.051,1.962,-2.571,-5.1877,-0.19014,6.7274,-3.9387,-11.081,3.3105,9.5618,2.1575,-0.48359,1.1642,7.295,9.0618,1.2399,1.5954,0.41893,-10.182,-3.5912,4.4375,-7.0811,-6.1937,2.3081,-6.3465,-8.8118,-4.124,-6.08,3.9093,13.525,5.1208,5.1922,10.204,-1.4418,-6.2964,4.8355,5.7439,-5.2347,-10.552,-7.4319,-3.6061,-2.022,2.3668,10.306,13.584,4.871,-11.041,-15.973,-5.0948,5.6725,10.749,10.275,2.3654,0.12785,2.9138,-3.4115,-3.9193,2.6713,-7.7067,-15.603,-1.6424,4.5333,-1.9482,-1.4267,-0.58982,-0.3474,3.9383,3.0019,2.0803,3.4981,-2.6155,-3.999,2.4917,0.38404,-0.19492,5.878,2.3689,1.5205,10.333,5.5508,-4.5825,-1.1411,-0.67302,-7.1891,-7.3568,-5.3769,-0.65191,5.5045,-1.1992,-6.742,3.2544,4.8652,-2.4207,3.4807,5.4025,-5.4963,-4.0909,1.6673,-5.6447,-7.3489,-2.6876,-6.7485,-3.6164,7.7975,4.6429,-0.4758,8.3617,13.853,12.721,11.065,0.49967,-7.5255,-1.182,1.5753,-1.0342,1.952,-0.54898,-8.8559,-10.971,-8.3921,-0.93142,3.2625,-5.0975,-7.4814,-4.5059,-12.31,-7.8284,6.3723,-2.0711,-4.5519,15.215,14.834,3.3856,9.0765,9.2553,4.4084,8.404,3.888,-2.5089,0.89772,-2.2954,-5.2367,1.4572,-0.78406,-10.231,-10.594,-3.6646,2.7449,1.2235,-4.8059,-3.3924,1.6957,4.0773,4.1129,-0.98584,-5.387,-5.4493,-6.3899,-2.2187,3.4631,-1.3562,-4.7121,-2.4,-4.2376,0.13164,10.244,11.162,8.5888,5.1019,0.070445,5.4067,13.081,10.729,6.6381,1.0585,-4.1945,-1.0861,-0.91042,-5.6519,-4.3724,-4.0936,-5.9319,-7.0288,-15.719,-19.455,-11.103,-12.185,-16.961,-9.0175,-2.4181,1.5788,10.169,10.052,5.9177,13.659,24.738,29.24,25.851,18.409,20.682,24.47,7.3122,-14.218,-16.493,-15.796,-23.886,-27.108,-24.82,-24.457,-20.913,-13.533,-7.4224,-0.9118,3.5346,3.1925,6.576,13.553,14.771,13.366,12.681,11.13,13.191,12.075,1.6956,0.27453,6.9765,0.52281,-5.1715,0.92493,-3.7552,-10.147,0.081059,-0.77788,-14.598,-7.642,3.6344,-4.5093,-8.0293,-2.7122,-3.9441,1.9452,12.46,6.0316,-4.9067,-7.4889,-10.67,-8.1623,1.2449,0.27462,-6.0238,-2.2481,7.3644,14.773,15.05,8.6645,6.2216,8.6618,8.7366,8.0318,4.8477,-3.9911,-10.06,-8.2018,-3.7025,-4.9127,-14.813,-19.217,-9.0015,-0.93787,-1.5782,1.4513,5.2315,4.062,5.303,8.6135,9.9131,9.511,2.8194,-6.2122,-5.6032,-0.83771,-2.5203,-6.5239,-8.7586,-9.0205,-4.07,3.1763,7.7493,12.009,12.108,2.4714,-2.8536,5.5084,9.1022,2.5007,4.3266,8.0139,-3.9193,-14.076,-8.7753,-5.67,-8.2379,-6.5438,-7.4868,-10.272,-3.4559,5.0181,5.1783,1.9857,-1.644,-3.2348,1.147,8.0463,13.542,12.291,2.0072,-2.297,4.279,5.991,4.0722,3.2092,-6.3077,-12.03,-3.2715,-3.8392,-12.588,-3.6102,8.6935,4.9049,0.24269,-0.17065,-3.9688,-2.8128,4.8271,4.8513,-3.1058,-4.6927,2.4918,5.5566,-1.0293,-9.6171,-12.173,-4.1883,8.3062,10.668,5.4975,5.7923,5.9182,-0.40508,-2.8084,-0.11903,-2.7566,-6.6861,-2.5482,0.75882,-3.3329,-0.26197,9.3446,5.4003,-3.4635,-0.67423,-0.26758,-4.3661,2.0498,7.6706,1.5555,-4.4316,-5.3521,-3.2987,-0.40927,-0.61005,0.20789,-0.10574,-7.9881,-10.272,-2.3236,1.3869,3.0265,8.1601,9.8764,8.1111,3.3016,-2.5198,0.18554,5.6754,4.6513,1.4696,-4.5531,-8.2322,0.10041,4.2935,-4.3026,-5.4252,1.2496,-1.2322,-8.3181,-9.8523,-7.5899,-2.4965,6.2093,11.697,8.2205,3.7863,2.9928,-0.18218,0.20478,5.3382,0.021261,-6.6145,-1.3027,-2.4442,-8.9313,-1.4625,5.5838,2.2343,1.8811,1.1283,-2.5891,-0.50014,1.989,1.2049,0.94076,-0.41518,1.1952,5.2602,2.7461,-1.1008,-1.7337,-4.3769,-3.8341,-0.25067,-4.0341,-8.8633,-5.3291,-0.1644,1.0772,0.90354,2.8273,8.5364,13.431,11.095,3.768,-0.86588,-1.8842,-4.02,-6.4708,-7.4804,-9.0049,-8.164,-4.5128,-1.0222,7.1575,12.825,3.2566,-3.4491,4.0735,4.278,-2.4099,-1.3219,-2.5293,-5.4413,0.96592,5.2764,2.9623,2.4712,-1.5356,-8.9114,-7.1299,3.1347,8.3923,1.7405,-4.3796,2.0891,6.7126,0.33384,-1.3701,2.2337,-0.65164,-4.7327,-5.2768,-5.1865,-3.3137,-2.1617,-3.0514,-1.1157,2.8729,6.2011,6.9268,2.7722,1.1357,4.9602,2.9626,-2.8008,-1.0919,2.9318,3.2587,1.2321,-4.6303,-7.2269,0.10486,4.5778,-0.63174,-5.201,-6.0874,-5.3301,-3.0231,-3.0565,-1.7282,5.3733,8.9464,8.1086,7.3434,-1.4431,-10.244,-4.6536,0.26587,-0.29888,6.5969,5.0006,-11.397,-14.824,-4.2625,3.2499,11.514,18.036,14.593,6.7432,-1.5576,-7.2871,-8.2163,-8.0555,-2.2405,7.1555,5.7987,-2.3864,-9.5959,-15.045,-6.8501,7.1038,4.4931,-1.5858,1.241,-1.019,-5.8008,-6.3554,-8.3124,-5.8991,0.6966,0.87482,1.4473,10.61,20.528,19.865,7.651,1.3822,10.961,19.805,15.657,0.65922,-16.262,-19.969,-15.435,-17.931,-19.847,-17.873,-16.804,-7.892,1.7138,0.91848,2.9144,6.2424,2.8758,6.1155,11.533,7.7539,7.6858,11.091,7.8681,7.6925,12.799,12.121,6.3901,4.1506,5.7575,1.5447,-9.036,-15.083,-16.07,-12.547,-6.0929,-10.382,-15.401,-6.3178,-7.0813,-16.876,-6.4787,6.025,4.4223,9.3795,16.754,14.85,9.1074,1.3438,4.5878,14.673,4.2617,-6.5445,4.6129,8.559,2.964,4.8102,-0.55052,-9.1708,-9.231,-13.278,-12.217,1.9004,5.5183,-0.98706,-1.459,-3.9832,-10.026,-8.135,-2.2306,-1.7309,-2.4951,3.2955,8.1822,3.3485,-0.8933,2.0819,5.4304,8.0493,8.6679,5.9874,3.5903,-2.4029,-7.0497,1.4821,9.5897,6.2519,1.8343,-4.41,-10.284,-5.0068,0.087475,-2.4355,-2.0628,-2.4899,-6.9022,-4.9804,-0.64441,-5.9144,-13.411,-6.1454,7.2265,4.3342,0.22578,13.352,16.65,3.7401,1.8818,3.0773,-1.4746,2.9494,5.0414,-0.73711,0.1792,-3.3768,-10.426,-1.8855,4.4743,-2.1978,-4.1684,-5.7762,-7.1459,4.1156,9.2199,-1.4409,-6.4703,-4.7392,-4.6202,-0.12255,5.6713,6.0518,2.558,-2.8012,-3.5662,0.89787,2.2891,4.8945,9.2773,2.3546,-6.4497,-1.5731,3.4796,2.5206,5.4225,3.4953,-5.504,-6.3036,-4.8753,-9.111,-7.3335,-2.7586,-2.8462,2.4885,9.9728,7.9914,1.9448,-2.9009,-4.7227,-0.10934,5.0212,6.4173,5.4895,1.6098,0.41144,0.26788,-8.5798,-13.855,-4.5004,5.1455,7.6704,4.3896,-3.1248,-2.5258,2.5709,-2.6664,-5.6972,1.648,4.1087,1.508,2.0245,3.9873,4.8223,-2.0917,-12.614,-9.4327,1.6826,5.5906,6.5824,5.6531,0.57316,-0.11993,2.6291,1.143,-2.1723,-5.7009,-9.5533,-8.076,-0.53646,4.9036,4.6029,4.1429,4.7724,2.5644,2.2996,5.9806,5.4584,2.202,-1.8349,-11.901,-15.712,-4.7745,1.2143,-3.6664,-4.6343,-0.92975,3.9736,9.0186,6.9457,1.7169,2.867,5.897,6.4201,5.6478,2.5977,-1.5368,-6.9935,-12.729,-10.666,-3.7846,-1.5371,1.844,6.8681,2.8529,-1.832,2.0959,1.8657,-1.8001,3.928,6.3106,-3.4704,-5.8495,3.1005,5.8004,-0.3349,-6.0709,-6.2113,-3.1582,-3.2926,-1.917,3.7308,1.9808,-2.2153,2.5682,4.1091,1.5638,6.5751,7.7255,1.8335,1.274,1.4235,2.3135,6.1931,-1.8896,-13.878,-10.916,-6.0197,-6.2338,-3.6475,-4.2199,-4.5937,3.0958,8.3204,6.7442,0.76253,-6.848,-1.8463,11.76,13.407,7.5154,3.1664,-2.1246,-2.7405,0.40683,0.75913,-0.14575,-8.6226,-19.24,-9.8615,6.6796,6.2862,4.7853,10.469,3.5107,-7.9771,-1.0523,8.179,-1.6917,-11.191,-4.9933,-0.63854,1.0726,10.935,10.415,-4.9239,-9.8572,-6.2914,-7.5343,-4.5958,2.4687,5.4436,6.5982,4.6056,1.8404,4.8919,6.1578,1.1191,-2.8797,-3.1094,0.099548,3.1408,1.4639,-0.31705,0.3241,0.24068,-1.838,-6.627,-7.173,-1.8449,-2.7787,-3.1667,3.7808,0.17308,-4.4842,5.4003,3.5408,-7.3636,0.57301,5.7592,-2.4,-0.46354,2.1044,-0.13674,5.7595,2.9881,-7.1768,-1.4947,3.9922,1.2677,8.1845,12.266,4.3053,-0.41987,-4.1255,-7.5699,-1.2075,5.1852,2.9829,-3.5754,-11.251,-11.302,-4.3985,-3.9333,-4.5981,2.3042,4.7379,-3.3959,-11.378,-10.068,-0.042424,9.2271,10.145,5.6031,2.8379,6.1028,11.705,13.359,11.686,7.6323,1.2702,-3.9489,-8.2823,-9.2413,-2.8561,-0.081516,-3.7949,-0.57853,0.48723,-11.257,-12.628,1.7527,2.2696,-10.866,-9.6926,0.10879,-4.605,-10.6,0.74621,8.0376,-0.96362,-1.8456,9.0785,14.578,14.1,8.4273,5.371,15.991,16.286,-2.2268,-4.702,3.5885,-3.526,-7.4474,-2.4232,-4.0124,-2.3801,0.4739,-6.2492,-10.047,-12.17,-15.833,-8.9993,-7.0864,-17.754,-16.218,-7.386,-2.4722,11.521,20.185,12.096,11.9,18.434,15.656,14.839,19.64,21.605,18.396,5.7087,-7.6639,-8.8747,-8.5071,-15.473,-23.853,-28.448,-23.985,-14.413,-8.117,-0.94392,5.0253,4.6033,4.9891,1.6027,-8.3115,-6.1863,5.7345,11.027,16.216,21.103,14.554,4.5708,0.068273,0.52637,4.3748,2.0521,-6.4015,-6.4268,-0.26947,0.41317,-1.8959,-1.6104,0.072693,-1.2354,-4.7575,-3.8701,-1.7887,-4.2078,-6.0889,-7.9194,-8.5046,0.81418,5.6685,-5.4255,-8.9049,-0.43653,1.2294,5.4675,13.946,6.5803,-2.4434,5.013,10.204,6.7835,5.0514,0.57073,-3.0175,0.84472,1.6155,-0.13046,1.7727,-0.39001,-1.8784,2.7974,-1.8476,-13.86,-15.071,-10.487,-8.805,-3.6279,3.6202,2.9412,-1.2988,6.3709,17.148,8.346,-1.8721,6.4816,5.0552,-8.3876,-7.4732,-8.4023,-9.909,9.815,13.432,-7.3408,-4.6219,5.4511,0.5613,9.1439,15.585,3.2817,0.035515,-2.7456,-9.8703,0.055497,2.8544,-8.314,-5.5786,-6.6626,-15.299,-5.9449,3.1394,2.1997,4.4435,1.305,0.46263,4.545,-3.4613,-2.8239,8.1009,1.1094,-0.012939,10.653,4.75,6.3827,15.023,-3.0646,-13.241,-0.5022,-4.3124,-11.124,-2.1928,1.1326,0.26984,3.1136,7.0694,9.5313,-1.5063,-10.056,-1.1889,-5.7993,-14.789,1.0802,7.0818,-5.9215,-7.6253,-7.0835,-1.9015,12.332,5.8962,-2.662,10.593,11.383,3.2846,7.4894,4.2072,4.0423,11.562,-4.2118,-13.909,5.115,2.0516,-18.276,-10.993,-1.1186,-9.2606,-10.72,-5.8224,-2.9739,6.4,11.579,1.6452,-2.8563,8.9743,17.206,13.797,6.1385,-8.9381,-20.421,-11.106,-0.91953,-1.9589,4.0035,5.9238,-5.3103,-1.5111,11.685,7.9234,0.99477,0.77823,-0.11581,4.3124,9.5093,7.0508,3.476,-3.6045,-12.981,-15.633,-18.778,-17.696,-1.3509,7.8314,-0.28714,-3.9802,-2.8088,-3.404,5.3705,19.222,21.649,10.678,-2.3625,-2.7806,5.2179,5.4414,5.764,11.24,0.12826,-20.707,-18.253,-1.8193,0.049387,-5.706,-6.5027,-7.9912,-7.1291,3.3868,13.793,12.886,3.6506,-5.3989,-8.1624,-4.466,-0.2067,1.2345,2.8368,4.8436,1.5061,-4.4719,-0.74951,8.7838,6.6294,-4.2555,-7.5037,-2.1223,4.2627,7.6497,7.7347,6.0834,0.20359,-5.9238,-2.396,0.51477,-5.8095,-6.4683,-4.909,-11.998,-8.7973,5.0806,6.1199,1.205,0.78695,-1.1956,1.772,8.1291,7.4196,6.0671,3.0602,-1.0791,7.0173,8.3882,-11.803,-20.99,-13.057,-9.417,0.39006,11.877,3.4073,-3.7108,5.7927,10.961,11.001,12.835,5.8786,-5.8848,-10.608,-9.0673,-4.7062,-3.4087,-4.2757,0.54895,2.5897,-1.5829,2.5095,8.1984,3.0674,-1.2762,-2.3686,-4.6975,-0.89291,0.51888,-7.0433,-7.322,-2.8053,-2.5061,2.4639,3.2331,-3.64,2.4419,9.2842,1.8752,2.3583,6.3471,0.86063,7.6098,16.015,2.8124,-5.0931,-0.21104,-3.667,-2.8158,3.6354,-3.2331,-9.6051,-7.7143,-9.3333,-6.1288,-0.20738,-3.4649,-0.83054,5.5683,-4.5762,-10.594,2.682,4.4195,-7.9618,-5.6325,0.89653,-4.2492,-0.59665,13.961,20.481,22.885,20.451,7.168,3.3571,8.4603,-1.5101,-10.938,-4.707,-4.6982,-11.775,-11.119,-7.888,-5.7104,-5.4543,-5.3328,0.99671,-2.7043,-19.707,-18.461,-5.6947,-8.58,-9.1489,1.1908,4.5234,7.4686,15.515,19.028,20.29,20.364,21.351,28.698,29.028,17.342,6.8999,-5.7851,-21.602,-26.907,-25.611,-25.395,-22.916,-22.194,-23.56,-16.154,-0.83479,6.0695,-0.8859,-1.0662,12.586,13.306,4.3695,14.549,22.32,6.0821,-1.9337,5.4214,4.9367,6.3472,13.223,6.3983,-2.9493,2.9803,9.8488,5.3287,-2.4408,-7.6023,-12.988,-16.686,-12.62,-6.6081,-7.3584,-9.2996,-9.0244,-8.9002,-3.5362,3.9254,4.457,5.2389,9.0613,7.0688,3.5918,4.8552,5.4342,2.0367,-2.7501,-1.8966,3.4538,-0.4922,-5.7642,4.5152,12.694,9.1159,11.738,10.625,-5.3088,-11.583,-6.4088,-9.0758,-9.7797,-1.0216,4.3479,4.1402,0.68698,-6.4081,-9.1887,-2.7955,3.7319,-2.436,-15.05,-11.299,2.7741,0.30716,-10.112,-9.0863,-3.2798,7.4132,24.651,28.937,19.07,14.904,13.323,3.309,-4.5376,-3.2383,-6.4245,-16.477,-14.115,0.29815,2.1866,-10.649,-17.279,-9.3239,1.9818,0.96678,-6.1063,0.67401,8.9849,0.31015,-5.1134,0.88044,-1.9854,-5.7427,3.8919,8.533,0.82935,0.24368,10.49,15.452,11.885,8.5646,1.509,-8.9445,-3.5335,10.889,6.2915,-7.2408,-9.2742,-8.8036,-8.6596,-5.7488,-9.6129,-14.174,-6.7033,1.8564,-1.246,-7.4114,-1.2969,11.233,11.418,8.0303,15.147,15.554,5.5904,1.9285,-1.7085,-6.6834,-3.4138,-6.03,-15.274,-12.829,-6.399,-0.12874,13.315,16.055,4.9754,2.6503,3.5663,-2.2455,-3.0692,-2.5106,-6.7971,-4.2396,1.2241,-4.3948,-12.573,-8.0719,6.1933,13.761,7.4286,0.45424,1.0528,0.18221,-2.4966,-0.56836,1.7994,4.6552,8.4906,0.44668,-14.81,-13.823,-1.5698,1.7717,0.73474,1.9537,0.24016,1.7454,10.08,11.838,7.4209,9.3877,6.3522,-12.381,-20.452,-4.7889,2.8234,-7.0862,-8.6942,-4.0835,-6.325,-3.7475,4.0798,7.5696,10.348,7.7348,0.29872,2.8952,6.875,3.6442,5.061,1.0451,-13.771,-13.91,-1.7052,2.4099,3.9952,4.8365,1.3616,0.64837,-0.24105,-1.6626,0.61042,-3.3595,-8.5182,-3.6132,-0.93046,1.7569,12.073,10.724,-1.1059,-6.8427,-11.461,-7.2215,6.3856,3.0922,-3.1373,8.0124,8.2612,-0.22592,7.3639,7.7555,-4.4381,-3.9925,-5.1947,-15.491,-13.076,-5.3093,0.75421,14.319,16.303,0.37036,-5.5694,-1.9665,-3.8992,-1.9936,3.9739,2.3035,-1.5964,0.80242,6.3492,7.8305,3.8359,1.2106,-0.16928,-5.5144,-7.5269,-3.6442,-4.0753,-6.9833,-5.5705,-2.5528,2.1392,6.4705,3.9727,-0.35627,-0.65166,-0.18326,1.5544,4.9423,5.359,4.0425,4.8763,5.5032,1.177,-6.8576,-10.244,-6.4815,-2.4269,-1.2577,-2.8607,-4.8504,-0.0019787,6.8547,4.7654,2.9696,9.5269,10.948,2.3552,-5.2774,-7.8541,-6.2157,-1.8219,-2.0798,-8.9988,-12.03,-5.2845,2.9846,4.671,1.7737,2.3465,10.891,16.093,6.9533,-0.98749,2.3274,0.010503,-6.7955,-5.115,-5.6653,-8.2885,-0.97918,5.3248,5.8622,5.8105,-0.094685,-2.254,1.7732,-5.8975,-10.936,-2.2497,-3.4572,-5.9608,1.3467,-4.564,-7.4229,10.786,15.062,6.3953,10.771,6.999,-7.3499,-4.6617,3.8871,1.1935,-1.8286,1.0898,3.4853,-1.1731,-8.1851,-8.9434,-7.8489,-4.1294,4.6767,3.5586,-4.6476,-2.1252,3.9269,6.2482,6.4695,-0.32852,-4.1316,-0.55946,-3.7044,-4.0321,5.1985,6.5121,5.1672,6.3804,-3.1844,-9.2049,-1.2623,0.33271,-2.7332,0.72282,0.65796,-1.8219,2.5629,7.2607,2.9261,-8.4703,-11.696,-0.88572,6.0331,2.9352,0.64684,-0.91155,0.89587,9.278,9.1266,-3.3212,-10.71,-6.594,0.56407,1.4662,-4.7595,-9.3825,-6.8518,2.3549,12.651,13.77,7.4491,2.0303,-3.9322,-6.7228,-1.8885,1.6462,2.9851,5.7721,1.7584,-8.2183,-14.355,-13.68,-3.644,8.3801,7.952,1.3772,2.006,7.2709,9.8093,5.7338,-0.78459,-0.88766,1.2134,-3.1275,-10.445,-14.128,-10.503,-1.5274,3.4875,2.0946,1.6832,5.5108,8.3565,5.5274,3.3974,6.0582,3.3467,-2.3,0.97205,2.1071,-4.8266,-4.8877,-1.6883,-4.2081,-3.8329,-3.1611,-7.1582,-5.1299,0.98002,1.6197,1.5264,3.8033,5.9922,6.1618,0.55228,-4.7501,-0.56998,5.6174,3.9486,-2.5865,-4.8309,1.3574,5.5784,1.0427,0.56164,4.7786,-1.277,-8.6398,-2.9539,1.6024,-2.7688,-0.15611,7.122,0.70427,-9.4328,-4.4766,1.3506,-4.0421,-2.5194,6.2254,2.0828,-5.4169,-0.85501,2.392,-1.1228,0.15137,4.0919,5.0857,6.9598,7.7975,1.1191,-9.3096,-9.876,1.9402,7.9281,2.9535,4.1605,6.5345,-4.7411,-10.872,-0.56862,3.5345,-2.5721,-4.301,-3.7582,-0.65327,5.8217,-1.1352,-16.8,-12.418,6.6475,11.698,3.3846,-1.3286,-2.7624,-7.6058,-8.8974,1.1489,12.159,12.505,7.8657,4.6698,2.433,3.8754,9.3118,13.427,10.15,-2.0157,-9.9236,-6.4647,-8.9274,-18.182,-14.753,-5.1321,-1.8579,-0.68368,-4.7455,-8.9585,-1.6183,4.0281,3.4388,6.4154,2.7998,-3.3152,0.17404,-3.0049,-6.418,3.8304,1.5461,-4.2297,14.835,25.201,17.138,22.938,23.156,6.2439,2.1239,3.0292,-3.4394,-7.5445,-18.569,-29.871,-28.956,-34.666,-37.909,-19.991,-5.2028,1.635,13.088,14.461,9.4614,10.941,8.9458,8.4308,12.813,10.89,14.903,24.92,18.887,10.613,16.367,17.488,10.058,5.6563,-4.0369,-23.231,-33.241,-28.004,-26.677,-29.601,-19.485,-7.9721,-6.4196,-1.6093,-0.20591,-5.5594,2.6994,12.231,7.2167,7.4434,12.293,10.459,11.254,13.838,19.642,26.982,15.14,1.9106,10.422,9.7404,-4.8564,-8.3763,-11.145,-13.518,-9.7381,-16.143,-19.6,-13.442,-21.683,-27.334,-16.215,-11.393,-3.1928,13.633,16.675,19.348,27.074,20.26,14.85,16.533,5.6928,-4.0667,-2.7996,-4.2618,-5.5575,-6.1334,-12.703,-14.933,-4.4924,9.202,9.589,1.2407,7.0427,13.697,3.6136,4.2029,9.6403,-9.2766,-21.846,-17.869,-27.887,-28.747,-8.2848,-1.2886,2.7459,17.181,17.497,12.787,17.054,17.415,19.159,20.447,11.119,6.972,1.5701,-19.687,-28.498,-19.831,-21.28,-24.581,-17.138,-7.5255,6.051,19.066,20.798,16.719,9.3481,2.968,6.4873,6.17,-3.0087,-0.1769,9.55,7.7685,2.8016,-1.418,-10.076,-12.982,-10.088,-13.084,-14.972,-10.794,-9.7923,-6.4742,4.3121,8.7414,8.8339,14.729,10.913,-2.6087,0.36021,11.261,8.3375,3.8972,3.3112,-0.89416,1.0453,5.8753,3.2107,5.6421,10.373,1.9031,-7.415,-10.012,-17.591,-26.149,-23.161,-9.8019,-2.8302,-10.592,-8.3193,11.613,16.81,8.6848,11.369,14.965,16.181,18.408,6.3942,-4.7207,2.1394,0.28889,-10.647,-7.0981,-1.6658,-2.2924,-0.30855,-1.236,-1.2405,1.4327,-7.5014,-16.783,-9.754,-1.3894,-0.93207,1.9432,8.2454,9.2356,5.6672,7.7871,10.066,-0.75466,-11.484,-11.095,-11.664,-8.3438,5.69,12.341,8.0079,3.8127,-1.4297,-4.8047,-1.1451,4.9946,9.4387,8.5494,4.2543,1.0451,-7.1093,-15.94,-12.872,-4.4776,3.541,11.826,11.628,6.4642,3.4499,-4.0722,-9.2078,-5.8301,-6.489,-8.7816,-6.1913,-6.8864,-8.0337,-3.5915,4.6856,15.815,18.203,9.0548,3.8135,-0.96355,-6.7116,1.2317,7.1094,-2.5246,-5.4176,-1.9393,-3.4582,4.3574,12.849,3.6622,-3.2839,0.50941,-3.7268,-10.513,-5.7281,2.0007,3.1351,-1.5735,-8.9911,-13.553,-10.182,0.058094,6.8812,1.5948,-4.3996,2.4751,10.869,9.6787,7.065,3.4695,-4.0662,-2.6556,7.0052,7.2878,2.0029,3.0458,4.506,1.6497,-2.8294,-5.341,-0.67148,3.4649,-2.9301,-8.3659,-6.3914,-6.5932,-6.9299,-5.4909,-9.04,-8.5173,3.0812,8.5713,0.53722,-2.8206,6.1408,9.6372,0.80596,-1.3958,6.0836,5.8405,3.0213,7.0868,4.7162,-1.2977,3.368,4.5735,-5.2878,-6.4564,1.6112,2.7202,0.12133,1.1453,0.65381,-3.4073,-7.1215,-7.748,-3.4958,-0.60377,-9.7153,-20.289,-11.719,5.2539,9.4105,8.9888,9.6027,0.59272,-4.874,6.5205,14.493,12.477,12.815,2.5715,-19.997,-22.532,-2.6333,11.713,15.43,11.39,-0.72435,-5.2968,0.52151,0.62505,-0.29597,3.3473,-3.6202,-15.849,-13.924,-6.045,-3.8907,-1.1833,0.98167,-2.7707,-4.4155,0.80205,4.5931,4.6561,6.7462,6.2359,-1.1157,-1.565,7.6181,6.882,-3.0026,-3.1164,4.1139,8.418,9.8923,5.5758,-3.2869,-6.619,-4.8754,-5.405,-5.5182,0.71979,7.2676,3.1709,-5.5354,-6.0108,-4.9197,-9.193,-7.5803,1.7463,6.2255,2.959,-2.6646,-5.5912,-2.6779,1.995,2.9405,1.9992,2.4992,1.9286,-2.2097,-2.8686,4.0728,8.3148,7.0925,6.2989,-0.95485,-11.374,-5.7249,8.6222,12.17,11.497,13.082,6.8491,-6.2544,-10.308,-0.9472,4.2347,-3.1807,-8.0703,-11.964,-25.658,-27.172,-7.9914,0.37101,-6.2406,-6.5444,-3.9552,-2.5826,3.82,9.4601,12.738,17.429,17.876,17.401,23.319,25.079,16.267,9.2561,10.231,9.0834,-1.3992,-12.846,-16.159,-17.552,-23.992,-29.609,-29.182,-25.622,-22.603,-20.168,-13.396,-0.62303,9.4782,12.745,15.702,19.63,21.807,24.145,25.019,21.603,16.114,9.2706,5.1455,6.2867,0.52611,-10.601,-9.242,-6.8909,-16.111,-15.418,-7.2397,-12.572,-13.779,-4.0352,-5.4917,-6.9716,2.8884,1.675,-8.1946,-7.5536,-3.6361,-3.2328,-2.2583,1.8323,12.449,21.969,23.334,22.408,13.1,-2.2984,-1.0974,4.4635,-7.2362,-12.142,-2.2705,-3.0574,-7.965,-5.6217,-9.1139,-10.025,0.83861,4.8546,3.776,9.6042,7.8212,-1.4506,-2.5949,-4.4035,-9.6543,-7.1576,-4.9944,-4.7973,2.2455,3.1098,-4.32,-2.8221,1.3304,0.061325,1.8357,4.1241,6.5746,13.996,15.576,7.272,-2.4816,-5.8977,5.3655,12.864,-4.1818,-13.613,0.72504,2.3931,-8.3514,-5.9828,0.049737,0.78589,-6.347,-21.478,-18.084,1.9301,2.6624,-2.9215,7.3815,10.149,3.0096,6.0425,8.1712,1.2542,0.92097,7.8731,7.2103,-0.31156,-1.1401,-0.66309,-11.046,-13.307,3.2563,9.5587,3.168,9.3261,13.911,3.6655,0.86874,0.17668,-14.596,-17.782,-3.8701,-4.1411,-10.106,-1.7587,-1.0925,-10.063,-3.4823,5.0769,-0.26832,-0.40252,6.7533,8.8291,11.191,11.686,3.8225,-1.8566,0.9887,6.8103,7.0255,-2.5879,-7.4533,1.0779,3.8999,-4.4585,-5.3639,3.0518,4.7118,-5.4015,-13.366,-9.9655,-7.0909,-7.6272,-0.60034,5.0646,1.5913,-0.14747,-1.2818,-0.54925,12.427,19.231,3.9891,-9.5753,-6.2169,0.49287,1.2888,-0.51767,1.3537,6.3086
14.483,15.361,-0.81701,-8.2743,-1.6814,-7.5607,-13.038,-7.899,-7.7869,-4.8016,1.344,1.8682,6.3659,3.2437,-9.0483,-2.8513,6.5116,1.0156,0.94166,0.77769,-2.0791,8.2598,11.018,1.8367,-0.65872,-10.972,-13.971,11.493,17.611,-1.3392,4.6321,15.265,0.53587,-10.47,-7.6183,-4.7353,-1.7832,-0.34651,-0.59747,1.2421,4.5871,5.3382,-4.4951,-16.214,-14.303,-9.4844,-8.611,-9.6527,-18.627,-10.382,22.62,29.177,17.503,28.968,22.609,-5.9127,-0.033327,7.8031,-10.691,-1.7121,17.012,-2.1865,-15.876,-5.0292,-9.6534,-22.043,-16.907,-7.321,-7.4541,-8.8937,-0.096774,7.5402,4.3854,8.7797,15.098,5.8412,5.8301,13.106,-1.9646,-11.107,-0.43844,-2.1931,-1.5379,12.181,8.6736,0.51685,0.8608,-7.1264,-2.2625,17.174,11.143,-5.269,-4.129,-7.4605,-20.995,-23.518,-10.645,3.9631,5.0611,0.31894,1.4545,-0.53686,0.63471,10.305,8.7955,5.4051,11.973,3.6725,-10.246,-3.869,2.9392,1.4119,5.865,9.3625,6.1176,-2.2626,-11.414,-5.5561,5.7393,0.50863,-5.455,0.23612,-0.48733,-9.8892,-10.772,-1.5678,0.63618,-5.3252,-0.93135,4.433,-4.3631,-4.6393,5.2498,5.6828,12.346,17.853,-2.5692,-10.818,8.4082,7.7741,-3.2355,7.8171,9.1766,-8.6035,-8.7215,0.7723,-6.5721,-10.86,3.1031,8.4962,-3.3829,-6.1067,0.28426,-5.4899,-11.661,-2.7108,2.7402,-4.7607,-6.1728,3.8612,10.214,8.6944,5.9649,4.3745,8.0376,14.898,7.8938,-9.4191,-9.4993,3.1661,-1.6215,-17.55,-11.973,8.4539,6.5398,-8.287,-0.67079,7.8253,-3.7543,0.52232,18.422,9.2583,-12.409,-13.3,6.3023,21.183,2.6746,-22.247,-15.948,-10.861,-14.015,2.0352,5.1392,-6.9607,0.43774,2.4364,4.7058,25.413,14.084,-4.8346,17.083,15.394,-5.4372,11.516,6.8482,-19.296,0.65547,8.7801,-21.427,-19.099,-1.7644,-6.3563,-6.0366,-4.6093,-9.8202,-5.9139,-0.48647,3.2431,6.0472,-0.20592,-1.6192,6.0616,5.1557,0.12228,5.8245,18.815,17.498,-0.30259,1.7863,14.898,-4.3515,-20.333,-3.0134,-0.10083,-9.3896,1.1857,5.1676,-2.5238,-0.53364,1.3031,0.061249,-3.3312,-11.309,-6.5572,3.8225,2.4614,2.881,-0.65913,-12.179,-5.3417,3.9151,-5.2231,-2.1639,11.109,6.1511,-2.8564,-3.914,-1.2803,9.2926,14.8,8.4615,9.0685,11.225,3.161,3.7527,10.342,-4.2222,-24.114,-19.098,-6.5798,-5.2079,-2.3829,-2.2666,-9.2502,-1.3847,10.216,0.59468,-3.9926,8.0138,5.2481,-6.5894,-1.88,9.7016,9.4038,-7.5794,-20.501,-2.0689,19.347,4.5719,-13.15,-0.99383,8.5813,0.13369,3.8363,17.017,9.9393,-2.404,3.6054,6.1052,-2.7165,-3.7691,-6.3754,-10.717,1.7093,10.23,0.84519,-6.7344,-10.549,-6.2244,4.33,-6.5596,-17.809,-3.039,0.50419,-9.1558,-6.4487,-4.5292,5.5355,14.078,-9.5223,-9.0981,21.591,-0.13716,-22.549,17.437,32.644,12.064,22.146,33.71,28.667,26.38,11.16,-4.7225,-12.924,-28.8,-27.857,-22.302,-39.665,-37.804,-29.019,-49.609,-39.863,-5.4697,-15.574,-20.834,16.251,38.75,48.956,68.739,66.257,49.8,47.556,37.412,11.274,-3.0869,-10.867,-35.808,-52.695,-33.789,-16.305,-27.423,-36.143,-28.184,-15.265,-2.0096,-0.1411,-6.8536,-1.6989,9.6745,10.894,4.8414,8.0394,23.723,21.053,1.3949,10.435,24.598,3.6637,-4.7723,11.974,4.4986,-10.523,-3.4418,4.2901,4.4206,-0.32887,-7.2352,-4.377,-3.6327,-8.3917,0.10129,2.8427,-12.256,-13.535,-2.3169,-1.9205,-5.2072,-8.7764,-12.01,-1.2156,8.6893,-2.3851,-7.1651,7.4794,5.5593,-6.3242,12.078,30.125,13.218,1.4109,8.2922,9.4487,13.679,9.7927,-17.192,-24.497,-5.2073,-0.25458,-5.6076,-8.6865,-10.842,-1.1746,4.8021,-2.4258,3.3291,10.791,-0.13048,-5.8438,-3.4844,-5.1656,1.4649,6.6635,-5.4481,-10.689,3.1237,9.8952,-1.0245,-11.328,-9.1326,1.302,7.7954,2.7996,5.9875,25.543,22.452,2.7092,10.855,3.704,-37.197,-24.357,19.664,2.7,-16.958,10.691,16.121,-7.4501,-16.154,-14.456,-6.4211,1.8536,1.4172,5.2957,2.4748,-10.873,-3.6754,8.9083,0.92053,0.79816,12.281,6.1664,-5.702,-3.4203,-1.5569,-3.6242,8.4029,20.698,9.5167,-3.5249,-3.5129,-3.7853,0.069067,-5.1331,-21.189,2.363,32.786,4.3963,-16.928,-3.3301,-14.731,-12.277,14.91,-3.0778,-17.982,9.3774,6.3606,-15.443,-5.8263,9.1173,12.109,1.7838,-5.684,13.538,13.958,-9.7919,2.2301,14.263,-2.1264,2.9773,3.5594,-17.114,-4.5649,12.314,-5.3368,-18.737,-18.058,-6.7898,17.007,19.694,3.2125,-0.78351,6.0309,14.074,2.9586,-19.692,-5.8937,11.062,-11.252,-12.129,4.1311,-20.331,-22.74,23.157,25.589,-6.7835,1.929,18.898,1.8624,-9.7891,0.40394,3.1849,-2.7821,-5.2,-5.2086,2.6195,6.6919,-8.6577,-9.0179,14.258,8.7891,-12.148,5.1882,30.8,21.062,-6.3934,-24.403,-23.952,-16.486,-10.841,5.8327,17.942,3.5898,-9.44,-9.1134,-10.568,-1.6731,11.741,8.3455,6.9607,13.716,4.0128,-12.045,-5.7639,12.419,9.1494,-10.559,-8.7782,11.149,15.644,3.9761,-7.9068,-4.0125,16.393,12.476,-19.055,-22.494,-4.8858,-10.434,-14.075,10.16,22.18,-6.7086,-31.508,-8.4754,15.148,-0.76122,-4.5766,14.028,11.564,6.5025,9.4685,4.4288,16.518,23.111,-8.1183,-14.928,5.8291,-9.0528,-23.418,-8.9835,-9.7221,-11.683,5.9425,11.145,2.3886,-0.27915,4.6414,6.581,-2.7227,2.0948,18.313,-2.3424,-23.01,6.8389,22.195,-0.32265,-5.0648,-6.6959,-22.177,-14.397,8.7167,15.877,2.7733,-18.064,-16.019,0.63887,-1.3989,3.6923,22.634,16.832,10.652,23.012,13.065,-5.1785,-2.0135,-5.6052,-14.708,-11.096,-13.549,-12.816,4.0774,3.2018,-15.508,-15.893,-3.9438,0.91696,1.8338,2.0494,6.696,17.04,17.085,3.47,-2.9778,7.1528,17.357,11.29,-4.5006,-12.45,-10.258,-10.372,-14.29,-7.7889,6.8745,10.582,10.206,15.181,1.2774,-22.398,-14.611,-0.34603,-12.596,-13.919,3.9961,8.7458,13.371,22.695,11.892,-4.0022,-5.1499,0.24174,4.7446,-1.3908,-3.3454,16.464,14.439,-15.75,-15.921,-7.988,-25.341,-16.703,9.3579,-0.15858,-12.441,-3.1176,2.1364,8.1458,18.452,24.298,26.483,10.013,-10.579,-2.7848,5.041,-3.1179,-1.8894,-5.1935,-12.623,1.2646,5.5167,-10.821,-8.3701,1.0712,-6.1371,-10.06,-3.8207,0.66758,-5.2739,-12.47,2.0694,10.348,-11.69,-5.1354,27.851,12.754,-10.465,17.691,36.683,12.569,-11.848,-14.842,-0.1508,5.4255,-13.161,-15.879,2.5695,4.5108,-1.1937,-5.2498,-14.379,-8.7374,0.2105,-3.9206,10.123,25.147,0.96615,-21.357,-7.3204,10.325,4.1386,-11.094,2.5044,27.285,6.5335,-19.394,-4.8484,-8.6552,-23.299,0.62369,3.5436,-16.295,10.441,29.267,2.9554,4.169,25.623,17.982,8.5006,13.822,11.919,-8.0366,-30.235,-21.11,2.3164,-2.6349,-10.969,-2.962,-8.7269,-21.862,-19.989,-10.347,-1.1259,-0.13451,-5.905,-7.4948,-2.9095,13.635,24.24,8.135,4.064,18.536,13.62,16.226,29.386,16.75,16.754,26.094,-1.3994,-11.901,4.4167,-2.9086,0.16205,-4.2419,-50.199,-49.727,-20.294,-46.978,-53.564,-25.086,-37.303,-30.099,14.425,21.672,31.129,70.841,82.796,66.812,46.764,35.794,34.017,-2.3069,-39.93,-12.127,9.2276,-22.164,-37.943,-37.01,-44.902,-38.685,-30.078,-24.196,-6.1141,-1.7388,-6.9009,9.395,26.018,27.134,24.747,14.801,5.1381,7.8977,4.4703,-7.7239,1.5775,22.235,8.4046,-13.881,8.9287,27.13,1.4574,-4.9412,5.8347,-13.13,-13.349,10.248,-10.788,-40.407,-18.711,8.648,0.94773,-14.611,-9.2061,9.3111,15.483,4.7677,-8.9394,-5.3122,20.053,18.969,-16.692,-13.927,16.625,11.411,2.0638,2.2657,-15.582,-10.741,16.124,11.482,2.4469,11.871,9.7994,0.71514,-6.9321,-10.318,5.9917,15.714,-4.2071,-23.276,-21.066,-8.661,-7.276,-15.529,-4.4396,11.777,7.9187,5.0473,-1.68,-10.769,11.286,22.882,-0.82789,-2.411,4.2653,-2.5774,13.775,14.62,-10.96,5.6541,22.174,-5.9439,-8.3869,11.986,-0.07332,-23.598,-28.914,-8.6107,11.457,-6.8761,-17.353,8.4698,5.7,-17.648,-6.0264,10.921,6.0596,-0.42454,2.5376,12.797,11.928,3.8234,16.075,22.98,6.3925,5.18,9.8338,-10.3,-21.087,-6.0624,-4.9727,-26.159,-28.694,-3.0313,5.9705,-10.064,-10.893,4.408,16.83,19.824,2.4523,-5.0934,13.211,2.6452,-16.617,11.294,23.094,0.31538,11.843,16.751,-17.787,-13.526,12.623,-7.9643,-21.001,6.9769,9.419,-17.163,-16.366,-2.3038,-6.6648,0.19185,18.324,3.7604,-15.177,3.6229,15.28,-1.5939,-2.7809,10,1.7487,-18.689,-16.074,11.032,17.105,-3.8365,0.03824,19.792,13.469,2.8012,-1.5537,-11.568,-3.603,8.4253,-5.5352,-6.5354,12.427,0.14015,-29.541,-28.777,-6.0671,5.8068,1.102,4.4031,22.232,21.136,-0.58282,-8.1281,-5.3564,-7.7866,-3.4718,4.8285,6.4749,7.4144,3.0668,-5.4371,2.9755,15.549,4.2849,-7.6262,0.53258,-0.38127,-15.09,-14.057,1.3738,13.182,8.675,-14.689,-18.582,10.311,12.788,-13.009,-6.8703,10.996,5.9079,4.5005,-2.3614,-17.456,6.3989,28.974,-1.2583,-6.8907,25.859,5.0171,-32.896,-12.728,4.2438,-14.928,-16.699,-0.21026,10.309,11.841,-0.284,-2.5165,10.765,4.8997,-1.3583,11.429,8.0862,5.6158,21.899,6.0338,-21.265,-4.3152,6.1311,-22.455,-32.356,-8.2526,7.9139,-2.1183,-13.499,0.54224,15.181,4.6641,-2.2785,5.4198,8.3621,8.6981,5.836,-0.051641,2.5605,2.2237,-3.0325,0.62225,2.5871,6.3561,14.828,-0.68004,-17.358,0.47895,8.8982,-10.659,-17.055,-8.506,1.7734,7.9594,-7.3173,-17.373,5.0783,14.944,-4.9921,-9.0467,7.0525,11.375,1.321,-6.2522,0.35303,13.689,10.735,-7.0699,-8.7223,7.5701,5.0147,-12.722,-2.8977,14.961,-0.9829,-10.166,12.978,9.8036,-19.297,-10.297,16.456,10.375,-3.2966,-0.36582,1.6187,0.479,-3.6467,-16.91,-19.443,-7.5251,-8.668,-14.531,-4.3182,2.6186,3.8895,21.371,34.933,23.105,12.029,13.823,11.372,6.3639,-1.4428,-24.451,-37.882,-17.55,-1.6066,-9.9458,-5.4338,3.1588,-12.543,-12.26,13.417,14.977,8.9056,24.299,23.754,2.0081,-11.577,-16.595,-4.6747,13.591,-0.0042608,-20.336,-11.956,-3.3957,-4.8814,-0.082923,4.9927,10.266,12.012,4.4948,6.6513,8.029,-10.407,-14.569,1.6547,5.8538,7.2395,7.8262,-6.2078,-9.681,-2.595,-9.1756,-10.227,-2.8694,-3.4533,6.4543,16.972,5.5962,0.32203,2.4489,-5.6662,2.6751,15.294,0.87682,-4.2555,5.8478,-2.7225,-7.2895,-5.5342,-21.026,-13.473,15.257,6.421,-8.1148,9.4181,11.989,-5.0852,-7.7507,-6.3701,-4.0979,4.0771,3.7638,2.3279,6.0199,5.2062,10.362,15.696,4.5813,0.96675,9.3842,-1.257,-17.8,-11.264,1.9477,-2.1851,-17.684,-20.915,-5.6818,3.6751,-4.291,-10.741,-3.7272,7.7246,9.5928,6.7005,13.39,14.08,0.88531,5.8545,22.646,15.424,3.5058,4.5782,-5.0778,-19.943,-23.347,-22.566,-10.354,11.306,13.897,-0.35907,-7.3524,-3.7624,4.1331,7.9713,4.6657,2.72,-2.6527,-16.669,-16.262,6.7265,18.775,3.3109,-10.569,-3.7554,3.1515,-1.945,-2.3933,5.588,10.939,13.525,10.995,1.4627,-1.4133,3.7371,0.98208,-8.0163,-8.1565,-1.5118,-4.9199,-14.117,-2.4579,17.652,6.6848,-12.379,-2.3206,1.6217,-16.488,-12.918,4.0075,-1.314,-3.9529,11.067,14.611,6.0894,0.73289,-5.0671,-3.7514,8.5792,10.604,-0.1414,-4.3079,-1.5949,3.5149,13.519,11.478,-8.8606,-12.769,5.3294,4.1252,-12.565,-9.8293,-2.9705,-6.6404,2.4014,15.17,5.7632,-10.672,-18.639,-21.684,-11.857,9.1287,19.915,17.176,14.704,11.187,-1.0699,-7.7047,1.4976,2.8603,-9.6729,-9.1644,-0.89916,-3.6811,-3.6415,2.8065,7.6176,16.729,17.53,1.38,-9.2607,-10.331,-11.495,-9.283,-2.523,13.776,20.716,-12.038,-33.315,-0.46119,14.902,-9.3736,-9.5689,2.8714,-2.1944,1.2459,7.3637,1.7694,2.7231,6.5984,5.9866,5.0185,1.2291,10.108,24.662,8.3369,-14.745,-7.6356,2.5851,-2.6261,-12.14,-18.447,-8.5751,2.3768,-9.7318,-14.383,3.6794,9.5409,3.64,4.8562,1.7705,-2.9409,1.2732,0.55419,-1.8252,12.685,25.206,12.356,-2.8328,1.0556,6.3601,-1.8918,-21.967,-40.052,-26.428,8.5326,17.466,9.5887,13.652,11.825,4.6759,6.3882,3.2255,0.95986,-0.87155,-18.061,-15.258,7.9797,-6.6768,-25.502,1.946,19.624,5.4577,2.978,8.6854,8.409,5.8272,-4.222,-8.7026,-2.0861,-3.0598,-9.5593,-13.117,-5.4053,20.459,28.493,4.5878,-4.5233,1.8811,-4.4361,-4.536,0.74497,-8.0102,-11.455,-4.9756,-2.1423,3.9718,4.4693,-10.224,-18.472,-9.4839,10.696,28.641,19.331,-4.6792,-4.4162,10.379,12.709,6.4501,-2.6485,-6.5523,-1.3877,-10.646,-25.352,-8.2393,6.7533,-15.623,-17.434,17.022,22.008,4.2312,8.0263,11.534,2.4379,-1.9982,-5.635,-3.8044,3.621,1.6064,-0.11141,-4.8217,-15.016,2.3893,16.619,-14.235,-25.012,1.0917,2.2036,0.94587,15.103,6.9297,3.2538,14.132,4.6772,2.5046,9.1457,-10.055,-14.845,8.3538,9.9365,-8.0049,-16.491,-2.9429,15.348,-3.9764,-23.477,1.8603,4.4475,-16.365,8.7825,21.091,-12.851,-13.427,5.8156,-2.9236,-1.2772,14.486,13.898,8.8696,7.2663,3.2815,-3.5683,-11.627,-12.802,-10.309,-3.3373,15.298,21.348,10.13,6.5302,-1.331,-11.648,-3.5921,0.64117,0.80742,4.621,-18.982,-35.151,-9.4755,-7.5053,-24.503,-0.29336,18.502,6.6729,11.147,19.232,14.317,14.937,10.32,4.6947,12.38,12.113,1.8424,-8.1451,-20.916,-15.335,7.0888,5.1358,-14.828,-15.82,1.2061,15.045,10.5,-5.513,-7.4981,-0.78411,-10.507,-19.777,-4.6068,4.0862,-14.682,-13.889,21.635,28.25,-9.5296,-25.847,5.9671,36.233,18.648,-16.886,-8.198,21.942,16.55,3.5444,8.8327,1.3825,-9.0961,-3.5783,-2.0443,0.88951,5.5947,-7.9385,-11.225,4.646,-4.4839,-22.431,-10.705,-1.1395,-12.258,-10.564,4.0851,-1.4933,-19.441,-13.143,6.4532,5.4497,0.94862,7.4458,4.1335,8.2225,29.563,27.069,12.979,18.89,16.07,16.425,39.579,22.116,-23.79,-15.473,3.1204,-18.454,-27.261,-30.245,-53.28,-45.026,-19.031,-26.742,-35.011,-28.312,-20.55,12.436,45.008,39.813,38.974,52.065,50.07,50.168,41.659,8.5261,-1.9435,4.8434,-14.475,-26.716,-19.275,-27.279,-29.668,-14.537,-15.02,-21.119,-17.086,-14.157,-0.52968,13.83,-1.0935,-16.242,-6.9514,0.18264,6.9043,22.477,20.269,2.3709,-6.7907,-6.8434,5.1766,19.676,12.719,7.3219,22.252,18.72,-4.1594,-1.3264,15.639,7.3985,-11.567,-7.379,4.766,-10.882,-30.997,-17.252,-3.6963,-17.171,-22.29,-14.178,-9.9492,0.92791,8.1867,3.6074,5.7172,5.3913,2.346,16.231,22.165,10.373,9.0675,7.3289,2.9618,18.117,20.146,-7.7202,-13.685,7.1996,1.9352,-25.722,-22.111,3.748,-1.5697,-13.504,4.7815,2.3296,-21.123,-6.9787,2.8678,-17.948,-4.5476,22.065,14.379,13.148,14.321,-7.6289,-8.4991,6.3818,-1.863,-0.53932,16.937,7.291,-13.765,-10.166,1.4653,-1.369,-10.118,-6.7306,12.805,20.463,-8.0413,-22.246,19.245,33.209,-16.212,-21.411,14.823,-2.9977,-19.132,9.213,4.3651,-14.683,-6.4101,-15.563,-11.828,24.922,13.179,-19.842,4.2121,27.009,3.5523,-13.177,-0.92318,13.219,10.53,3.1956,3.682,-5.0014,-11.588,4.2855,3.7619,-17.921,-14.225,1.5809,3.0943,-3.261,-16.218,-6.6471,25.492,15.427,-12.995,3.2979,12.834,-4.8847,7.7607,18.915,-7.5725,-10.39,15.465,10.418,-14.259,-19.714,-12.843,-10.757,-13.538,-8.3554,5.3069,7.5658,5.5938,19.53,26.933,11.032,-5.0683,-9.5299,-3.4312,4.0108,-9.5195,-21.173,0.88116,11.093,-14.204,-16.432,14.946,26.974,8.0855,-8.2014,-0.43327,8.5077,-5.4285,-11.206,5.682,7.7209,-4.721,-7.9494,-7.9147,-1.4425,8.9835,4.0782,-5.1275,-7.1482,-9.1136,-5.4348,0.62192,-0.60324,-4.5252,-5.4967,8.8081,25.65,13.113,1.0401,10.783,3.661,-1.9525,11.648,-4.2528,-20.193,3.3019,2.6421,-18.997,-6.1984,1.5649,-13.056,-10.998,-3.0625,-0.3512,5.4033,5.8008,8.153,8.6835,-4.3959,-3.6573,8.6422,1.4872,-3.0807,10.958,17.402,10.069,-1.1294,-6.0719,-0.50087,-5.6093,-21.501,-15.855,4.8753,7.097,-6.6895,-10.919,-2.3477,0.78802,0.36189,12.523,21.602,11.107,1.5943,1.8606,-2.5299,-5.6582,0.14722,-2.4516,-13.53,-6.5874,9.3403,2.4731,-12.829,-13.232,-6.7542,3.9401,8.775,2.8441,11.502,10.786,-16.545,-1.3093,30.137,-5.4455,-23.836,20.601,21.422,-10.94,-11.955,-13.025,-7.3552,7.5675,-0.95159,8.3871,20.338,-16.422,-23.212,9.9041,-0.65056,-10.421,6.3935,0.45878,7.4216,19.861,-10.677,-18.69,8.5873,5.1258,-4.4495,-1.8841,-7.717,3.6769,20.671,11.214,-5.3938,-19.226,-17.31,4.5386,3.5597,-5.7525,10.704,11.723,0.47645,10.868,9.6938,-1.2156,1.7811,-9.4527,-18.984,-2.0234,3.5895,-3.3779,-1.7727,-2.0483,4.1328,9.3901,-0.53226,5.0061,8.42,-19.804,-20.547,8.4235,1.5174,-10.994,0.72416,-2.1552,-3.328,11.386,4.6758,-0.065872,21.305,21.44,-0.59908,-2.0303,7.3175,4.8351,-5.7535,-14.853,-11.912,-0.4675,7.0069,5.3533,-8.9695,-16.62,0.61958,7.7105,-9.5304,-8.2557,8.3471,4.4196,-6.737,-7.3158,-3.9298,-1.8744,-8.3591,-10.403,7.6696,15.744,5.0367,10.561,17.627,2.6847,4.0366,22.918,8.2685,-19.928,-10.269,8.2064,1.523,1.1488,10.797,-1.7479,-15.603,-7.9341,-4.678,-6.7581,-2.0132,-8.1825,-17.707,-12.93,-8.914,-7.6977,-4.2168,-4.0002,7.2979,22.948,12.142,-8.6701,-7.0741,15.79,35.298,20.35,-6.5381,0.012993,9.1845,1.2025,11.695,14.395,-10.665,-10.177,7.7893,4.5548,2.4205,-4.1307,-29.708,-31.622,-6.216,2.0028,-8.3644,-12.385,-8.4583,-16.478,-33.569,-23.245,5.9363,11.204,7.2168,18.368,26.743,24.433,18.769,22.753,41.321,33.205,-9.3772,-18.432,13.425,27.608,18.223,4.0092,-8.6515,-7.7891,-11.395,-32.455,-37.176,-31.239,-44.673,-46.233,-29.308,-34.467,-38.629,-18.848,-9.8759,6.4922,51.555,70.011,60.137,63.063,55.614,40.018,39.809,21.721,-2.0303,0.045704,-15.051,-39.517,-30.774,-31.914,-49.525,-32.003,-2.8218,-1.9758,-17.539,-24.966,-13.573,-12.282,-22.574,2.7664,25.99,0.63974,-6.7756,18.571,21.531,17.237,20.186,17.94,23.308,19.477,-0.65274,-0.15091,14.538,16.585,4.9769,-9.7093,-2.6721,5.8283,-16.43,-20.542,2.0429,-3.6082,-16.519,-18.234,-28.221,-17.29,-0.58574,-19.196,-24.823,-2.2509,4.0063,6.6894,16.388,12.913,7.7907,14.683,23.77,18.189,7.0759,17.51,19.331,-2.9128,5.0906,16.122,-12.877,-12.646,12.208,-6.9523,-26.448,-17.387,-10.275,-0.45713,-7.9878,-26.993,-2.548,21.081,-1.6535,-11.683,0.23832,-2.5062,-6.3381,0.4558,8.4314,5.659,-1.1114,10.525,12.473,-4.5261,11.189,25.991,-4.0494,-13.555,2.5266,-0.2311,10.375,21.916,-1.4665,-10.075,4.213,-1.1364,-9.7638,-7.4628,-10.484,-14.013,-6.8291,3.2533,-6.1307,-23.276,-9.7571,9.3612,0.38531,-5.1257,1.6912,9.1298,25.123,23.519,-0.6771,-5.8863,3.1753,6.2483,2.1294,-10.31,-1.1624,20.177,4.3091,-7.83,7.0113,-7.8927,-17.762,9.4162,0.39803,-26.343,-7.3129,7.9089,-2.9212,-3.3809,-5.2191,-6.2872,11.878,18.09,-0.68691,-11.964,-1.0792,12.831,5.6844,-9.014,-0.50015,12.236,1.8949,-5.8868,6.7431,10.656,-5.517,-8.2279,11.4,11.852,-14.393,-25.466,-15.927,-5.8578,5.9219,9.5975,2.8682,8.9541,14.544,1.5138,-2.9785,0.76066,-7.5658,-5.6703,8.989,9.6346,3.5077,-4.0098,-14.38,-4.5562,12.509,6.1962,-0.97646,0.7135,-9.0058,-14.677,-9.2304,-8.8604,-1.015,11.358,4.4414,-3.4435,3.4475,5.2823,4.6732,15.441,19.523,3.7749,-7.8028,2.7946,12.352,-1.3068,-23.036,-26.322,-3.8423,13.826,-2.6066,-16.929,-2.9357,2.0343,1.09,11.682,0.37232,-10.845,14.482,23.39,-0.90846,-15.135,-14.75,2.643,22.39,8.0391,-9.3376,-4.3449,-3.3545,-0.33219,0.42871,-8.8759,4.5284,14.622,-4.185,-4.2971,-2.348,-20.155,-6.3398,13.478,0.60208,-0.060806,8.9015,9.5014,20.272,13.637,-10.174,-10.326,-6.1845,-8.9703,-4.0383,-6.3756,-10.481,-8.8049,-10.616,-1.826,9.2604,8.6,8.4402,-2.3617,-5.1364,24.498,27.941,0.25571,-0.90167,-1.169,-12.728,-4.7143,0.52142,-0.02966,3.1062,-7.7774,-7.5513,1.6348,-11.218,-8.8465,5.2371,-8.2827,-15.029,-7.031,1.9762,24.73,23.366,5.3685,18.443,8.6844,-25.194,-13.648,3.1663,-0.83765,2.6687,-3.3574,5.0284,18.77,-21.399,-33.1,17.508,13.956,-13.771,2.2639,0.32937,-1.6959,20.095,0.091156,-20.185,7.7636,19.039,9.6692,7.5568,-8.475,-17.72,-6.5605,-8.0515,-12.395,1.5685,14.003,8.9376,-4.8189,-10.186,-3.6931,4.6631,7.3997,-0.44018,-4.2511,10.663,16.023,-2.0128,-13.122,-9.2622,-3.7346,-1.1192,1.6402,13.9,17.321,-3.2047,-8.2466,6.5197,1.649,-4.5118,3.0066,-4.4919,-12.625,-1.2583,6.2634,1.2473,-8.6685,-13.697,1.0776,14.886,-0.49888,-17.484,-6.6064,5.7907,-1.5329,-1.2955,12.841,8.7676,-2.4734,3.7184,3.0587,-0.4692,18.311,21.508,-5.7453,-11.826,7.8397,11.88,-2.8125,-9.8736,-7.2152,-17.465,-26.696,-7.1556,8.6637,1.5013,0.18669,-2.0496,-5.8675,5.5974,1.4778,-9.702,8.2373,14.322,0.82481,3.2953,-4.6587,-11.066,15.295,22.751,9.3728,11.41,-2.8141,-16.137,4.021,8.0134,-4.4026,-3.8501,-15.941,-19.142,7.703,14.999,-0.68004,-10.873,-16.07,-6.3503,5.5815,2.6101,6.3029,5.2351,-9.5476,-6.051,-2.4689,-10.402,6.0471,19.405,4.6527,0.86591,0.90434,-6.1678,12.079,29.661,11.18,-10.096,-11.565,-6.0377,-4.9226,-7.645,-2.0513,0.93322,-8.1514,-4.4829,1.1497,-5.786,11.834,31.536,7.3698,-8.6587,4.9887,-3.1092,-21.777,-23.94,-19.347,-2.964,2.7687,-20.755,-19.549,16.187,27.867,14.601,8.0129,8.805,14.23,15.668,3.4315,-8.2464,-3.2905,14.248,21.477,4.6732,-12.984,-12.146,-4.1562,1.097,-0.71958,-7.5344,-10.483,-14.167,-13.555,-2.9089,-8.6771,-19.968,3.0293,24.111,4.0526,-18.926,-20.266,-11.226,0.17544,0.31213,-0.48734,16.17,26.131,19.013,17.628,22.414,25.329,23.336,13.792,14.178,21.769,1.5222,-32.224,-29.412,-3.5647,-11.341,-45.731,-47.033,-20.999,-21.178,-32.293,-18.943,-3.9045,-0.11453,5.3998,10.969,22.747,37.428,34.04,27.15,35.524,39.466,23.52,-3.8085,-15.649,4.1911,16.939,-3.4927,-15.457,-6.4641,-12.171,-24.538,-18.91,-16.097,-25.858,-17.448,3.0359,-6.8056,-28.787,-19.207,0.64881,9.5619,15.876,0.090765,-17.196,14.58,39.58,7.6531,-0.68354,39.283,45.268,13.387,-2.0928,-3.3592,-3.5178,0.29295,-3.6703,-13.832,-10.608,-0.39458,-5.9713,-20.76,-18.054,-3.0942,-5.7717,-17.659,-10.223,1.8666,2.2604,4.5962,-2.0197,-13.926,10.814,34.66,2.4782,-17.172,6.9122,0.11115,-17.112,9.493,25.073,9.2602,5.2884,8.3208,10.456,11.51,-2.3922,-7.7794,0.27475,-10.511,-18.832,-5.6132,-0.27966,-0.66326,4.6593,2.2873,-2.5243,-1.4138,-1.1364,-10.366,-25.279,-12.788,22.079,22.006,-3.6136,-11.794,-16.227,-12.776,12.043,18.206,0.064961,0.73734,16.014,11.131,-3.738,7.8109,22.877,-0.77156,-16.753,3.1317,0.015665,-13.535,1.8481,1.9476,-7.5098,2.8465,-5.4448,-9.1604,18.783,11.86,-17.099,-3.5695,14.565,2.726,-15.239,-21.826,-11.77,-7.7932,-12.816,2.6998,7.2891,-13.22,-2.7468,24.838,25.239,14.851,2.2889,-3.3507,4.5937,1.9232,9.5124,27.158,-6.3915,-39.779,2.186,34.423,2.3669,-13.302,7.896,0.70047,-28.845,-14.166,17.228,-3.0437,-18.544,7.2461,-8.0173,-37.744,-4.1194,19.133,-7.1584,-13.94,5.1252,18.435,7.1888,-18.447,-2.3802,25.84,6.7368,2.8336,24.555,12.208,6.9813,16.372,-0.88338,0.9248,15.88,0.28277,0.92959,8.515,-20.743,-33.336,-11.817,1.2735,-3.2827,-21.133,-18.319,6.2859,-10.798,-32.424,-3.509,0.72821,-22.771,1.952,28.758,14.136,7,11.967,7.859,10.026,23.682,33.405,23.832,2.9667,-2.797,4.3112,6.7742,6.7381,13.54,20.494,-1.5954,-36.19,-24.564,-7.5422,-37.723,-37.383,-9.3151,-49.347,-76.96,-16.076,9.4657,-20.602,5.8528,51.501,46.062,42.123,56.398,47.707,30.581,28.289,24.282,10.1,-3.8067,-12.807,-20.237,-23.319,-18.431,-21.126,-34.824,-32.039,-19.978,-25.757,-22.776,-1.8774,2.1282,6.6846,19.121,-0.29972,-10.082,23.141,25.414,3.0773,16.116,11.81,-18.588,-4.5557,20.666,12.227,5.8774,6.7472,5.2449,8.3746,3.1657,-1.6442,1.3024,-6.8219,-8.506,-1.7971,-13.795,-12.836,10.096,4.4166,-17.068,-18.464,-13.764,-9.9955,-9.7575,-10.526,9.3645,22.132,-2.1647,-13.319,7.7559,12.083,1.8155,8.0547,16.173,18.129,21.891,8.5758,-10.26,5.6868,18.602,-8.2125,-9.0835,14.888,-16.43,-47.23,-9.3742,11.458,-15.444,-20.446,-4.5279,9.1266,16.057,-3.5539,-15.798,5.0376,7.4359,-1.4111,19.334,23.245,-7.2502,-13.395,8.5477,14.814,1.9625,-3.6306,4.0392,5.2364,-0.29481,0.97875,-4.4825,-13.176,-1.8801,4.631,-10.591,-13.323,-6.4957,-12.831,-6.3142,14.664,11.422,-3.4687,3.8328,15.407,7.4399,-5.0199,-1.9539,10.109,11.574,3.8782,0.95938,-2.8502,-6.6448,-0.82431,-8.3935,-25.126,-5.418,14.979,-14.372,-24.258,13.761,17.932,-5.3744,2.8216,12.473,9.0411,13.616,-0.52847,-16.601,10.154,22.324,-12.059,-16.069,8.7086,-3.8485,-16.942,4.2226,6.8983,-12.537,-14.028,-2.0138,15.555,20.403,-5.9112,-13.38,9.8267,3.1036,-10.983,5.0624,7.0982,-1.8624,1.3557,-6.8133,-1.4876,18.179,-5.3184,-27.673,3.6292,24.804,7.2874,-11.101,-9.5846,11.708,9.8361,-25.033,-25.251,4.6735,8.4437,-0.5084,-2.9772,5.8414,24.396,14.905,-5.633,8.0989,18.567,6.0852,-4.2042,-16.651,-13.998,0.86499,-12.756,-21.846,-6.9944,-8.2713,-3.7977,10.406,-1.9958,-3.3413,13.297,8.8454,12.161,20.192,-0.74318,-11.523,0.94267,10.881,17.863,3.8653,-17.609,-11.522,-14.733,-30.462,-9.8733,19.322,24.277,22.311,12.934,-0.10269,-9.2878,-17.282,-9.2776,0.062035,-8.929,-6.2604,2.1,-9.2629,-10.139,8.1013,22.002,23.037,4.3087,-2.5456,20.936,12.414,-26.859,-26.038,-10.872,-22.075,-17.678,7.7538,9.9202,-1.2476,10.137,20.705,-0.41275,-8.011,20.856,27.67,12.077,11.468,-5.5725,-28.565,-9.8124,8.8403,-1.5965,-5.424,-2.7257,-3.5921,-6.9622,-16.039,-8.6145,4.5339,-7.4578,-11.2,-2.2714,-11.685,-6.5208,11.04,4.3263,10.209,24.883,8.5354,7.8522,23.402,1.4866,-10.502,11.863,10.422,1.3825,10.561,-5.0959,-32.522,-24.08,-1.6318,2.7706,-0.10182,5.2818,11.354,4.1931,-2.8336,-0.77918,-13.016,-25.61,-5.0754,11.384,-5.0982,-11.979,-4.8216,-14.657,-16.908,6.6006,18.886,4.6915,-4.8689,11.8,28.592,17.267,12.693,35.995,36.57,15.467,19.421,16.648,-12.273,-19.93,-15.719,-25.254,-24.365,-26.777,-48.522,-52.755,-41.696,-39.364,-29.384,-13.824,-1.8437,24.958,52.149,55.389,54.859,55.817,40.158,27.5,33.082,25.271,1.073,-5.5622,-9.3672,-31.551,-38.561,-27.815,-26.59,-17.6,-9.5127,-29.748,-34.505,-9.7264,-4.5612,-8.2721,0.9431,1.5152,4.0296,18.538,23.445,16.608,3.8154,0.52948,16.867,19.914,13.277,21.303,5.7333,-16.667,7.477,16.79,-12.943,-6.4859,12.446,-6.5559,-17.946,-8.7596,-5.1194,1.1749,3.3123,-10.055,-20.088,-11.239,5.8113,-4.1196,-33.455,-21.718,13.182,9.4199,-2.2835,9.8243,12.775,6.0401,7.977,9.5579,9.0683,8.9425,11.909,22.01,18.974,-2.9054,-10.174,4.1825,11.402,3.2258,-7.3591,-16.383,-20.546,-12.042,-9.5164,-27.889,-28.843,-3.6475,-1.163,-9.3633,8.6116,20.702,12.46,7.0889,3.8599,10.776,20.589,6.5177,3.8042,23.464,5.4841,-27.226,-13.722,8.2064,1.6037,-7.9765,-6.3604,-1.3329,-3.5392,-4.0545,10.435,5.7021,-22.969,-14.932,18.489,18.418,2.4979,-3.907,-12.112,-13.008,-1.5252,7.0691,4.6801,-5.7146,-3.9417,9.6568,5.8982,-0.083126,11.284,8.0485,-6.5781,-4.7396,-7.0664,-14.856,-4.0961,7.1942,6.8212,6.6197,1.9036,-0.52862,10.702,14.96,0.055826,-12.43,-4.6312,7.4212,-1.7054,-16.559,-13.491,-6.3524,2.8167,12.955,-6.6459,-25.399,7.7611,32.565,3.1663,-12.995,3.663,7.8856,9.4176,14.453,-4.8729,-20.051,-2.0468,4.4765,-12.352,-8.4977,4.9489,2.5102,8.4904,12.706,-6.5576,-10.609,2.5791,0.71516,5.4096,7.5445,-15.679,-9.8942,18.212,5.0589,-8.2072,5.3392,1.3452,-0.36155,6.9958,-9.7949,-14.054,0.58272,-5.8059,-2.7727,14.81,8.3073,-2.7628,-7.1673,-7.113,8.9831,1.3834,-18.951,12.431,32.448,-5.4388,-13.018,10.099,6.2003,5.5175,5.957,-12.644,-11.14,-2.9376,-15.657,-11.581,4.1174,-0.38189,-4.8533,-4.4324,-7.5453,3.7168,17.427,6.8084,-6.906,9.8489,38.087,24.236,-19.104,-18.494,9.887,-2.9671,-20.685,-3.1128,0.37778,-7.5508,8.4108,8.7667,-10.989,-8.6082,-4.5291,-7.0865,3.8775,-0.55586,-11.629,5.021,7.8209,-10.119,-6.4381,1.1487,11.738,32.666,18.965,-0.91523,10.479,-2.3921,-16.29,11.265,8.7547,-15.069,-6.3447,-16.189,-27.254,8.8044,23.108,1.7561,-10.184,-22.255,-15.474,-0.10318,-14.925,1.4207,33.383,-6.9734,-25.671,28.949,31.234,1.8492,23.086,18.802,-17.849,-5.1249,15.404,-1.7926,-7.86,0.67804,-12.031,-25.145,-16.384,-9.2213,-5,14.071,20.058,-1.7919,-14.789,-13.937,-10.259,7.5613,16.248,5.5075,9.7652,10.733,-9.1502,-4.0427,12.56,-1.5183,-5.0006,15.462,8.4606,-13.828,-10.553,1.8969,4.2518,0.87456,-4.9102,-3.0292,4.3346,4.6658,10.433,12.134,-16.384,-28.147,2.7326,5.1365,-17.229,-1.0937,11.209,-6.1518,-2.7029,5.6942,-0.27832,5.0141,2.6543,-5.5478,3.7634,4.3237,9.6681,28.192,5.7723,-19.782,1.7016,6.2859,-10.159,-3.5101,0.79597,3.4272,4.4955,-17.763,-14.527,8.3383,-8.5303,-10.138,19.652,7.763,-11.854,0.37201,0.75269,-3.5056,1.3756,-4.6935,-6.1686,-2.2478,-3.1316,6.4349,9.1696,-1.8428,2.9845,14.394,18.211,17.1,0.49255,-8.0767,10.204,16.015,-1.1784,-18.369,-34.841,-36.774,-10.533,16.432,15.305,-5.6435,-14.136,-2.9184,4.7822,6.161,5.671,1.6712,8.1361,11.874,-3.0792,-3.1944,8.3529,1.7297,0.30894,2.719,-6.5393,4.3189,17.47,4.4136,6.8373,14.627,-7.0915,-17.859,-13.543,-19.834,-6.553,12.707,-5.0439,-20.594,-2.4764,6.6242,-6.7563,-0.64216,20.121,2.4429,-24.082,4.8691,31.582,4.1453,-10.056,4.8437,8.6078,13.62,7.7718,-15.572,-6.3254,13.403,0.92463,-3.4208,3.212,-8.1754,-10.439,-1.4017,-2.7936,-1.3549,-1.0547,-10.159,-8.303,3.7687,7.359,-0.18651,-4.5898,5.0331,6.3711,-6.1925,3.0235,17.741,0.46076,-13.929,-1.9983,3.2047,-4.9243,-6.223,3.1456,9.2814,-0.61132,-10.979,-2.9666,15.828,30.313,21.536,-5.2648,-12.426,-2.7806,-1.8159,-6.3674,-21.533,-30.738,-6.3704,5.7297,-10.191,3.0034,27.869,24.105,12.942,-5.0093,-18.163,0.62031,9.0301,-11.594,-21.032,-15.821,0.61807,15.275,-2.2983,-11.14,15.043,19.989,3.4174,1.7898,6.0389,14.252,16.947,5.0019,1.5652,-7.0415,-21.913,-5.6266,2.8851,-14.874,-0.45641,14.237,-7.8079,-7.6945,4.6279,-10.419,-13.509,-1.0318,-3.9239,-17.451,-32.709,-23.703,10.087,15.218,2.639,16.34,30.324,29.409,30.986,28.905,24.919,20.878,6.2849,-4.0157,-1.8806,-6.2341,-21.579,-32.111,-26.002,-22.138,-37.507,-38.813,-19.357,-18.172,-17.458,4.4169,11.394,10.561,28.155,32.221,19.344,24.147,31.889,22.464,16.941,16.843,0.44686,-17.061,-12.133,-7.2277,-14.872,-9.1664,4.5056,5.1303,-0.037826,-12.904,-24.412,-10.965,-3.5807,-24.635,-30.697,-9.6884,9.8667,17.86,11.531,3.7073,6.9804,7.8023,8.7199,11.26,2.847,5.9673,19.972,7.7963,-9.8458,-7.7663,-1.4789,13.229,16.954,-9.8612,-11.062,16.226,5.9368,-16.176,-7.8648,-8.4614,-24.721,-18.286,7.2333,18.197,-2.4933,-22.783,-4.444,14.156,-5.2674,-18.038,-3.6233,2.2999,7.1286,26.176,26.378,6.4679,0.73082,1.5359,-1.6045,7.7062,14.085,0.67667,-7.73,-6.6158,-10.933,-8.4545,-1.6691,-9.535,-13.345,3.1995,8.8363,-9.3431,-8.3951,18.527,14.319,-13.844,-5.7194,8.2651,-10.696,-13.089,7.1884,9.9162,5.6272,-0.48787,-5.6316,5.9169,2.0612,-11.001,6.8323,6.9663,-11.119,13.647,19.121,-12.503,6.4809,21.838,-12.252,-3.0659,15.21,-18.772,-12.254,21.373,-12.809,-43.809,-14.5,4.4953,0.12211,3.0939,1.2051,0.69941,15.771,21.97,8.9482,0.20759,1.1891,1.3962,2.7251,-4.4031,-20.298,-7.5397,18.669,4.1134,-11.328,11.339,14.598,-0.71226,12.059,10.935,-20.291,-24.265,-7.0602,-7.8707,-13.246,-4.422,7.6839,3.429,-8.5534,1.2756,17.291,11.049,4.6855,7.824,4.2268,5.0303,6.8026,-8.8834,-17.977,-5.6313,1.7748,-0.0010989,1.2527,-2.5665,-5.5703,9.2302,18.807,2.1727,-6.3027,6.4525,3.3783,-11.932,-12.798,-10.168,-5.3857,2.8198,-2.8552,-0.93819,18.159,12.255,-8.3959,-5.0114,6.7754,10.842,-0.099358,-22.773,-12.697,14.269,-2.0551,-17.454,11.164,25.613,7.7477,-6.5221,-10.195,-3.0037,4.3384,0.93898,3.6063,6.1594,-1.2482,-0.91464,-4.3541,-11.783,9.3611,29.251,9.9778,-12.227,-14.243,-8.7636,0.22958,-4.6892,-24.694,-21.171,3.7597,1.8012,-19.913,-5.7182,28.489,19.774,-3.4312,11.526,18.874,-5.2105,-3.3248,22.02,18.787,-3.4005,-7.722,6.441,16.742,12.693,-0.68597,-18.787,-24.286,-9.4895,-1.5108,2.86,11.915,-17.171,-55.735,-30.702,2.3176,-13.372,-20.254,-3.9305,4.666,20.668,38.477,30.204,11.663,13.954,29.882,26.111,17.688,32.181,21.557,-13.93,-3.4333,11.041,-17.347,-23.425,-15.991,-39.923,-50.157,-39.596,-31.92,-20.149,-26.421,-29.606,1.2894,4.856,-4.5278,42.25,75.941,53.312,40.614,37.942,20.803,9.2455,5.6498,8.0992,5.8999,-13.664,-24.423,-23.951,-29.468,-28.126,-27.164,-25.062,-3.3354,3.9338,-8.1131,-4.556,-6.2588,-10.386,6.5051,8.2786,1.8277,11.528,0.94888,-6.4805,21.246,29.488,17.381,17.743,8.5405,3.0646,6.3201,-15.16,-19.016,11.353,5.2363,-19.614,-6.4276,5.4415,-2.1044,7.1679,12.873,-12.135,-27.403,-7.9115,5.7468,-9.725,-22.178,-11.356,3.87,4.8803,-1.7722,3.7204,14.635,7.488,-3.9106,0.084717,8.9276,20.401,24.845,1.9812,-17.337,0.96753,26.101,23.299,1.404,-13.105,-12.435,-12.373,-12.447,-9.5242,-21.374,-27.71,-2.6815,12.147,-3.2247,-8.4985,5.2783,12.663,3.188,-4.3413,9.9561,15.457,-4.9633,-6.8352,9.5601,15.044,24.523,19.586,-11.094,-11.255,4.7628,-12.196,-15.543,6.5065,-1.3387,-16.188,-3.8567,-1.3327,-12.281,-2.3867,9.2055,-2.6492,-4.5805,13.74,11.65,-0.45495,4.4102,-6.213,-20.585,1.3243,11.129,-9.4703,-8.6762,1.0738,7.2115,25.958,16.085,-11.911,-2.2338,7.0219,6.6151,29.418,13.827,-32.856,-17.205,7.8632,-18.763,-27.329,-13.164,-12.187,6.7529,20.421,0.087972,1.726,17.167,-2.0881,-11.898,4.1803,-1.4132,-8.1377,11.942,21.661,10.64,-0.31204,-7.5736,-4.5904,0.71821,-6.8339,-7.9085,0.65566,-3.9295,-9.7254,-3.967,6.3531,25.074,31.207,8.383,0.12659,13.441,0.96074,-20.773,-14.322,-12.099,-34.477,-40.331,-18.123,-7.345,-8.9173,7.8549,21.989,14.402,18.975,28.354,11.335,-2.2862,1.7841,3.0489,10.368,16.262,10.661,17.401,14.691,-15.88,-18.991,9.4573,14.463,-4.7325,-24.94,-34.343,-25.443,-14.161,-8.9612,-5.3726,-6.2996,-1.477,1.5358,-9.4617,-3.3103,8.7778,-7.1443,-3.5848,25.865,21.427,11.343,22.878,5.8614,-22.914,-7.7054,29.657,45.29,32.708,16.379,19.186,24.85,9.7366,-20.403,-37.884,-23.924,-16.552,-49.152,-73.787,-62.071,-46.395,-34.393,-21.477,-4.9584,24.208,42.703,45.641,60.12,64.646,43.435,27.55,26.1,30.874,23.251,-2.7398,-5.8397,-1.2254,-29.945,-37.825,-20.197,-31.8,-28.388,-6.8503,-24.411,-28.711,-3.4247,-9.8596,-16.617,-2.0779,1.245,11.695,20.39,8.599,10.621,12.421,1.0648,8.9438,10.167,-0.38793,17.952,24.863,-5.4068,-15.843,5.1296,24.069,26.922,16.339,6.4748,-0.36234,-6.5343,-13.815,-30.586,-27.919,-0.57692,-5.6947,-25.024,-14.864,-14.361,-22.146,-17.311,-23.211,-5.6376,31.632,21.023,7.9782,24,15.033,11.938,24.968,8.8207,9.9523,29.583,13.248,1.7926,0.044556,-19.572,-13.072,-2.1532,-19.463,-16.317,-8.8731,-13.547,6.0608,6.0493,-17.486,-2.2051,3.047,-23.878,-12.1,14.098,8.9239,1.4945,-1.7898,-4.861,-0.32183,4.1804,12.794,15.569,5.2513,10.57,11.948,-9.4622,3.3967,33.795,10.816,-17.879,-5.3154,-5.8775,-23.386,-15.517,-5.7097,-7.0793,8.8777,16.685,-7.0684,-11.502,11.555,11.311,-0.014759,4.7623,-1.2217,-19.267,-22.791,-16.47,-12.022,-6.1639,11.358,32.397,24.055,-3.8233,-9.645,-0.56229,7.6264,20.853,27.021,18.84,0.796,-18.254,-15.937,-6.4955,-13.388,-14.354,-10.83,-6.4037,18.605,15.341,-25.988,-20.614,8.1773,0.43681,3.9851,16.299,4.0054,7.8726,15.668,-6.3765,-21.045,-16.884,-4.1011,12.64,5.6512,-5.8829,2.8056,3.1231,7.1386,19.539,5.57,0.083966,12.103,-7.3255,-18.278,1.0098,-3.0679,-5.4292,10.734,-2.8312,-13.001,8.742,7.1702,-10.849,-7.1348,-5.1195,-8.6608,-3.3452,-5.3949,-4.8254,12.223,11.079,-6.7843,4.279,19.898,-0.088539,-10.012,12.571,16.683,-1.4184,-7.7572,-4.9253,-0.68857,1.2959,-1.1153,3.6427,6.2118,-5.5967,-15.363,-15.348,-3.376,12.641,4.8978,-7.1869,3.7651,5.4274,-5.9765,-6.7327,-2.956,14.731,25.232,-7.7291,-22.933,2.193,-1.4234,-7.3448,15.667,3.0523,-20.89,2,11.754,-10.611,0.95286,29.042,15.543,-7.6536,1.1854,4.4431,-12.029,-9.6983,-8.4336,-20.501,1.5086,21.167,-3.2376,-4.3667,13.892,-2.5627,-10.947,-0.81026,-0.64419,7.5162,1.9277,-16.058,-0.54393,6.0044,-4.3315,16.145,10.068,-21.531,0.56301,18.586,-0.39882,5.0676,1.7444,-15.126,10.376,20.635,-10.769,-15.254,-4.8604,-11.181,-12.536,-5.2342,11.124,23.239,8.7112,-1.8376,1.6139,-10.285,-15.675,1.7949,13.839,12.44,-3.5224,-23.2,-11.321,15.442,14.095,1.11,0.43897,-0.43447,-2.5791,1.3405,-2.0617,-13.891,-13.875,-5.0609,1.457,13.096,15.486,1.3794,7.7567,23.47,3.3345,-19.631,-9.7433,4.2479,8.5296,2.5687,-9.8491,0.50028,10.379,-19.022,-32.339,-2.1777,6.703,-2.1076,14.711,13.011,-19.455,-12.629,19.304,10.584,-8.3525,-0.99,6.7471,13.157,14.809,-2.7302,-2.8447,10.33,-6.0749,-9.7082,11.306,-5.0989,-26.044,-5.4686,5.9227,-6.621,-9.5562,4.9552,24.799,14.947,-12.064,-3.4736,9.2435,-0.33867,1.0633,-9.6846,-24.079,6.0162,15.644,-19.081,-11.981,17.571,9.1258,-6.879,-7.8467,3.1914,13.548,2.3301,-2.3999,6.3805,-3.1991,-3.5944,9.3977,-1.5895,-3.1405,15.193,8.5437,-4.9148,-1.1079,2.662,2.6085,-3.1126,-4.6903,0.84138,-11.192,-11.325,15.727,1.9636,-34.527,-22.15,0.25515,1.8094,4.3349,-10.094,-18.627,18.348,39.901,10.505,-5.4289,12.857,18.955,0.32747,-11.193,2.2285,16.114,5.2936,-5.8684,6.8604,6.8129,-18.255,-10.509,18.223,-0.21214,-25.284,-9.1742,-5.3614,-17.804,-9.3116,-3.001,-0.3632,4.031,-11.919,-14.195,6.0285,0.47967,-5.5914,9.4729,8.8384,6.1955,10.22,2.5565,9.9476,26.508,25.052,24.715,16.999,0.71477,7.553,8.0372,-10.174,-8.7907,-7.4055,-18.362,-18.433,-23.243,-29.477,-25.309,-29.733,-24.593,-11.912,-25.382,-24.798,6.3575,17.235,18.618,32.526,41.853,52.675,54.348,34.441,23.899,19.148,3.0891,-0.57614,0.55259,-19.304,-38.407,-33.275,-23.053,-31.889,-38.387,-22.347,-18.656,-25.121,-1.5606,17.718,9.9195,13.653,15.619,7.7383,20.543,20.622,-1.8114,6.3423,18.583,-6.8235,-19.987,9.1046,34.193,19.01,-7.2923,-4.4585,4.232,-3.468,-2.1278,-2.0384,-17.247,-13.953,-1.1828,-7.9699,-10.206,-0.60412,4.0373,7.6869,-0.27939,-22.822,-25.636,-4.2578,7.8121,4.5384,5.0538,9.3381,8.0978,7.7054,7.9725,5.9915,12.014,9.4955,-10.17,-5.836,11.173,-2.8038,-8.6864,11.278,10.363,1.6524,5.7599,-1.1151,-7.8335,-8.3241,-18.343,-13.019,8.6628,7.5667,-9.0348,-11.452,-3.4844,-5.5115,-12.423,4.7156,25.144,8.5901,-8.202,1.7684,-1.2799,-14.988,-4.7594,20.692,28.066,-0.71494,-22.582,3.7603,18.274,-7.8826,-7.6794,10.359,-2.6375,-4.0489,24.127,22,-11.92,-19.128,-3.3229,-7.8337,-12.743,0.97028,-7.0625,-19.911,1.3227,7.4405,-9.8728,-2.9974,4.3907,-1.0725,-0.57711,-2.0701,16.962,33.349,-2.1625,-6.1451,32.432,5.2283,-21.027,9.5006,-6.7215,-26.833,10.289,4.2993,-27.289,-11.622,1.2043,6.5204,12.746,-5.4101,1.4466,20.402,-5.0577,-9.5293,14.629,0.87678,-5.9474,13.673,3.3239,-20.517,-18.728,2.5664,7.9133,-20.505,-19.608,22.673,22.15,-3.6093,-2.7352,-6.6922,0.98903,25.189,9.6746,-7.8645,6.3349,3.81,0.24389,7.8997,-11.405,-26.928,-13.554,0.09577,8.1691,3.0165,-1.8838,17.412,16.158,-6.2964,3.8902,9.1825,-14.101,-16.533,-5.6835,-1.1422,-0.039329,-18.095,-20.859,8.8287,10.992,2.3933,21.981,12.766,-16.64,2.5486,28.128,10.356,-7.2711,0.61105,10.223,6.653,-7.9755,-18.797,-13.333,-5.0067,-9.9937,-13.155,0.41833,11.045,7.6031,3.7474,-2.2278,-8.7743,-0.57389,9.8065,6.4062,1.1766,1.0782,0.31396,-1.9285,3.361,14.544,3.3155,-20.601,-9.0874,12.885,-0.50623,-15.085,-5.8996,5.9752,8.6294,-3.6983,-6.8175,15.067,14.546,-6.9701,-6.68,-6.597,-1.837,24.479,14.835,-15.695,-4.5682,3.0623,-11.062,-4.2241,-1.1133,-9.9893,-2.2397,3.1257,2.7336,6.3575,-0.54408,-3.4306,-1.6124,-11.377,-3.5116,12.971,-0.5313,-9.1548,5.8276,6.3047,-2.1757,4.297,12.377,8.7798,2.8096,3.4695,1.2463,-0.77714,9.2612,7.0295,-8.241,-7.2468,-11.661,-17.506,4.2282,3.6719,-14.907,5.9341,7.7759,-18.701,0.41299,7.468,-21.504,-3.905,11.899,-15.472,-6.0723,18.66,5.3432,-3.1011,5.1092,18.896,32.662,16.688,1.6643,16.37,12.83,-4.9551,-10.068,-24.301,-27.403,-7.3753,-4.6898,-11.248,-9.0409,-9.7939,-3.7272,1.4893,-4.3779,0.44933,3.4828,-2.5896,11.23,20.977,2.6797,-5.3093,3.1165,2.2761,-0.46679,4.2688,7.0796,-0.013355,-5.1045,7.3423,13.265,-1.9125,-1.4644,13.381,5.3834,-5.9128,4.7742,8.1828,-8.5935,-15.013,-7.6678,-15.563,-24.588,-6.952,2.9899,-7.5392,1.0068,8.0232,-5.1955,5.8439,17.238,-5.5468,-6.8579,8.4979,-3.8793,-0.98019,15.738,-0.90288,-9.678,6.958,11.332,20.02,27.811,6.9669,-0.063618,13.868,5.5872,-4.2013,-3.9908,-20.525,-29.276,-18.18,-18.014,-18.334,-6.5335,-0.40617,2.0808,-0.89024,-11.43,-7.6834,-2.986,-12.478,-3.1994,13.612,8.6603,18.388,39.361,30.514,26.834,39.092,21.767,0.51203,-1.0962,-16.533,-24.942,-11.999,-22.09,-35.054,-17.369,-10.521,-19.623,-11.558,-3.3641,-6.2148,-2.7648,1.446,-3.8979,-8.1768,10.051,43.68,43.218,8.7172,-2.0171,5.592,-3.3074,-8.7345,-2.4077,1.1053,6.6568,4.8608,-4.222,5.0687,17.613,10.131,-3.3621,-16.95,-20.275,-7.5176,-17.021,-37.855,-13.063,18.677,3.9451,-8.6724,9.1361,20.479,15.163,0.59594,-13.658,-4.4428,18.849,25.503,14.554,-0.25484,-9.1108,-13.332,-17.347,-6.7262,6.6596,-8.6842,-18.232,4.0132,9.8222,2.2391,14.843,14.423,4.7103,16.19,5.6511,-22.045,-10.061,3.7817,-9.3457,-4.1932,7.1898,-2.1488,-9.9402,-17.214,-20.29,-2.1316,11.918,18.188,26.801,5.0779,-22.003,-2.5908,13.562,-4.4999,-7.5521,-4.1229,-15.361,0.23565,30.783,21.639,-4.4233,-6.3804,0.68197,4.0812,7.5392,-0.28363,-11.969,-6.07,-0.79911,-9.5149,-5.1112,6.6296,0.65281,-3.3432,0.49455,-5.0373,-4.533,-0.41679,-10.104,-9.6796,0.58263,0.43939,11.679,22.33,5.3836,1.4542,12.767,-3.0843,-14.526,-0.86372,0.94903,-1.4945,4.5886,1.3215,-0.069623,5.1172,5.5671,5.8776,-7.0546,-19.069,7.8152,21.877,-14.953,-28.472,-2.8756,7.7243,7.5759,-2.1655,-21.493,-5.1094,21,5.318,-2.6171,13.174,-0.8396,-17.925,0.21494,13.139,4.4738,-2.9157,-2.2985,10.396,18.083,0.38296,-10.324,0.62164,-1.9788,-8.5559,2.7377,0.099061,-9.6324,10.218,16.859,-15.939,-24.898,-1.8017,4.2748,2.6984,2.803,-6.7367,0.74976,12.957,-6.5905,-12.356,15.569,20.792,3.5071,-8.8648,-15.789,1.703,14.273,-18.415,-25.411,16.761,17.841,-11.395,-1.4589,15.209,7.0359,2.0883,12.194,21.969,7.2426,-15.588,-2.2334,11.713,-18.501,-40.745,-25.367,-7.0033,3.4015,3.7043,-0.2679,8.9692,10.296,-1.521,2.7534,9.1986,5.1677,4.4487,-1.7085,0.09481,16.61,6.7728,-8.2662,5.9919,5.0219,0.44257,23.117,8.0334,-28.899,-8.0112,7.4322,-26.863,-30.687,-5.4387,-1.9695,4.2865,17.602,19.04,17.14,-4.8309,-35.8,-18.841,16.903,6.8093,-11.137,6.8407,19.543,8.1202,8.7058,16.533,5.5703,-1.1942,3.1899,-10.033,-17.051,2.4626,1.4355,-18.633,-14.097,-4.3296,0.027812,14.454,9.6323,-9.0565,-0.73706,10.243,3.6544,0.18639,-3.2178,-2.8748,2.9544,-2.6947,3.52,16.61,-7.468,-24.064,0.21565,4.8655,-7.0805,2.281,7.7027,6.4183,4.9432,-5.6803,0.33381,5.8388,-14.232,-3.2001,23.736,1.2625,-14.839,3.1866,0.91324,3.1494,19.248,-0.0091698,-14.184,8.0698,4.8468,-23.168,-19.474,9.6287,24.07,4.8766,-23.103,-15.772,7.5714,0.37928,-12.114,0.90354,4.9074,-8.242,-2.115,10.323,6.0992,6.3107,7.2993,2.0162,10.633,8.7587,-5.0988,13.048,17.391,-10.379,4.8097,10.232,-38.168,-20.918,28.855,-6.2927,-28.144,6.2008,-2.189,-17.889,-3.5581,-5.9153,7.8834,28.521,-4.1558,-23.228,9.075,17.419,-2.2272,-4.6972,3.9054,4.6404,-4.5473,-7.5482,-0.38039,2.261,9.1891,15.555,3.655,0.089007,9.9292,9.4474,12.26,12.862,-1.5026,-4.4173,-7.2648,-22.548,-16.617,-4.5469,-8.5053,-5.1344,-6.7172,-17.844,-12.389,-13.349,-24.994,-10.406,12.533,16.297,11.326,7.9273,15.108,19.004,7.4395,14.782,35.165,27.364,16.751,25.479,23.998,4.7564,-18.283,-24.347,-7.02,-6.8857,-30.286,-40.646,-47.181,-48.989,-28.239,-24.954,-37.403,-13.673,14.439,18.06,36.035,53.116,45.551,47.981,48.902,23.8,12.733,17.154,-1.1003,-16.712,-7.1424,-6.6114,-21.26,-25.051,-16.733,-10.292,-18.57,-33.403,-24.768,-6.2558,-12.759,-13.009,15.739,21.483,-1.3386,2.627,20.722,12.013,2.3116,10.12,6.101,-4.8317,1.0565,0.49821,-10.758,7.3302,33.313,15.566,-11.434,-4.1166,10.375,14.045,9.8733,-9.2331,-20.265,-8.4226,-6.7656,-19.44,-21.296,-13.872,0.3969,12.957,3.2141,-7.4026,2.5192,5.5455,0.51944,9.8381,10.593,-10.154,-17.16,2.2694,18.664,8.254,-14.258,-12.819,7.0134,7.433,-1.7851,10.727,28.84,25.195,4.425,-8.5512,3.9157,15.302,-6.0985,-27.962,-18.271,-3.9191,-5.7384,-17.802,-27.558,-17.619,-3.6923,-1.9391,14.797,26.634,1.061,1.7267,34.835,10.173,-30.27,-1.6617,23.122,-2.3137,-12.451,-3.3049,2.1583,19.096,18.978,-11.016,-22.568,-13.646,-5.3694,10.712,15.186,4.0226,10.063,12.104,-4.2237,1.7828,6.4928,-23.582,-29.476,1.1026,7.1479,-7.5947,-15.105,-16.739,-0.86731,13.34,-4.9193,-14.093,10.849,22.009,12.169,16.292,19.571,0.14495,-9.1383,9.7344,17.455,2.3108,-6.0038,-13.931,-23.679,-6.1939,10.402,-4.5884,-8.4692,2.3026,-5.6562,-5.0991,10.193,2.6291,-11.032,-2.1709,8.8332,0.94256,-13.358,-8.749,3.0872,-2.3363,1.1714,15.71,3.026,-3.9757,19.364,17.69,-2.4144,3.4741,5.3303,-10.273,-13.758,-7.7622,-1.1488,1.5102,-5.838,-3.0034,12.873,12.175,-5.8433,-15.567,-4.8181,9.1655,0.34502,-13.625,-1.9014,14.61,7.7345,-9.1869,-8.8995,10.264,14.457,-6.7578,-13.947,-0.12523,1.8957,-6.9304,-7.5335,2.1211,16.176,20.024,5.7418,-9.2061,-6.4942,1.6321,-6.1396,-10.936,5.4954,9.9709,-0.39238,7.0507,8.3825,-7.9302,-6.2159,-2.0655,-10.141,-3.3852,2.3348,-3.4114,1.3211,1.2698,-0.010869,15.446,11.16,-11.137,-11.356,-7.051,-7.1073,1.8258,1.3015,-2.1675,4.027,0.030239,-0.44738,13.089,10.782,1.3249,5.7892,9.6266,10.35,6.8112,-8.7312,-15.738,-8.0349,-8.652,-13.232,-4.5941,3.3827,-5.7799,-13.635,-3.7064,3.9664,5.6992,17.422,17.246,2.1454,6.344,8.9054,-6.6074,2.1749,14.793,-10.999,-25.162,-5.707,-2.36,-11.756,-6.8833,-1.4777,2.2957,11.232,13.218,6.6417,1.4171,4.6584,15.628,14.852,-3.13,-12.892,-10.457,-11.803,-9.1076,2.5214,6.7446,-1.1505,-12.622,-16.568,-4.4267,11.801,15.448,8.0154,-1.2995,0.29735,9.4697,3.9858,-4.9413,2.146,4.3096,-1.6144,-2.3506,-9.5387,-8.6024,8.3542,2.743,-13.179,-5.3479,4.4758,9.2861,4.4471,-21.267,-15.273,22.246,19.71,4.5955,8.6377,-3.6808,-1.2769,17.574,-1.7568,-11.017,6.0432,-12.188,-19.933,4.3313,-9.3486,-24.594,2.0457,15.032,9.6824,7.8744,-1.0286,-2.7416,-1.0528,-8.5155,-6.0842,-2.685,-0.59145,15.161,13.335,-2.9855,1.191,0.55067,-1.9529,21.575,26.454,1.5702,-3.0298,8.0864,8.6478,-2.0886,-18.695,-22.41,-15.127,-20.025,-29.754,-28.344,-12.237,9.5625,10.669,-0.74443,6.2624,17.641,16.312,14.765,19.001,23.143,14.03,3.6626,15.775,11.526,-21.652,-17.665,6.641,-6.2228,-14.162,0.69515,0.80025,-0.8591,-0.94925,-13.812,-15.911,-8.4432,-9.5501,-12.541,-17.768,-16.25,-2.6425,5.0059,13.613,19.279,8.8752,16.286,27.426,6.1893,5.6488,22.963,1.3942,-4.3414,21.207,8.045,-12.208,-5.0439,-9.5504,-14.007,-13.696,-25.467,-14.329,2.0608,-14.588,-17.237,-1.0447,-1.0389,10.05,21.048,-0.6242,-11.111,1.803,3.7251,11.44,31.184,27.054,0.84059,-12.741,-4.6998,2.1295,-3.9438,-8.083,-7.5491,-3.9043,8.6928,6.7429,-14.119,-10.743,8.8294,4.6289,-3.2497,4.2508,8.1122,5.5696,-1.7932,-13.139,-12.664,-7.3579,-9.366,-1.2227,10.608,1.4489,-9.3059,-3.4268,0.11089,0.38472,7.5865,11.43,12.811,12.151,-0.82254,-2.4243,13.199,2.3332,-17.206,1.1178,17.479,5.4089,-0.11116,-4.7785,-14.122,-7.0904,-7.9644,-19.113,-4.7501,7.6505,-6.3362,-10.753,-0.045381,7.8284,10.484,0.3678,-7.1126,6.2097,14.973,6.5448,-0.19328,4.4362,16.329,10.05,-20.265,-25.259,2.7403,9.4673,-5.1717,-1.5372,12.319,13.192,7.5945,2.5405,-7.5389,-14.658,-9.4957,-6.114,-5.3426,4.1743,3.0968,-7.6383,-1.4434,-2.1761,-16.997,-1.0972,23.716,11.936,-6.4188,-6.4801,2.5869,14.845,10.976,0.44372,11.173,12.447,-11.162,-17.254,-2.9497,5.0069,3.5722,-5.8227,-10.252,-3.1603,-6.3026,-15.685,-9.1669,0.62461,-1.119,-1.5118,14.389,34.843,26.134,-5.9848,-12.691,6.3063,6.7958,-11.604,-15.567,-3.3349,-0.65281,-9.0042,-4.907,6.7348,1.5094,-12.416,-13.383,-1.7389,9.7388,11.717,9.7866,9.592,1.8544,-5.2362,5.412,16.304,10.046,-1.259,-11.378,-18.724,-12.623,0.222,0.20418,-6.6729,2.9878,20.283,11.677,-14.615,-18.19,0.84735,10.542,3.9315,-2.9188,-5.8811,-13.028,-15.057,0.88876,16.369,16.496,12.021,3.3512,-3.9519,5.6564,13.597,4.3771,-2.7698,-6.8636,-15.469,-12.65,2.0402,8.8654,3.0608,-5.5964,-10.386,-11.166,-2.0798,12.647,7.7047,-7.7464,-4.182,-2.1024,-12.095,-3.6225,12.705,11.875,5.4179,2.1244,7.9822,18.015,8.0837,-6.9265,-4.7164,-1.9053,2.6371,10.1,0.58806,-12.102,-17.7,-23.598,-13.4,-2.0517,-10.178,-3.5774,12.485,6.0963,4.4796,13.849,11.391,10.945,13.52,9.8288,5.1019,-8.5188,-11.036,11.036,7.1037,-20.322,-18.585,-9.0066,-11.147,0.41114,10.54,4.8332,1.2004,-0.33296,4.9412,17.12,4.1289,-22.822,-14.559,8.037,-2.7772,-12.06,14.013,19.422,-8.539,-7.0701,5.1856,-7.9393,2.8717,25.064,5.7649,-8.4816,1.5149,-3.4838,-0.73758,10.002,-3.6609,-7.8201,1.4772,-10.245,-11.549,8.9079,9.6179,-7.5811,-17.164,-8.9598,9.9789,12.196,-2.4562,-11.917,-11.418,2.7591,14.411,7.1159,5.9121,6.5247,-3.1992,7.7225,9.6336,-19.14,-2.0975,33.754,1.9659,-20.282,13.167,12.718,-13.284,-7.8761,-4.5777,-13.249,-9.7557,-4.4115,-0.77011,-1.4383,-12.095,-12.933,0.36143,13.315,19.229,9.5681,-2.7018,-3.8375,-8.1332,0.2246,23.007,4.2756,-30.591,-8.41,22.779,10.318,3.2735,14.942,14.03,8.252,3.1144,-3.8874,-2.2292,0.6594,-2.2795,-9.5245,-25.715,-28.603,-6.7959,1.347,-7.3684,-3.4569,-2.2233,-14.47,-17.078,-3.8864,13.139,13.721,1.8279,17.65,37.469,11.034,-3.028,28.142,24.402,-6.2336,9.2345,27.514,2.8118,-19.402,-18.627,-9.9867,-5.6215,-22.332,-34.946,-16.943,-12.146,-29.666,-17.723,6.434,1.6577,-2.3646,9.0787,11.343,9.1719,6.8612,1.3004,11.053,22.668,14.918,20.592,37.915,23.68,1.8892,1.5788,-0.37329,0.93985,9.5224,1.4191,-4.3757,-0.88515,-22.995,-49.542,-48.319,-42.388,-37.785,-29.007,-27.705,-18.362,6.7678,25.89,39.122,50.433,55.693,57.117,37.132,2.1703,-2.0994,8.9565,-5.7519,-15.468,0.28419,3.1959,-12.835,-15.813,-5.8721,-8.4748,-20.037,-17.455,-11.233,-18.84,-23.328,-20.565,-18.508,-1.1624,16.689,7.6131,7.3442,28.838,20.485,-6.6275,1.5585,20.279,13.442,13.28,29.439,20.617,-3.9574,-0.94912,5.8545,-14.203,-20.767,-7.0379,-21.767,-39.199,-14.337,3.3451,-11.104,-5.0945,16.56,13.208,4.5913,8.5248,10.65,7.9215,-3.9775,-13.498,3.4183,14.589,-5.92,-13.781,-1.7399,-1.8171,4.531,18.504,4.7908,-13.189,-0.96989,11.857,4.0288,6.9038,23.681,3.2291,-37.767,-18.819,20.911,2.5351,-14.175,0.049349,-7.4418,-3.2482,9.4522,-22.624,-21.446,23.316,12.993,4.8012,23.227,-20.169,-39.117,16.009,19.18,4.6898,31.106,8.7555,-19.984,3.5575,-3.6149,-13.421,12.855,-5.6779,-29.167,1.8238,8.4219,-13.776,-4.9419,15.34,18.22,3.3613,-0.013439,19.45,5.5857,-18.361,7.1104,5.9313,-30.889,-15.257,-5.8451,-32.076,-1.8578,35.463,9.2866,-4.1614,11.801,6.6589,-1.8056,9.3741,23.211,8.4556,-21.525,-7.3701,16.746,-8.8122,-20.805,0.8371,1.2173,0.019145,-4.3923,-23.229,1.413,25.242,-6.2817,-2.0298,28.158,5.1096,-11.114,-15.35,-38.387,-0.90701,45.56,3.9995,-13.781,21.399,2.4854,-19.881,1.9724,5.5739,9.1066,17.674,-13.27,-29.198,-5.1281,1.6819,4.1025,15.374,1.88,-11.289,0.67482,7.7937,4.0881,2.8678,-1.5158,-8.7822,-3.9093,9.0471,1.8757,-10.734,5.7151,8.947,-17.411,-5.2312,20.593,-4.0929,-18.402,5.2684,3.0809,-12.659,-1.2576,15.053,14.211,1.3503,1.9808,14.803,-4.666,-25.994,4.6687,21.523,-11.829,-21.581,2.5402,10.339,0.090786,-0.95487,18.286,18.829,-21.817,-34.989,-2.6917,4.5149,-7.0186,2.664,10.697,6.4391,-1.4094,-5.8926,9.8028,24.181,13.666,-1.7535,-17.024,-21.323,-1.4301,3.6524,-4.7619,7.1655,4.5811,-8.513,8.9337,10.672,-8.7925,5.6464,12.104,-12.997,-9.6027,5.7063,-4.6692,-9.0597,-3.3581,-3.4343,-1.2342,-1.2597,2.1603,13.694,12.16,8.0348,9.3504,-8.5637,-17.872,3.1979,2.0053,-17.859,-6.7418,7.2289,0.35796,-1.161,-2.8412,-1.8584,17.719,18.768,-2.8949,-1.2743,5.6094,-2.4083,5.8114,9.3965,-14.011,-15.596,5.2802,3.8896,-2.7486,0.74905,-7.8189,-15.304,-4.4527,1.6321,-5.9196,-5.948,5.2572,6.6961,-4.4641,-6.4222,1.8973,6.697,11.164,12.177,4.8238,0.90722,-1.058,2.3836,23.362,27.66,2.0055,-2.7122,5.2273,-14.124,-24.76,-17.446,-28.361,-28.025,-4.834,-1.9204,0.49185,17.837,9.4352,1.3301,21.46,15.803,-7.5804,1.52,9.5606,0.098174,-1.085,-10.663,-15.164,3.6106,-7.264,-27.432,5.1459,24.015,1.4432,16.556,35.542,4.7536,-0.92416,26.908,17.637,-4.403,-5.6634,-13.399,-24.118,-26.604,-31.65,-23.533,0.043321,1.1068,-21.942,-27.92,-9.9594,2.1203,2.3943,8.9506,20.494,24.269,25.279,28.565,23.11,16.031,30.641,40.237,7.6326,-17.013,2.0698,2.4769,-20.023,-12.724,-12.532,-35.762,-28.216,-17.582,-36.722,-35.719,-19.263,-25.846,-31.117,-17.155,9.1522,39.58,52.042,50.798,47.972,32.151,23.027,31.944,20.353,-8.1158,-11.674,-0.94995,-12.987,-31.419,-11.216,10.749,-24.404,-47.716,-14.086,-10.689,-31.068,-5.2219,11.797,-3.6651,2.6502,10.64,6.8294,17.226,16.406,0.74355,3.8907,14.211,3.4967,-20.293,-9.825,33.806,30.006,-7.8782,-5.2433,-2.5537,-10.432,14.61,8.7657,-26.128,-3.0859,19.08,-6.4388,-11.234,-3.2231,-7.5477,-4.442,-6.6053,3.9409,22.797,-7.3349,-31.676,-4.8432,-7.7872,-25.447,5.9249,24.424,4.2999,-1.0222,4.0505,3.0873,8.227,11.205,5.9086,11.527,29.373,19.55,-19.057,-18.586,15.251,7.4501,-18.51,-10.228,-0.59322,-7.2507,-6.8001,-3.4472,-5.6092,-5.3062,-1.9891,-7.7354,-16.721,-3.612,9.4843,-4.8152,-2.9064,14.219,-2.2897,-12.602,6.5202,6.1861,1.7932,12.874,13.062,19.625,29.736,13.038,-2.0155,-6.1216,-15.644,-7.3544,10.024,5.4675,-13.934,-31.381,-19.06,13.101,8.4476,-11.42,-7.7694,-13.438,-15.799,3.5457,-3.2517,-20.32,-3.4646,17.539,21.096,9.8863,-6.9897,1.7925,21.852,23.059,20.541,11.222,4.6508,23.988,16.032,-25.698,-22.282,1.4966,-13.269,-26.809,-19,-9.7144,0.0019062,-6.9989,-20.422,-4.4466,12.319,3.7409,-1.816,-3.3271,-7.3058,6.6354,18.916,0.93672,-8.8226,18.504,34.327,12.289,-0.11964,9.8123,5.1516,0.21443,14.605,5.1833,-28.099,-25.55,2.3136,3.449,-9.6062,-6.9237,0.1301,-4.6092,-16.998,-23.583,-18.947,-7.3878,13.012,29.534,16.579,-3.2326,0.88042,2.6401,-2.6198,7.0748,7.021,0.37136,9.5941,-7.0321,-22.015,31.47,53.842,-9.6606,-22.007,17.665,-3.9539,-27.422,-1.8611,-5.2714,-27.783,-16.095,-0.46454,3.7291,9.414,11.895,12.911,4.0132,-9.7804,-0.71156,3.9358,-17.975,-20.653,-7.9064,-16.522,-15.869,4.7858,15.006,22.72,26.856,20.807,32.404,41.096,18.245,3.9777,-4.4941,-32.077,-36.067,-21.389,-19.201,-1.2784,1.3222,-27.209,-7.2721,15.285,-24.996,-22.331,13.914,-11.772,-7.038,42.538,23.377,0.92778,23.859,11.192,-0.74176,10.688,-16.421,-23.886,14.769,15.283,-4.3965,-2.023,-1.9732,3.0825,5.0605,-4.5006,12.967,23.897,-10.941,-31.237,-21.916,-18.047,-6.3035,4.751,-5.2899,-9.7824,-2.3877,2.3069,10.951,17.386,8.8798,-2.9583,-2.8896,3.8967,1.7589,-3.5493,4.3455,16.822,20.566,13.365,-2.4384,-7.7973,2.5516,4.9353,-3.2562,-11.472,-20.559,-19.561,-6.6424,-0.49318,-0.91571,3.6555,10.625,7.4261,-9.6046,-15.535,2.3868,11.532,-2.1743,-11.003,-1.1609,11.493,9.5656,4.5418,12.84,14.477,4.033,-0.83438,-14.008,-22.089,2.493,10.479,-7.8608,7.2522,21.544,-6.9707,-19.492,-3.4634,2.5409,1.5075,-6.0983,-8.4262,11.471,14.445,-4.2934,-2.9568,1.8672,-3.0215,-0.95919,-9.3345,-14.472,6.0864,5.3242,-14.83,0.082534,17.291,3.6535,4.5411,19.243,3.3666,-19.908,-7.8222,9.6475,-6.1082,-13.904,14.478,21.132,-1.0055,4.3781,13.074,-1.5622,2.1622,5.1975,-20.62,-24.695,-9.4407,-15.63,-16.739,-3.5842,4.0571,13.428,13.397,7.6502,16.335,4.6931,-15.581,10.075,23.262,-12.446,-11.756,23.287,16.043,-14.45,-25.526,-18.57,-0.75947,11.529,14.003,11.961,-4.255,-14.905,-0.57202,4.0255,-11.326,-11.455,5.9055,15.239,8.4047,-1.0295,-2.0122,-4.8947,-9.565,-1.7647,6.8931,4.8751,1.4874,-1.395,1.0141,10.05,5.1799,-12.593,-17.345,-8.0652,-4.1884,-7.2348,1.8866,17.078,11.975,7.6097,20.288,8.4652,-13.804,3.2282,16.895,-6.5876,-17.872,-5.0263,0.28946,-7.0706,-14.804,-9.3314,0.32075,-0.7246,1.7498,1.5527,-8.3335,7.8316,29.762,4.8899,-23.43,-7.9697,11.686,4.6788,-8.0682,-2.5625,8.5931,0.64856,-1.9599,15.135,8.9459,-11.585,-1.5941,11.024,1.2044,-0.69211,5.2526,-7.5795,-23.442,-8.4961,14.982,4.3458,-7.2434,10.548,10.003,-7.5187,-4.039,-7.1,-10.011,8.887,-2.9417,-27.155,-4.8853,9.0064,-3.826,6.4244,7.5996,-6.0489,13.248,23.705,-1.6473,-4.8865,17.455,20.152,-0.72656,-9.766,13.009,18.219,-18.955,-26.22,5.0427,4.6734,-11.778,-9.8216,-17.02,-24.686,-8.5653,5.2275,0.79261,-5.4042,0.21262,10.758,7.6952,3.8952,13.673,8.5461,-4.6237,6.3715,9.8797,-3.7357,4.2211,7.8383,-6.2519,8.9768,18.042,-13.084,-5.3331,29.719,-0.94272,-33.159,7.8063,31.843,-4.1427,-29.085,-25.6,-19.153,-15.103,-13.435,0.30253,13.878,-6.9739,-21.368,10.573,26.908,0.93585,-4.7228,17.765,19.757,3.4769,-0.85478,2.5091,1.1916,4.0608,12.37,14.963,12.805,3.7251,-12.024,-12.245,0.66838,3.3144,1.9026,-2.4288,-13.436,-13.074,-13.503,-18.406,3.5671,11.766,-23.134,-24.404,6.0976,-2.2987,-14.955,-1.8805,4.3263,5.5937,-1.7003,-8.993,13.814,20.513,4.7126,29.168,42.328,14.933,27.47,44.661,16.507,9.7997,10.679,-13.72,-12.238,-16.081,-53.027,-56.215,-47.545,-66.112,-55.413,-25.482,-25.208,-19.941,7.8094,25.558,32.817,50.752,71.409,67.341,51.331,48.891,35.713,11.951,4.5512,-11.078,-29.073,-21.584,-27.942,-41.83,-26.257,-27.499,-42.173,-17.748,7.7371,7.3185,0.68433,-14.02,-9.0378,14.279,8.0814,0.80204,9.9584,-2.9669,-9.4134,7.3499,11.575,13.58,13.058,2.2233,10.534,16.175,7.2875,20.786,20.644,-3.9808,7.4965,19.535,-4.5839,-8.2076,0.97171,-14.632,-28.357,-34.032,-36.929,-22.3,-8.5727,-13.599,-16.093,1.0425,15.863,2.3893,-4.7434,18.725,24.426,18.385,35.081,26.474,1.1098,13.433,12.729,-10.859,-2.2876,-6.2888,-34.45,-19.139,7.2711,1.2983,-0.3095,5.4954,6.4518,7.9272,1.0606,2.5027,8.0256,-20.532,-41.689,-16.049,0.90249,-5.4296,-1.0402,3.169,3.5366,8.5236,6.3122,6.3724,11.226,8.3401,16.695,23.03,-3.4935,-12.983,13.562,7.3779,-24.048,-22.623,-7.5768,-3.3586,-2.3085,-0.43718,20.788,39.399,14.531,-2.424,9.6702,-13.366,-34.225,-3.607,0.11115,-25.767,-11.129,-3.0806,-29.347,-27.598,-5.117,4.6978,12.79,10.938,7.7017,28.34,43.528,33.379,24.014,21.082,11.227,-10.095,-28.875,-19.989,-2.8178,-12.476,-21.153,-6.6722,-5.4621,-22.199,-23.071,-12.95,-9.5511,-0.31804,19.193,28.77,19.235,3.2903,-2.0396,6.3718,10.651,1.7398,-3.1151,0.43876,1.2525,2.5093,-2.5495,-18.148,-12.054,11.438,6.122,-5.1161,14.691,18.007,-12.248,-15.351,9.187,10.572,-1.7382,-3.2337,-7.1476,-9.1976,3.1691,5.7103,-9.0576,-7.2801,10.376,4.2364,-18.324,-12.758,7.7826,-0.98073,-15.727,-3.48,1.0213,-8.3794,6.3588,19.57,8.7045,19.395,44.246,31.416,-2.2641,-17.209,-9.853,-0.74445,-15.573,-33.122,-20.511,-7.0312,-9.3288,-3.1141,4.9242,7.7841,10.264,-0.63575,-7.1406,7.1484,9.9698,0.087681,-2.024,-6.9784,-6.0106,6.9418,9.2895,10.548,14.636,1.0645,-4.0645,10.448,2.5001,-15.698,-5.9781,2.5098,-12.386,-17.277,-3.3033,2.1699,-0.0135,9.5047,18.576,8.6739,-2.6336,2.4428,4.3937,-9.7512,-12.451,3.7287,2.8883,-7.8099,4.0489,3.5069,-21.786,-14.328,13.873,13.647,0.82383,-11.375,-7.0029,24.36,13.603,-30.061,-6.5732,28.628,0.76672,-12.224,-1.1003,-9.5888,9.5131,35.611,9.8618,-12.118,0.44424,4.2158,-5.533,-11.102,-2.7071,7.4964,-5.3493,-14.75,-3.6277,-6.0021,-14.92,-15.627,-20.31,-6.4862,19.749,19.118,15.982,28.471,24.051,-1.7045,-27.016,-25.641,4.0871,14.677,-1.098,-2.4709,7.5488,8.3182,-2.6559,-10.16,10.843,27.187,8.8663,4.2605,4.4128,-29.327,-39.032,-14.721,-10.294,-3.7719,10.051,5.3997,9.3005,9.7099,-10.478,-4.6879,9.775,-4.1678,-5.8186,6.0081,0.52847,0.13111,12.095,15.497,6.0424,-5.8824,-3.5976,0.47209,-4.1919,6.9514,10.726,-11.356,-2.9097,19.606,-0.16389,-9.3847,14.798,12.478,-8.6987,-12.801,-11.243,-14.523,-16.433,-6.6643,-1.9116,-19.017,-14.419,6.6451,-10.545,-5.1834,44.448,24.744,-25.225,10.918,46.904,14.622,0.30198,9.6265,-7.2618,-18.768,-7.5769,-3.2252,-11.336,-17.195,-8.1752,8.8122,12.878,8.7488,10.465,8.7161,-0.28328,-2.3995,1.2698,-4.4972,-15.399,-16.756,-11.282,-3.8239,2.874,-3.2126,-15.939,-18.65,-14.811,-0.86096,20.19,17.694,3.5198,12.328,17.333,2.0124,6.5156,28.625,23.287,-3.7087,-7.9888,12.698,18.315,5.2186,4.7916,9.4084,0.26824,-8.2213,-12.872,-21.612,-32.431,-48.679,-56.062,-43.244,-36.881,-32.149,-3.4387,20.185,26.231,41.16,47.98,38.991,51.053,67.981,47.002,18.214,19.133,13.228,-20.843,-32.176,-15.654,-26.06,-45.818,-36.5,-30.489,-34.415,-26.981,-22.655,-10.773,7.6105,-0.87763,6.4849,41.946,26.507,-6.7709,6.7363,6.1091,-6.5062,20.153,27.035,8.157,20.992,20.663,-4.7225,5.502,17.612,-7.079,-22.084,-15.648,-11.666,-7.9524,-4.4156,-5.4151,-9.4998,-9.5618,1.6983,2.485,-14.309,-9.5892,8.9841,1.3121,-6.6571,1.6694,-8.4398,-17.702,4.7209,19.199,14.214,18.027,7.7893,-13.513,4.8808,24.569,-5.2305,-17.769,15.788,24.393,2.2319,-4.8636,0.57255,5.4516,3.2432,-7.2636,-11.155,-18.616,-32.175,-17.696,7.9267,6.0516,-4.2655,-7.5499,-2.727,9.7566,-0.97543,-11.197,24.6,36.203,-6.7027,-13.956,7.5747,-0.41384,-2.6396,2.468,-9.5068,1.7404,23.987,11.832,-2.1534,1.258,0.94338,3.6508,2.1626,-18.887,-30.739,-11.77,9.8711,3.2261,-7.9782,5.495,3.1702,-16.928,10.38,32.673,-13.12,-21.966,23.394,9.338,-16.734,7.2734,-0.22441,-17.381,16.397,17.396,-22.999,-20.764,-1.5964,8.0122,28.846,18.057,-20.419,-13.351,18.429,17.902,2.4442,-4.9156,-8.6409,-10.1,-8.736,-3.4571,0.92755,-1.1226,-1.9164,1.4159,2.8143,-0.20917,-4.649,0.85108,7.6801,-6.7508,-17.912,-3.5116,1.7326,-2.7714,12.073,18.934,5.2229,0.63278,-4.7278,-12.505,5.4858,15.811,-8.5894,-6.2268,33.888,31.58,-14.569,-26.242,-1.823,6.6141,-3.9638,-16.686
-2.5386,0.30081,7.8051,5.3694,-4.6626,-5.7628,-0.72681,1.316,1.7622,2.6022,2.984,2.042,0.22609,-1.0173,-2.1747,-3.0024,-1.2872,2.4686,5.3783,5.3267,2.8762,0.23199,-2.473,-5.1084,-6.6457,-7.2165,-3.7508,5.204,11.449,9.0984,2.1376,-3.9002,-5.7248,-4.6528,-4.4272,-4.6673,-4.7864,-4.041,0.71251,6.8261,9.3493,7.2014,-0.33069,-6.7976,-4.3515,1.8749,8.1118,13.527,7.8131,-6.9145,-13.103,-7.2018,2.8181,8.4863,2.3554,-8.8494,-12.629,-8.4566,-0.255,6.967,9.222,9.4282,5.8249,-3.9564,-9.7276,-6.3983,-0.64488,3.17,3.0606,2.1524,5.0558,4.4491,-2.4536,-3.5756,3.0827,6.2904,1.53,-6.6083,-11.976,-11.529,-5.4521,2.7611,6.3121,4.9122,3.7379,2.214,3.1007,10.431,14.007,8.9273,3.4566,-5.0921,-16.914,-17.774,-10.834,-10.291,-9.4085,-1.3715,2.8856,2.8116,10.843,22.075,21.05,10.379,-0.3473,-11.98,-19.062,-11.694,-0.13445,1.8005,1.3581,5.1123,4.8082,-0.36371,-0.98796,2.1417,1.5131,-2.1031,-4.747,-5.1041,-2.4162,-0.2692,-2.1049,-3.8757,-2.4935,2.2412,9.9565,13.28,8.2747,1.449,-4.3307,-6.1575,-0.44712,4.0338,3.5136,4.3869,2.1412,-5.923,-14.053,-20.637,-15.745,3.0687,12.019,5.0508,0.36778,1.0165,3.7359,7.401,7.9965,10.602,12.525,4.1632,-3.3161,-6.1201,-12.118,-8.6064,0.39475,-6.6039,-13.518,-6.0871,-1.028,4.3815,15.808,16.133,6.2451,-0.078858,-3.3447,-3.3974,-0.45477,-0.78286,-4.9385,-10.101,-10.812,-1.9808,8.0272,9.2355,5.1866,3.3118,4.805,2.7912,-6.6896,-13.572,-9.3101,0.77026,7.1197,4.0738,-3.651,-5.5855,-0.61095,7.1067,14.559,17.31,14.859,7.4559,-4.9854,-13.315,-13.929,-14.74,-13.854,-8.5807,-4.9954,-0.7916,3.0542,-1.0247,-0.96156,11.585,17.619,11.28,6.151,-0.14647,-9.76,-8.8824,-0.29911,0.84257,0.0029248,3.9094,3.3788,-0.31373,-0.76601,-3.7221,-4.8727,2.6326,5.1131,-1.2136,-2.7323,0.22844,2.8807,5.4396,3.3299,-0.55616,-3.1585,-10.249,-12.446,-2.0411,4.1621,1.6538,2.9255,5.8759,4.5088,0.86019,-2.91,-4.8152,-5.1336,-2.1415,4.8008,4.7995,-1.4126,0.079608,2.8707,0.39327,3.6432,8.6197,5.9707,1.8946,-1.2713,-3.7259,-4.9988,-9.5266,-8.6166,3.6246,9.1949,2.5622,-3.3654,-4.2945,1.5113,7.8307,2.6011,-4.7746,-5.3398,-8.2263,-10.079,-3.4796,2.1799,-0.29562,-6.5696,-5.1401,8.1996,15.436,7.6142,1.8207,5.1547,9.4656,9.1813,2.6589,-1.9943,-0.040396,0.43586,0.34064,0.87232,-4.0998,-6.0202,-3.301,-8.8478,-12.945,-5.9352,-0.58258,0.86853,-0.072922,-6.533,-7.6224,-2.7445,-2.0913,1.729,7.1305,3.6897,3.459,10.454,11.041,7.8723,7.6637,7.2182,4.7501,-1.7885,-8.0094,-5.2771,0.3349,0.29889,-1.325,0.97152,4.8252,2.4603,-2.9499,-1.6847,-2.4562,-9.5724,-9.7296,-8.4697,-12.02,-7.2964,-2.442,-8.7306,-11.632,-8.0609,-0.010701,16.364,22.492,13.663,12.281,15.14,13.769,14.723,10.436,4.7154,8.2606,1.7009,-16.397,-22.014,-18.509,-12.442,-3.3564,-4.5065,-7.8372,-0.77493,-2.5818,-11.356,-6.6292,-2.4631,-6.0396,0.30393,7.7989,0.78178,-5.0623,5.3396,21.188,26.287,20.553,14.789,11.281,3.647,-7.931,-14.659,-11.53,-6.2815,-7.7878,-11.747,-10.964,-6.5809,-2.4347,0.37577,2.6928,2.3574,-1.0888,0.054624,4.431,3.5047,3.133,1.6971,-10.253,-12.543,6.4308,18.839,15.824,9.8387,-0.859,-6.936,0.5732,4.455,0.20642,-3.8871,-11.957,-18.685,-16.822,-10.995,1.4914,13.812,11.757,7.1462,6.7442,1.0221,1.4722,11.887,13.996,9.6802,3.5521,-9.9686,-15.905,-8.6865,-7.7408,-11.55,-9.4706,-7.2337,-2.5383,8.0138,14.865,14.937,8.2926,-4.8804,-12.844,-10.057,-3.0436,5.7377,10.732,4.5066,-6.845,-10.746,-2.1087,8.6884,8.8646,7.2637,11.629,10.258,4.4877,1.871,-4.0362,-8.1318,-7.5261,-14.119,-16.596,-8.8292,-12.758,-16.506,1.2198,15.583,15.269,15.247,10.094,3.8218,9.182,12.305,7.5655,1.905,-10.228,-19.844,-15.638,-9.6386,-3.6174,3.7666,-0.83168,-7.2475,0.82978,7.9038,7.2823,10.308,9.6265,1.197,-1.7093,-1.2206,-3.1111,1.0802,4.2794,-3.6241,-4.1606,5.7411,2.0957,-5.6446,1.2435,1.8314,-8.8083,-5.7031,4.5261,1.0705,-10.819,-17.077,-9.2219,4.318,7.2999,9.1213,16.751,11.192,-4.1415,-6.9304,0.98203,8.6591,11.504,9.1928,6.2762,-3.1707,-19.287,-20.753,-8.3478,-2.2462,0.97561,3.8952,-1.7362,-3.0327,8.0186,12.985,7.9484,8.1622,11.36,6.8226,0.058416,-7.4874,-22.57,-28.032,-10.935,0.54277,-6.1752,-7.7772,-3.8489,-3.5623,5.6274,20.698,23.855,16.668,11.236,12.404,11.339,2.1723,-1.0038,2.097,-3.7459,-8.8745,-7.5331,-13.909,-19.372,-13.505,-9.7303,-11.116,-11.157,-7.0662,3.3226,8.2552,4.8512,11.057,18.375,10.622,7.4952,15.52,11.67,-2.8512,-11.363,-15.21,-13.359,2.493,17.597,10.853,-4.2593,-8.9255,-11.42,-10.118,3.1589,9.777,4.2795,2.9187,0.20772,-6.8619,-6.3657,-2.8864,2.1003,11.323,9.5058,-3.3111,-13.338,-21.432,-19.04,-0.36829,13.999,15.523,10.064,-1.7798,-7.9028,-1.8781,4.6205,10.68,17.763,19.274,15.944,6.105,-10.34,-19.854,-18.767,-14.551,-8.6859,-4.0499,-3.3025,-4.9268,-6.8012,-2.0145,7.8107,11.365,11.379,10.595,2.6083,-3.6461,-1.3215,-1.6089,-4.0415,-0.33759,4.4123,3.8115,-0.66472,-0.48924,7.1951,6.4061,-6.2322,-9.3783,-1.703,0.60637,-1.0959,-3.0514,-8.5348,-13.583,-14.215,-7.0976,10.732,25.221,23.238,16.561,13.878,6.8753,-2.3787,-5.0816,-7.7721,-16.819,-21.653,-14.275,-4.7471,-3.1015,-3.9553,-2.557,-3.306,-0.92292,10.933,14.477,0.44735,-4.0634,10.575,16.469,8.7549,6.6626,4.4598,-6.9926,-12.316,-5.4551,0.91909,1.8932,0.048343,-0.6792,2.934,2.6706,-4.1684,-2.7964,3.5927,-1.1381,-4.7157,1.0904,-4.8751,-19.887,-20.178,-10.432,-1.9255,6.6327,9.3282,7.0571,9.9778,14.419,15.247,14.371,11.56,9.4641,6.11,-2.0226,-4.6096,-4.351,-15.763,-23.503,-13.814,-6.0884,-6.1642,-2.5366,0.33866,0.73697,5.5697,10.07,9.7301,8.1903,6.0071,1.6392,-6.1426,-13.927,-10.863,1.5745,5.7271,0.43674,1.5336,4.646,-1.5989,-0.88031,13.057,13.417,-0.08566,-2.591,-1.5977,-6.2318,-3.1243,-1.2182,-9.6721,-9.0552,-1.2041,-1.6333,1.9585,12.22,12.489,7.0973,5.3552,2.9625,-0.5884,-7.5605,-18.523,-17.229,-1.72,3.9708,-3.2995,-4.0887,0.1218,-1.1637,0.60119,9.0319,11.532,6.5075,4.1256,6.0412,5.489,-0.83604,-4.9378,1.2066,7.101,-0.02571,-10.347,-7.6779,3.3371,3.5084,-8.2149,-9.7677,1.1969,3.9278,1.8711,8.6388,12.036,5.2718,-1.2087,-8.9533,-18.997,-19.072,-6.7111,5.8629,5.9353,-6.4346,-15.628,-11.819,0.075951,14.39,24.543,24.938,20.141,14.461,5.9743,-4.5141,-11.269,-6.9536,5.2571,9.8034,4.7819,0.31096,-8.9576,-24.188,-24.058,-7.1209,0.2685,-3.1698,0.70532,2.29,-10.791,-21.923,-21.566,-15.229,0.092587,16.134,20.206,24.22,27.795,14.35,2.6133,12.378,23.451,24.58,23.288,13.814,-3.8118,-16.288,-21.697,-27.113,-33.916,-34.901,-26.858,-19.167,-13.646,-4.8494,1.7264,8.0373,18.16,16.838,7.3839,10.14,14.17,9.3192,6.3878,0.40796,-3.2677,11.128,19.497,10.668,12.375,13.762,-1.441,-4.3287,-0.57812,-16.719,-23.457,-9.0999,-9.3671,-18.94,-15.202,-12.8,-14.761,-6.9769,3.8472,9.8034,12.756,12.942,13.804,14.555,11.365,8.6978,4.6787,-4.795,-10.379,-9.4653,-7.1383,-0.61662,4.8011,4.0713,8.0882,12.24,4.1433,-0.14041,5.8572,1.0368,-9.7795,-8.3989,-7.5594,-14.072,-11.724,-3.2896,-0.99479,0.28393,3.0522,2.3545,-1.1587,-4.0282,-0.47449,7.0733,7.1357,5.9301,9.813,3.509,-7.2741,-2.6025,4.1468,1.2239,0.82425,2.5013,1.5605,0.12699,-2.4991,2.8934,12.294,3.1501,-9.9283,-5.2456,-4.1785,-10.794,-4.6749,1.2446,-4.3394,-4.242,2.0227,1.8287,-0.86196,1.6517,6.481,7.986,6.0688,-0.27408,-10.48,-10.787,0.1809,2.6145,-0.88406,3.6214,4.8582,-0.8807,0.70852,8.2801,12.532,10.38,2.6759,-3.0981,-4.8862,-6.8765,-6.8231,-5.3847,-6.0769,-5.8645,-1.2712,6.6809,6.395,-7.8122,-13.992,-4.2362,-0.097391,-1.0238,4.2234,8.703,11.211,9.7099,1.3258,-0.67369,0.075066,-6.0615,-3.1941,5.2862,3.7532,3.812,3.2662,-7.291,-8.7515,0.81839,3.1262,-0.41865,-3.7299,-2.5335,3.945,3.3781,-2.2205,-2.7848,-5.828,-9.818,-4.776,4.5194,11.68,12.229,8.6621,10.66,7.4612,-10.025,-23.229,-22.232,-11.802,0.69534,3.4331,4.6976,12.493,10.481,6.4169,12.272,6.4268,-3.8997,2.9623,5.0928,-3.9143,-3.7957,-2.2683,-6.591,-9.0591,-10.371,-6.2094,2.0406,1.6335,-2.0866,-0.48368,2.234,3.0701,-0.69442,-1.2574,9.4976,10.96,-2.8837,-5.0014,1.4452,-2.481,-2.365,7.9733,11.648,9.3837,3.7533,-13.23,-25.645,-15.147,0.036281,4.4219,7.016,6.2101,2.2884,8.6301,13.559,3.6767,-3.6175,-3.938,-5.3658,-0.54888,3.1886,-2.6108,-2.7953,-1.2951,-9.0832,-9.3893,0.18553,3.1951,0.15491,-3.8564,-4.7041,1.3941,4.8684,1.4263,-1.4555,-0.26121,7.7163,14.859,9.8147,4.6272,6.4932,2.1221,-4.9639,-2.8511,3.7767,6.2292,-0.050603,-9.091,-12.455,-18.199,-24.767,-14.389,4.9519,11.148,4.3975,-2.9994,-3.1286,1.5305,5.7703,13.909,21.11,14.207,1.1765,-5.285,-7.639,-6.0407,1.1057,9.3073,13.576,9.1006,-2.0613,-10.645,-11.36,-5.2854,-2.7476,-9.9561,-13.988,-10.457,-8.3474,-3.5207,3.2963,4.5334,9.4312,16.38,11.934,5.9618,5.5962,1.0223,-4.8109,-5.4554,-1.9778,3.3983,1.31,-6.9903,-6.3972,-0.18151,0.46547,-2.9585,-6.688,-2.0138,13.498,21.257,13.286,1.0128,-10.658,-17.733,-13.425,-1.5191,8.2771,7.87,-2.0433,-10.33,-11.306,-6.1202,1.552,2.5622,-0.27531,3.1635,3.2112,-4.1424,-0.62203,13.068,18.36,14.426,8.0098,0.57492,-2.6743,-0.97494,-3.7191,-11.959,-13.979,-9.9059,-11.097,-9.3343,4.8107,11.144,2.432,-0.30446,1.7931,-0.69007,2.7093,7.0794,3.4969,4.4424,5.2514,-3.6452,-4.8843,0.50642,-3.4323,-4.2739,0.81841,-3.1752,-6.0259,0.57035,5.3515,7.6268,5.381,-3.0187,-1.4495,5.8588,0.12076,-5.0991,0.77782,1.5325,-2.2862,-1.5945,-2.5257,-2.6153,2.8826,3.5511,-1.9704,-3.4332,-2.2912,-4.1816,-4.2296,1.7556,6.066,2.2304,-1.7757,1.4957,5.9409,5.6241,2.3265,-2.0958,-5.7227,-4.3588,3.2948,10.946,9.0327,-3.5426,-15.564,-14.761,-2.3999,8.0603,9.5364,4.5168,-4.9268,-9.5767,-1.943,4.166,2.5877,4.759,2.7782,-8.3286,-7.3725,3.338,5.2646,7.8805,12.968,4.6932,-7.1143,-7.6094,-3.6337,-0.35036,0.72575,-3.6967,-7.1494,-3.6314,1.6077,3.6366,3.5865,2.7367,-0.36307,-5.0786,-7.0903,-4.0117,3.2057,8.5263,6.1712,3.6236,6.3358,6.0248,3.1585,0.72267,-7.0828,-11.646,-6.704,-4.8952,-2.0888,7.1025,4.9275,-4.6963,-2.6363,4.0341,6.7453,5.2741,-3.1318,-7.2109,-0.82009,2.1367,-0.55899,-1.9056,-1.4751,0.7013,-1.2026,-6.137,-2.3977,2.1612,0.1419,5.6474,13.87,8.8428,0.23842,-1.5939,-0.76274,-0.70281,-3.9505,-6.0963,-2.081,-0.9194,-3.9186,-0.18803,4.9767,1.489,-2.8765,-1.6292,-2.0272,-5.8357,-6.0612,-3.3973,0.2084,8.6742,13.976,5.8271,-5.4861,-8.6696,-3.189,8.1887,11.617,1.8137,-4.512,-3.8522,-2.9917,2.9071,8.6188,3.9431,-5.6235,-11.475,-7.5058,0.67203,0.33868,2.0777,10.607,6.7243,-3.0426,-6.3031,-11.372,-7.2922,4.0161,-3.1679,-8.4379,7.0365,13.112,8.1785,8.1481,1.8702,-4.5726,-4.1605,-8.073,-4.8869,5.2392,1.9176,-1.1768,4.3601,2.5758,3.2549,9.4069,2.1999,-8.7235,-9.7058,-8.2149,-3.3302,3.7876,3.2724,-0.94839,-1.4339,2.1658,6.4505,2.7631,-7.2446,-9.4583,-2.1677,3.8085,3.8145,1.7761,0.7824,0.044276,1.7281,6.5863,7.0806,0.63817,-5.8996,-6.4862,0.071137,5.0381,1.1927,-2.0308,-0.0065178,-0.14235,-0.76303,0.42438,-0.0023765,0.26515,-0.20649,-4.0334,-4.4596,-1.508,-0.86591,-1.0115,-1.7539,-2.3051,0.53527,2.7139,2.8078,5.8495,10.938,13.32,9.1126,-1.3098,-11.531,-18.625,-20.515,-13.048,-1.0628,8.7402,12.864,7.758,3.949,11.566,17.871,13.228,0.8181,-13.854,-17.976,-14.201,-16.902,-13.473,2.0204,9.3012,10.047,12.228,7.1217,1.0819,0.3891,-0.2896,4.3359,8.0106,0.42395,-4.6286,-6.4682,-14.476,-14.933,-5.7461,1.3607,8.5861,11.112,5.901,4.8629,4.4822,-1.2528,-4.6079,-5.6976,-2.0244,8.8225,11.211,3.1185,-3.1914,-9.5489,-11.33,-1.6668,5.8615,6.8555,9.5152,7.4277,-3.1014,-10.657,-9.839,-7.6132,-8.5435,-6.3426,-0.9608,-2.1279,-2.3294,7.5047,12.24,7.7545,6.2387,3.6582,-0.13212,5.3082,11.55,7.2755,-3.6173,-12.841,-9.7447,2.1052,3.3037,-5.3978,-9.4657,-6.7176,1.8487,9.0661,6.2701,3.3369,1.5599,-9.5558,-12.284,2.8356,5.8711,-6.2387,-5.641,2.418,1.8048,0.26839,1.2189,1.7471,4.1264,3.2022,-1.7633,-1.6743,1.315,2.7969,4.9478,3.6462,0.88237,5.383,9.2746,5.405,3.231,2.2291,-7.048,-18.043,-18.46,-9.0426,1.6917,7.5007,5.7893,-0.48141,-3.1855,-3.9491,-10.507,-11.163,2.5834,9.2213,1.5816,-1.1224,3.3307,10.196,19.048,16.334,4.2914,0.64369,-2.1548,-8.222,-5.0223,-3.2842,-10.518,-9.2548,-0.70831,1.0671,-1.5271,-3.6566,-1.8155,6.2271,13.013,13.07,7.2237,0.39088,0.70973,0.73049,-11.835,-24.102,-20.469,-8.3454,-3.2625,-9.61,-10.638,5.8633,19.881,18.884,17.322,15.756,7.7332,2.6305,2.4789,1.9543,2.7102,2.2419,-3.0161,-8.7862,-8.8308,-2.0559,1.0535,-5.0792,-6.6156,0.52405,3.7659,0.81206,-5.5167,-11.908,-10.268,-5.7624,-5.2081,-0.46115,3.3859,-3.9949,-8.506,-1.0918,7.9992,14.243,13.987,6.1779,4.7255,10.323,7.6944,3.2505,8.5702,9.7041,-0.85203,-8.0739,-7.494,-5.0353,1.1797,6.8185,4.7314,0.21586,-7.7949,-20.985,-19.942,-3.5755,-1.052,-12.937,-17.656,-16.685,-10.749,5.8636,15.743,9.5334,5.4803,9.255,13.599,18.337,17.671,10.294,8.321,10.502,9.994,12.548,12.805,0.32082,-14.21,-20.425,-20.295,-14.277,-7.9214,-6.3645,-6.7974,-13.708,-23.655,-18.426,-3.5953,1.7241,0.89303,1.4275,4.5809,12.912,19.522,18.343,12.466,3.8247,2.0934,10.733,12.979,9.2476,8.9414,-0.11026,-9.8912,1.7418,14.223,3.3589,-16.525,-28.991,-27.956,-12.99,1.9221,6.4888,3.1819,-4.4232,-9.1618,-6.5228,-0.76231,6.3619,11.079,4.1462,-9.9367,-12.609,1.5821,17.051,21.482,14.785,-1.2961,-11.604,-0.8097,9.9085,4.7303,6.4048,13.305,3.1415,-8.1407,-7.2504,-8.7013,-8.6554,-1.095,-0.58479,-7.5733,-9.3114,-4.9839,0.16402,3.6469,5.1832,3.3049,-1.5978,-4.1971,-5.9927,-7.6165,-0.80742,6.0213,2.3632,0.83272,-0.28906,-10.135,-8.3874,8.2051,15.939,17.859,20.86,14.947,7.5359,3.4152,-7.6568,-14.268,-8.6002,-8.9766,-10.963,0.43048,3.6936,-10.358,-13.47,-5.8323,-6.5573,-3.7036,3.2852,-0.58828,2.4008,14.182,7.8423,-0.049907,8.1824,5.0004,-7.7761,-5.9596,0.17988,3.0373,5.0353,-0.017376,-1.6381,4.3548,2.0965,-1.6253,4.4231,9.6254,8.7781,4.1732,0.18555,0.23165,-6.2574,-17.526,-17.144,-9.5532,-1.2435,6.2034,0.58108,-8.0695,-4.8295,-5.3519,-7.1819,5.3073,15.902,16.357,13.895,3.8657,-4.143,-2.4522,-4.3346,-2.9259,7.2331,7.0761,2.4886,5.9062,0.96773,-10.799,-10.693,-5.0703,-4.9135,-7.2777,-6.5597,0.71194,6.2076,2.4532,2.2019,9.3414,9.1254,4.3234,5.9307,5.788,-0.90138,-6.9383,-13.792,-20.971,-18.639,-8.5518,-0.2823,4.2341,6.5946,10.127,15.473,17.942,18.614,17.307,8.8471,-0.090075,-4.9009,-11.51,-14.998,-15,-19.757,-18.398,-7.6695,-2.1457,3.1402,10.136,8.461,10.469,16.471,6.3478,-5.4913,-3.0411,-2.8337,-4.9734,1.511,6.0272,1.1393,-5.673,-5.2684,2.4465,6.2385,6.2373,10.127,9.326,0.27629,-8.3357,-14.473,-13.041,-4.0637,-1.0393,-3.3696,-3.9907,-4.6169,-2.5471,-1.3758,-3.7119,3.1431,13.362,13.929,14.346,11.427,0.28214,0.079679,6.121,2.8312,2.7664,1.5435,-12.976,-19.569,-11.642,-6.8661,-5.5493,-4.3337,-2.1146,3.4421,1.2619,-3.8245,7.3564,17.75,8.678,0.25276,0.69377,-4.8891,-13.737,-13.09,-2.6335,7.8843,11.034,11.24,11.348,5.9064,-0.63975,-0.21115,3.4885,6.1364,6.1432,1.1741,-6.3926,-14.852,-22.164,-19.245,-7.1341,-0.69082,-2.9491,-2.9922,2.6672,6.5003,5.2499,5.2906,8.584,11.447,15.679,17.567,7.9824,-5.8839,-13.589,-16.676,-12.31,-2.1157,0.49709,-1.7399,1.5824,4.2855,3.7989,6.4094,8.123,4.9428,2.5459,2.9455,1.5412,-2.8255,-7.5424,-14.604,-21.842,-16.263,-1.6627,3.2418,3.0818,7.4188,7.5611,6.4576,10.806,11.383,9.0596,7.837,1.3343,-3.6977,-2.6816,-6.9252,-14.497,-15.857,-8.8994,4.352,10.222,6.6893,10.085,11.886,1.6972,-1.7188,1.7287,-1.5944,-2.7289,-1.7049,-7.2635,-10.983,-10.483,-9.2128,-2.8342,4.108,5.2068,3.2378,1.2313,3.1512,7.7682,9.023,6.7867,-0.77787,-8.9978,-6.3355,-1.694,-1.5041,4.0782,4.5597,-3.3245,1.5089,10.093,7.1103,6.3256,5.399,-2.2325,-3.5808,-4.5177,-10.826,-9.7846,-8.7338,-11.216,-1.4282,9.7423,7.6893,5.016,3.64,-3.4307,-8.5034,-7.9415,-4.4357,3.9678,13.648,13.089,-2.7525,-18.723,-13.785,5.7903,18.079,20.357,19.179,11.796,-2.9617,-17.538,-24.345,-20.932,-7.5585,9.3502,17.091,14.16,7.7614,-4.1538,-14.819,-7.2747,8.1625,11.103,7.4608,4.5744,-2.13,-10.589,-18.291,-23.948,-21.207,-12.205,-3.939,4.238,9.82,8.8326,7.7585,11.74,16.688,19.539,20.194,18.258,14.973,10.951,4.7493,-2.3589,-8.46,-13.814,-15.815,-14.25,-15.074,-16.972,-15.472,-15.327,-17.528,-16.175,-8.0043,7.2119,15.463,5.1964,-1.2681,8.3736,12.243,10.553,13.603,8.3003,2.4688,10.489,14.536,12.903,17.244,14.515,7.8612,10.363,5.5038,-9.347,-17.663,-24.629,-32.161,-31.379,-28.098,-24.607,-15.515,-3.6911,8.0195,14.705,11.461,6.2275,4.2959,3.6977,8.6529,18.406,23.204,19.709,14.068,11.997,8.2441,-0.50616,-2.8979,0.51666,-3.2612,-9.2404,-11.657,-15.089,-13.538,-6.4612,-3.3658,-1.8237,-2.5872,-9.5172,-11.733,-7.2983,-5.2205,-3.0189,0.91739,4.3633,7.1966,5.0763,3.4779,9.8164,13.534,13.943,18.366,15.142,4.2146,-0.82799,-5.4428,-10.222,-8.1541,-10.087,-14.781,-8.0922,-0.39957,-1.9978,-2.449,2.3361,7.1815,7.4699,1.1562,-4.2905,-2.685,0.50559,-0.014868,-2.7559,-2.3645,1.1716,0.17245,-2.7952,-0.72833,-0.59219,-2.4957,3.347,8.333,2.1038,-3.6687,0.58324,5.8079,4.2854,4.564,11.826,12.985,3.1468,-9.9778,-24.618,-24.775,-0.70416,11.942,1.6336,2.2611,5.3807,-7.5868,-8.7647,3.4733,6.9591,10.993,12.952,3.3605,-1.1576,-4.8821,-15.498,-12.049,-1.7609,-3.1389,-1.6713,2.8786,0.046266,1.1314,6.2456,8.4867,10.474,6.7967,1.9577,3.2228,-2.5645,-9.4774,-3.1004,-0.053924,-2.8724,1.489,-0.69325,-10.251,-7.3978,1.4806,5.249,8.5302,10.63,10.085,6.0084,-5.1379,-16.218,-19.857,-17.31,-8.5235,0.41645,2.5781,5.576,13.453,17.308,14.03,9.7735,9.1116,9.4652,5.2116,-4.9688,-18.665,-27.824,-21.786,-5.0856,7.2365,10.746,7.6511,0.74292,-1.557,4.7391,11.649,13.561,12.637,3.9753,-17.946,-34.307,-23.299,1.5424,14.021,9.2192,-1.6097,-4.2489,0.53503,1.8132,5.4885,12.862,9.5317,2.7905,2.6215,0.046895,0.94472,7.8331,6.0564,2.8717,2.9961,-6.689,-17.17,-21.334,-24.202,-14.508,-0.776,0.25615,5.0849,8.6883,-3.5821,-0.34047,21.728,26.4,21.388,21.722,12.897,-1.889,-12.85,-21.274,-20.776,-13.626,-10.395,-9.0128,-6.384,-3.6167,-1.2354,2.2842,11.574,17.644,9.7899,1.7537,-0.0082344,-3.9894,-1.2,7.5128,2.353,-8.5787,-4.8862,6.9592,9.9209,-0.97827,-11.384,-5.0885,5.27,2.2006,-2.8641,-0.30169,-3.1458,-13.706,-13.781,0.33521,10.351,9.4408,7.0779,5.8815,4.1757,2.8225,2.0432,5.4969,10.66,6.7865,-4.557,-15.178,-19.568,-11.221,-1.4085,-6.7384,-14.487,-9.9022,1.62,14.407,20.718,17.457,12.765,5.0123,-0.72703,7.5865,9.5058,-5.9782,-10.12,-2.4749,-5.4224,-11.082,-12.714,-14.557,-8.8682,-0.27393,0.73868,2.3726,5.5338,3.2914,2.3769,4.7232,5.0945,10.465,24.204,29.387,11.274,-17.75,-31.535,-22.984,-8.0588,-1.0622,-0.13977,0.18456,-4.5742,-11.999,-6.4928,8.2296,14.711,15.78,15.21,8.3591,5.4289,6.6951,-3.694,-15.457,-13.6,-9.6021,-7.3528,-2.0394,-1.978,-4.9801,-0.45693,4.5361,4.8726,8.0052,10.129,4.552,2.1858,7.8511,5.7132,-4.3378,-3.6043,0.33872,-8.7509,-13.031,-1.157,4.6548,-2.7038,-9.3172,-12.942,-12.979,-3.1878,13.089,25.177,24.592,12.797,1.5076,-3.2379,-4.0887,-3.4057,-5.4343,-11.703,-14.163,-7.531,0.072303,-0.21382,-0.16676,9.4713,14.219,4.7507,-3.2677,-7.4766,-14.298,-11.031,0.75291,4.7398,5.9887,7.0164,3.0661,5.7366,11.442,6.3924,5.4242,12.241,3.9908,-15.363,-21.943,-11.313,2.573,3.4534,-4.9661,-6.8687,-5.2227,-4.0094,3.2137,8.1552,4.5498,0.9311,-4.2655,-10.102,-4.9541,5.8565,11.501,13.179,8.8244,-0.0499,-1.5272,5.2479,10.82,11.858,7.4522,-4.4628,-18.486,-22.578,-13.999,-2.9701,2.4471,-0.53465,-11.278,-17.329,-7.4216,9.1268,18.77,19.807,12.209,-1.759,-8.9685,-1.631,7.427,6.3751,1.9933,-0.6141,-4.5217,-5.659,-1.5379,4.4485,12.359,14.621,4.5601,-5.8774,-11.661,-16.676,-11.305,-0.099246,-2.8189,-10.62,-6.5623,1.3371,5.0459,6.2452,4.1469,0.24041,-1.9437,-0.7602,2.7608,4.0033,5.0636,11.821,15.955,7.761,-1.9645,-0.34218,2.2954,-6.5338,-13.544,-8.8299,-7.3063,-9.2271,-1.7611,3.5236,0.95064,4.2208,5.3821,-2.0143,0.93158,10.054,4.9191,-3.6846,-2.3766,-3.6064,-11.005,-9.8348,-0.99536,1.0206,0.62569,6.517,6.4512,-1.7227,-2.182,2.6765,4.4239,6.8912,8.4742,10.514,15.115,8.055,-8.2556,-14.849,-16.807,-16.417,-3.0952,6.5241,0.55604,-1.5546,2.5272,1.8276,2.8594,5.4779,3.6875,3.5158,1.6406,-9.1101,-19.344,-23.733,-22.327,-8.178,8.7188,12.034,13.999,23.243,24.621,19.246,17.676,15.168,13.528,12.622,-0.93241,-17.741,-21.119,-21.333,-22.386,-18.389,-19.394,-24.122,-18.618,-7.7817,1.3078,11.321,18.73,17.496,7.8527,1.3356,8.747,16.957,15.927,18.848,21.974,10.549,-4.8016,-12.642,-15.432,-13.143,-9.1148,-7.2877,-6.3632,-7.6393,-7.88,-3.6637,-0.40316,1.7976,4.2085,5.1096,7.6304,3.8011,-9.2857,-9.7259,-0.66717,-2.1779,2.3546,14.802,7.6405,-4.0096,0.56745,0.29079,-5.4101,1.012,6.715,3.8392,3.2031,0.56943,-8.3918,-10.921,-0.66915,11.518,15.152,13.211,8.6485,-3.4104,-16.275,-17.111,-9.5396,-1.6649,2.2656,-2.956,-8.764,-3.8245,1.5612,0.91662,3.7329,5.7671,-0.26785,-3.0168,1.1629,2.2184,2.7713,8.1389,10.537,6.7532,1.9655,-2.5969,-4.7455,-1.7996,1.2978,1.31,0.7779,-1.8116,-7.8102,-10.351,-3.8881,5.6436,9.9108,8.89,1.1182,-13.76,-16.658,0.90325,11.294,5.3742,4.4763,2.7933,-10.763,-16.193,-8.3723,-1.6551,4.9263,10.758,10.416,6.524,-0.47468,-2.6181,5.9237,8.3842,4.1457,6.9313,3.1288,-8.5984,-8.3074,-7.5212,-14.844,-9.7359,3.4136,5.8809,2.4827,0.63856,3.4184,11.689,14.8,7.6084,-2.5773,-9.597,-12.189,-13.514,-10.244,-0.35281,-0.066057,-6.8705,0.59142,7.2512,0.08078,2.9578,11.521,6.9292,6.5321,13.313,8.1194,-3.9253,-13.433,-17.003,-7.9574,2.7056,4.7114,6.1708,4.1897,-2.8331,0.68166,10.716,8.5774,-0.70956,-4.1294,-5.4425,-6.8559,-0.41985,7.3654,1.7045,-9.1667,-13.624,-16.904,-14.42,-3.1922,0.73321,0.10582,7.4115,11.139,8.4855,9.8603,9.2721,6.0884,8.9512,11.873,9.1382,3.4435,-3.3675,-8.546,-12.609,-11.297,3.0026,14.211,5.8558,-8.0754,-14.888,-12.442,1.6221,11.671,5.9934,-0.99215,-6.928,-19.188,-24.077,-16.761,-12.753,-10.931,-1.7413,5.7113,6.4981,13.714,26.636,30.388,29.522,32.594,29.518,20.136,14.093,2.6363,-18.189,-32.158,-33.028,-28.504,-23.679,-20.742,-20.824,-23.138,-19.6,-2.5918,14.003,15.749,13.513,12.509,3.3847,-5.8844,-1.3488,11.488,19.933,20.827,19.951,17.274,6.5342,-1.7576,4.8287,10.238,2.3235,-2.5026,0.16053,-7.6065,-25.828,-33.422,-22.927,-9.4525,-7.7434,-14.441,-14.095,-0.98933,11.933,15.134,14.884,13.819,8.8325,3.6441,0.71622,0.34161,3.588,5.1783,5.7901,8.5493,1.6403,-9.735,-3.187,8.3869,5.6049,3.1092,4.9697,0.42844,-4.8288,-10.027,-17.073,-15.155,-7.6743,-4.1326,1.0208,5.1692,1.2219,-2.0182,3.0726,12.043,14.861,5.4732,-6.281,-8.7208,-3.8935,2.4193,2.8127,-5.109,-8.9942,-3.8434,2.0282,7.4146,11.256,8.376,2.007,-2.8785,-3.1963,3.7865,10.713,7.9873,-2.5886,-12.062,-11.598,-3.6088,0.016623,-2.0865,-3.6628,-2.4185,1.3439,0.65851,-5.2429,-2.0349,7.7657,7.0211,0.37144,-2.5793,-6.2148,-7.4379,-0.32965,6.8561,5.2947,-0.96551,-2.1319,2.373,6.0522,8.5467,7.2786,-0.88061,-2.8128,6.7121,10.393,2.2719,-8.5828,-15.991,-12.858,-1.3597,4.3058,0.071114,-7.3672,-9.7842,-3.7749,2.2057,4.6065,8.1022,6.8307,-0.23231,-2.5676,-0.67691,2.3523,7.4317,7.7587,0.9557,-6.9102,-8.744,0.85316,8.904,3.1579,-0.40196,0.80384,-8.2,-11.415,3.7142,11.927,2.48,-3.6981,3.3524,6.8234,-3.5396,-7.4237,0.36399,-4.9307,-13.799,-3.4863,5.7877,3.7043,4.2574,1.3583,-3.5171,0.64077,4.1245,5.5079,7.2995,-1.3103,-11.852,-12.908,-10.66,-1.7928,12.166,19.911,22.464,15.579,2.3298,1.5,1.5941,-11.797,-19.593,-17.629,-15.04,-9.2669,-6.9805,-6.4784,1.9503,6.8134,7.4422,11.654,6.8794,-1.1661,2.1956,3.8338,1.6731,5.5736,8.5884,9.8952,9.1383,-1.2651,-9.8709,-6.2304,0.82642,2.6242,-5.3539,-14.869,-13.255,-6.9882,1.2385,12.296,12.144,7.6439,9.5875,-4.3674,-28.64,-28.021,-11.942,-3.3489,4.8642,14.179,16.591,14.343,13.673,19.291,24.12,15.631,2.4336,-1.996,-7.707,-21.805,-26.739,-17.902,-16.048,-19.23,-10.664,-4.4043,-5.7505,6.2344,19.367,16.143,16.42,21.188,15.983,13.867,14.699,2.2674,-13.907,-20.46,-18.76,-13.8,-11.174,-9.3802,-8.7869,-10.985,-3.4616,9.9152,11.751,12.083,13.446,4.2059,2.4764,10.994,7.2306,5.4799,12.261,1.0704,-12.071,-3.054,-1.0125,-14.194,-11.28,-0.10267,-4.9241,-7.3708,3.4156,2.0075,-9.3738,-6.4897,-1.3943,-6.0086,-3.6096,3.7966,5.1387,7.7996,9.4635,4.0216,-1.73,-4.6807,0.21051,12.977,17.8,15.007,12.024,0.34442,-10.47,-3.5716,7.6096,9.0246,3.4438,-6.5212,-15.038,-16.457,-14.413,-16.228,-21.292,-18.927,-13.749,-16.904,-10.709,6.7818,7.4997,5.1552,21.586,31.607,28.101,26.843,22.455,19.644,23.107,16.865,6.2299,0.44207,-13.041,-30.251,-36.246,-30.664,-22.319,-23.417,-25.998,-13.817,-0.98025,3.071,8.0934,7.892,5.6494,13.274,15.663,9.5496,10.191,10.867,7.1938,5.5509,2.2023,1.3028,5.8511,5.1438,2.3799,4.6204,4.7498,0.57052,-3.0233,-3.695,-5.8072,-13.127,-12.007,-0.4854,-3.0924,-16.095,-16.03,-10.088,-5.637,2.9017,6.0701,1.9364,2.0775,5.1002,6.9012,7.686,6.2973,6.4109,8.2148,7.0932,4.8437,2.287,-0.5244,1.118,4.556,2.0117,-3.9715,-3.8179,1.9515,1.3328,-6.4842,-10.902,-11.076,-6.7631,2.0435,2.6666,-2.6698,0.086496,2.7975,0.58293,0.62171,-3.3643,-7.2094,-1.5532,-0.98287,-5.2169,0.86553,5.5261,2.8129,5.0568,7.3384,5.7319,8.2176,10.557,6.9095,1.0572,-2.1638,-0.82668,-1.0376,-5.1409,-5.035,-2.2301,-1.8213,-0.8039,-2.682,-9.3548,-11.528,-5.3729,3.7524,5.1295,-4.4559,-7.9362,-0.33209,2.52,4.0299,9.4188,3.3383,-6.9709,-0.26829,10.839,8.1441,0.85605,-0.088363,2.66,4.3928,4.1099,2.4745,-0.2001,-2.4803,-2.9704,-2.2683,-0.75332,-1.3785,-5.9814,-6.4148,-0.98313,-2.4592,-8.8081,-5.4587,0.88108,-0.85796,-0.578,4.6972,3.7027,0.58659,3.8528,8.2288,9.702,5.367,-4.1662,-4.6428,2.1745,-0.50439,-4.4578,-3.2107,-7.3989,-4.1918,10.889,11.82,3.4163,2.705,-3.3635,-8.9701,0.40539,4.8774,-2.1753,-5.4948,-7.8932,-10.115,-5.8907,0.34859,7.4614,9.5325,-1.5943,-7.7855,3.6441,13.653,11.474,3.9186,-5.8516,-11.686,-5.4389,5.9016,6.8477,-1.3869,-4.3766,-2.4032,-1.6508,1.994,4.7267,3.2045,2.7438,-6.8189,-21.289,-11.35,11.456,17.895,17.385,11.124,-7.2821,-14.285,-7.3806,-5.1197,-1.221,0.8918,-8.7213,-10.281,2.0853,10.394,13.995,16.861,13.526,1.5213,-12.759,-15.099,-9.3421,-10.858,-7.7146,3.0114,0.85812,0.039833,13.493,15.397,8.7322,9.8556,3.0667,-5.1857,-2.6144,-12.695,-26.275,-13.424,2.0787,-0.46545,-0.02436,7.387,10.395,10.435,10.075,13.568,18.134,8.6565,-10.45,-20.358,-19.208,-12.128,-5.2237,-8.5657,-15.069,-8.0266,7.5758,15.468,14.669,14.916,15.617,7.2531,-3.0442,0.40741,8.4035,6.1601,-0.78588,-11.325,-24.236,-19.219,1.4785,7.9377,-0.28411,-3.7945,-3.1,-1.2007,3.5017,4.9083,2.37,-0.67534,-5.0584,-5.3776,0.32147,5.0592,10.722,16.538,11.074,-1.5036,-6.4385,-2.6602,2.749,3.5023,-1.2303,-5.5982,-7.5866,-6.7262,-3.4309,-5.1765,-7.4807,-0.46056,2.5715,-3.5566,-2.059,3.4532,5.0881,11.218,12.038,0.56588,-4.6662,-4.2685,-6.6207,-0.73105,4.8162,-2.3365,-3.0082,5.457,4.597,2.5538,7.4437,4.4793,-5.5974,-7.7717,-3.9367,-2.0415,0.024533,1.2842,-3.1348,-4.7143,3.1734,6.9111,2.8773,2.1016,-2.7211,-12.99,-7.9114,5.6576,3.6156,-3.9193,-1.0228,2.9052,0.20383,-2.9418,0.70686,8.1334,7.9988,2.6215,3.8242,6.651,3.2127,0.0066655,-1.1135,-5.2219,-7.4197,-2.9019,-0.0777,-2.279,-0.71992,0.39593,-6.8209,-6.7849,4.4933,3.7891,-6.9109,-7.8726,-2.5354,4.4375,9.947,4.0742,0.10541,6.053,0.42657,-7.8804,3.3433,11.567,3.6595,-1.1956,-3.0332,-4.4122,3.3787,9.4218,4.5231,-2.8272,-9.9974,-13.32,-8.1425,-2.1501,3.6403,11.593,9.2736,-4.748,-12.945,-9.524,-1.1963,7.3282,9.7692,2.3854,-6.9819,-7.2905,1.9337,10.31,10.3,6.3136,3.4755,-2.1698,-9.5622,-7.3876,3.4152,7.9107,2.1884,-5.6318,-7.9235,-0.90512,5.5454,-1.5628,-10.542,-5.0483,4.7682,5.9951,3.3491,0.18035,-6.1074,-9.093,0.81211,15.535,16.558,5.3933,-2.5067,-6.8655,-11.341,-8.5914,-0.24293,1.6822,-3.2557,-4.2612,3.7574,11.445,8.6178,1.8289,-1.3374,-5.4168,-7.4657,-1.7773,1.1627,-3.4735,-5.6315,-5.0896,-3.4662,6.5362,15.062,6.746,-3.8924,-1.5431,4.5673,11.752,17.311,3.7993,-16.221,-13.478,-3.2625,-5.9479,-6.4601,-3.6421,-9.3637,-12.35,-6.3348,1.012,10.041,16.411,13.576,7.842,4.0879,2.953,3.7907,-0.14629,-6.5662,-6.6905,-5.3253,-7.3844,-7.4597,-2.2229,6.6286,12.021,8.4943,0.65438,-6.6986,-7.9243,0.61332,5.5082,1.1377,-0.15176,-1.5747,-5.4392,0.56401,5.9355,0.61001,0.64886,1.9452,-6.2123,-6.3869,0.71576,-2.3021,-5.0867,-2.0861,-5.8211,-9.3007,-3.4722,2.4805,6.2127,11.871,16.829,19.572,18.12,9.4465,-0.17972,-5.1697,-10.606,-15.645,-12.453,-6.8565,-7.9826,-8.205,-1.7374,3.0331,3.5653,4.6973,4.5205,0.34573,-3.5449,-2.9416,-1.0732,-3.9135,-10.647,-15.94,-13.373,2.1455,19.463,22.274,18.768,19.474,15.109,7.3878,7.8259,8.3884,-1.5254,-15.304,-21.051,-16.265,-11.358,-11.779,-11.734,-11.402,-7.4852,5.424,11.336,4.7568,4.1304,4.1971,-4.9836,-5.3105,4.6023,7.3879,4.7448,1.7086,-0.82196,2.3922,7.615,9.0557,6.6119,0.73103,-0.54456,3.1706,1.7049,2.986,9.2751,2.6567,-10.101,-13.693,-16.011,-14.7,-5.6527,-4.3518,-8.0185,-3.4739,1.3951,3.7779,8.9181,11.591,10.981,8.0852,0.20081,-4.6189,-4.0196,-6.9568,-5.8536,6.4262,12.126,4.1721,1.5937,8.7359,9.076,2.1733,0.092308,-0.84705,-6.6718,-10.986,-11.13,-8.7514,-5.5092,-7.3247,-8.5049,0.54999,7.0415,3.7811,4.5689,8.5168,8.4212,9.7756,8.0612,-0.6635,-4.723,-5.3171,-10.804,-13.437,-8.2286,-0.17767,7.1704,7.8837,1.2063,-1.2365,4.8535,8.8597,7.7299,12.092,17.618,6.8744,-9.7374,-12.916,-15.132,-20.897,-13.213,-3.0066,-4.9608,-4.4101,0.3917,1.3887,8.9848,18.882,13.505,1.9514,2.1882,10.134,10.404,0.85586,-5.7064,-8.4862,-16.394,-20.995,-16.043,-10.211,-0.24414,15.438,20.982,15.271,12.352,12.603,8.4909,0.28253,-6.6463,-10.61,-10.965,-5.013,-2.5353,-12.381,-16.674,-7.0348,-0.22042,4.8751,12.837,11.989,8.5368,8.6464,1.3412,-3.8169,-1.0162,-9.144,-19.272,-10.757,1.5602,4.2506,5.7306,8.8006,10.962,12.279,12.962,12.6,8.7857,1.9762,-6.4171,-14.124,-12.028,-6.1117,-14.209,-23.645,-16.446,-7.0209,-2.4853,5.6402,10.534,10.262,14.013,16.486,11.268,4.734,2.3336,3.503,1.98,-6.0986,-11.227,-7.3232,-4.9525,-8.7663,-7.7738,0.34218,6.0087,10.149,14.899,9.7871,-2.0692,-4.4018,-0.19583,1.4543,2.5306,0.28201,-6.511,-10.733,-11.65,-11.029,-8.3056,-4.4703,0.49275,2.4492,1.397,6.6707,10.018,1.0906,-1.6336,8.4944,12.936,9.9585,6.3441,2.1327,2.1882,2.6881,-3.6014,-7.2411,-3.9365,-2.9905,-5.2407,-4.211,-0.38096,0.25051,0.30675,4.0836,-0.29367,-11.394,-8.6095,-3.2972,-10.089,-7.2405,0.71317,-7.2699,-6.7764,10.614,15.789,13.38,14.845,6.3786,-2.1802,4.8255,10.398,2.8529,-6.1889,-6.6671,-0.16239,4.4069,4.1055,3.28,0.5095,-4.1011,-3.7159,-0.62352,-4.0045,-10.752,-10.172,-7.4997,-14.628,-18.302,-3.2545,9.9713,2.4268,-8.6676,-5.002,7.1975,11.478,4.56,3.3719,12.842,15.927,14.299,21.854,27.081,16.936,3.0674,-1.7293,-1.5854,-9.8941,-28.288,-38.224,-30.243,-18.323,-11.615,-6.5584,-3.0618,-0.42909,5.4241,9.5299,5.6077,2.985,10.124,16.224,14.217,11.346,5.1904,-4.4441,0.16752,13.78,10.588,0.58946,3.273,2.4578,-8.2626,-10.569,-6.9063,-7.3241,-6.5563,-4.614,-1.451,4.1665,-1.6805,-15.478,-13.637,-5.0802,-6.2926,-1.3806,10.467,9.5763,4.0122,6.3158,8.4138,10.166,12.943,6.0724,-5.5175,-7.2868,-4.2099,-2.6933,1.8265,3.6333,-0.9073,2.087,11.121,9.1122,0.35352,-7.8972,-21.031,-25.72,-10.269,3.8429,2.6524,-2.7617,-4.1005,2.9973,15.022,18.174,12.642,6.9249,1.0974,-2.1983,-2.2267,-4.2741,-6.4231,-6.9514,-7.573,-5.1127,-0.20828,4.3061,8.1371,6.102,0.21,-0.20078,-0.25213,-6.613,-10.909,-5.576,6.1668,12.351,4.9297,-4.8922,-4.6604,0.46933,3.6147,6.2001,8.2708,3.9987,-6.332,-8.9845,-2.0918,-1.7643,-6.7416,-5.3696,-1.9644,1.6953,7.2791,7.9736,6.5079,6.2423,-0.70102,-8.9002,-7.6097,-2.7361,-2.1386,-5.538,-6.019,1.3102,7.3289,9.0152,14.325,15.07,4.2633,-5.6224,-8.8026,-7.1852,-2.5727,-4.5196,-11.96,-11.39,-3.8445,1.5868,3.4151,3.811,5.1494,5.3112,2.5119,1.8357,3.519,3.6025,2.9201,1.8258,1.9402,4.4359,4.6105,3.7453,4.1063,-0.68018,-7.2256,-8.2296,-11.197,-17.535,-15.791,-6.4043,-0.097026,1.4898,4.7964,8.674,6.4392,4.1247,9.4801,14.402,13.515,9.1185,-0.8845,-9.5536,-6.7235,-2.0566,-5.818,-9.0016,-2.882,5.2876,4.9414,0.19668,0.36229,2.1846,2.7072,4.0437,-1.4791,-14.518,-17.213,-4.6303,5.843,4.0087,-1.8326,-3.9264,-3.6306,1.2179,9.8806,10.055,2.88,0.075378,-3.1713,-7.2678,-1.1601,8.1204,8.9887,3.3423,-2.4165,2.2254,12.869,11.197,4.675,3.7455,-3.9888,-10.91,-2.6895,2.6306,-4.3047,-10.016,-14.938,-22.829,-22.83,-9.5559,3.8615,4.0725,-0.91508,-0.20693,-0.053916,-0.81443,4.9098,13.211,20.048,21.593,15.102,15.906,28.809,32.825,21.634,3.7869,-15.749,-26.99,-30.142,-35.415,-36.54,-27.683,-18.063,-12.66,-8.3301,0.0052081,10.114,13.717,15.343,16.664,9.1086,4.6403,9.579,7.4511,9.1709,22.589,15.671,-5.4082,-3.3958,6.2283,3.0498,3.4167,3.4279,-8.8489,-17.955,-17.035,-13.394,-7.6663,-4.0929,-4.2917,-3.548,-6.007,-8.1164,1.3859,9.8422,4.9825,2.4087,6.2433,3.5763,1.571,8.0288,8.7595,-0.3256,-5.5397,-2.8854,2.3742,7.7773,8.8507,2.2703,-4.1242,-4.4357,-5.5522,-6.1048,2.3921,8.4935,3.1518,0.28511,-0.23546,-8.3073,-10.641,-1.9003,2.2271,1.0621,2.7481,5.0177,2.5282,-7.0836,-13.225,-5.9157,-0.017392,-3.8185,-2.0831,5.7179,6.754,2.3981,2.2734,8.6875,10.294,3.1547,3.1925,7.5628,0.72706,-3.1321,3.0356,-0.024106,-8.262,-7.1382,-4.8964,-7.1461,-6.955,-0.43237,6.2793,3.1874,-2.5093,-1.0661,-2.657,-6.0429,0.098707,5.1024,2.229,-0.91929,-3.5241,-0.77648,6.1072,3.0197,-1.9792,4.7124,10.387,6.9584,3.4455,3.8854,3.3809,-3.5036,-9.4689,-7.0488,-8.1473,-13.556,-8.6226,-0.7048,1.2303,5.8387,9.411,4.3004,-0.46732,2.2471,7.2424,6.588,2.8895,3.6202,1.8472,-3.8009,-1.2152,0.11727,-9.3471,-12.13,-5.5024,-1.2365,1.4167,-1.4915,-5.9339,1.746,5.7534,-3.2315,0.27561,13.568,10.163,-1.2973,-2.0871,3.4784,5.9017,1.0954,-6.1486,-6.0198,0.093116,4.9485,6.7614,4.477,-1.2005,-6.4333,-9.4668,-8.9433,-4.818,-1.1306,0.65379,1.5941,0.36448,-1.5557,-1.8189,-1.7383,2.8159,13.001,13.77,1.1955,-6.522,-4.7101,-4.277,-6.1903,-5.4734,0.75735,8.1474,6.2138,1.5953,6.1153,8.7272,3.3421,-0.94189,-4.5921,-4.5077,1.8452,-0.31174,-9.0712,-9.687,-7.9189,-5.4658,0.45257,-2.1584,-7.1606,0.19722,7.8582,10.116,16.113,17.739,7.5377,-4.7137,-10.711,-9.3118,-4.7329,-3.0287,-4.3491,-4.987,-3.1798,-2.7256,-3.538,4.1559,14.825,12.608,5.7573,4.7666,2.3603,-0.69853,-1.2785,-2.5205,-3.0385,-8.6949,-17.03,-8.3754,6.0221,1.3273,-8.7347,-7.8374,0.14042,11.935,14.959,4.724,0.66184,3.4091,-0.66803,-3.3452,0.91127,1.6001,-2.418,-2.8687,2.2743,5.6724,1.6973,-4.7603,-7.5478,-4.1935,2.9146,5.7968,7.0405,10.661,3.9533,-10.305,-12.962,-8.8802,-5.6772,2.1149,4.9032,-2.1667,-5.6065,-3.3593,2.2407,11.385,13.752,7.0919,-0.73028,-7.1671,-6.0838,0.27701,-2.3857,-7.8165,-3.054,3.1175,3.4521,2.3293,2.0816,4.7592,8.2608,5.6348,-0.34963,0.59387,6.3247,0.42423,-15.705,-16.917,-4.4872,-3.1578,-6.1972,1.0851,7.1199,7.3879,5.1895,-1.9363,-2.7958,5.7453,7.4,4.9052,6.152,1.2801,-8.3936,-12.945,-11.939,-5.3158,2.2731,5.2247,6.0397,2.8047,-0.24833,7.0958,12.43,5.5956,-0.35774,-2.1025,-1.2752,3.8307,-1.0089,-15.207,-15.941,-5.9527,0.94328,6.3627,6.7803,2.308,1.0201,-0.37796,-0.51119,3.0829,-2.5742,-12.748,-9.832,-1.691,3.4553,10.086,10.092,2.5664,2.8591,8.9641,8.6407,4.6165,2.7529,1.0941,-3.1727,-8.301,-8.4397,-3.7257,-4.2018,-11.192,-11.045,-1.0386,4.8696,3.1945,0.83669,-1.3673,1.3016,11.622,15.04,6.3919,-1.4476,-6.2147,-8.8285,-4.292,-0.12454,-2.3099,-3.1207,-2.3352,-2.2523,0.81901,1.9864,-0.44949,2.556,6.7966,3.0242,-0.031304,4.7029,7.2222,2.1303,-1.576,1.9658,6.2051,2.965,-5.0025,-7.3331,-3.2988,-2.6673,-5.3921,-4.7687,-5.0264,-8.6327,-9.0296,-6.153,-0.89268,6.862,6.6845,-1.2993,-0.54576,6.5527,5.4398,1.8239,5.8221,10.603,8.6043,4.8455,3.6994,1.9424,1.5206,3.9757,0.58246,-5.2593,-2.2273,-0.17968,-5.6957,-6.6587,-4.895,-8.1568,-11.158,-12.098,-8.8636,0.18674,2.1156,-5.0368,-6.5148,-1.8218,2.245,6.4144,10.393,11.419,6.2811,1.0307,8.0601,18.422,17.775,13.24,6.9775,-2.2486,-0.87988,5.1597,-3.4556,-16.053,-18.383,-18.508,-17.611,-9.2794,-2.0329,-5.7965,-11.788,-7.1776,3.8701,9.5263,5.7144,-2.0876,-2.2646,4.4412,6.1737,9.4764,19.141,17.124,5.9097,3.6389,3.0946,-0.92481,-0.60713,0.60028,2.4901,5.3382,-0.33733,-9.0348,-10.784,-8.7022,-3.5089,0.022113,-3.5577,-7.2976,-10.95,-13.922,-9.7395,-7.6247,-6.4993,3.6008,5.6364,0.67164,9.778,15.737,11.83,18.869,20.952,8.6787,4.9564,1.274,-10.493,-8.2731,1.9928,-0.10834,-10.833,-20.534,-18.183,-3.3677,6.641,9.004,8.2193,0.031862,-8.0132,-7.2965,-0.69187,7.7958,8.0658,0.51463,-0.21776,0.22714,-4.8621,-5.6435,-8.5327,-13.553,-1.0569,16.368,15.472,8.5395,6.16,1.669,-2.3184,-0.767,3.6082,4.8859,-0.40511,-6.6475,-7.6998,-4.2788,-1.2111,-4.4525,-5.7839,4.9371,10.745,2.7617,0.47009,3.7226,-0.96822,-7.2891,-11.098,-11.201,-1.6987,6.5143,4.3393,-1.2338,-9.836,-13.292,1.7432,17.429,15.048,7.5026,6.3319,7.4654,4.034,-5.2335,-8.1654,0.20224,5.4234,2.6313,-1.2121,-4.2127,-3.9593,-2.4448,-5.0533,-5.3597,-0.92086,-1.6537,-6.8501,-7.9382,-6.5467,-7.1969,-4.4191,7.5717,16.523,10.781,5.7992,11.841,12.61,3.3721,-3.8172,-5.5419,-3.7131,-3.5492,-7.9334,-8.6144,-5.6714,-3.8044,2.5649,5.9391,-1.3868,-3.2018,2.2845,3.9705,9.2714,11.362,-2.6932,-10.997,-3.3875,1.0247,3.5501,6.4793,-4.2854,-16.263,-9.8322,2.0095,6.2603,6.7681,1.9716,-5.963,-3.5404,8.081,12.441,8.5356,7.1554,4.6297,-4.8691,-12.611,-12.856,-7.2018,2.195,4.5404,-4.1666,-8.7523,-4.4236,0.53967,6.9148,10.424,2.9329,-3.5109,1.9163,8.4001,7.4777,3.2476,1.1033,1.9094,0.057555,-4.4752,-2.9681,-0.19731,-7.0866,-14.364,-11.226,-5.5227,-2.6203,1.9572,6.2361,5.5266,3.5145,4.6426,6.1568,4.8201,2.672,3.4396,8.1509,10.212,0.69644,-11.524,-9.7717,-2.0988,-3.1044,-5.3575,-4.6747,-7.3443,-6.7561,0.90029,6.3872,8.5452,9.2323,7.2537,7.2938,6.9095,-0.40716,-6.7196,-7.9874,-11.226,-12.467,-5.4019,3.4605,6.9057,4.0549,-2.245,-6.5872,-4.1339,4.4885,10.219,8.794,7.3946,3.421,-7.4194,-9.1945,1.6445,6.48,5.0707,4.9112,0.81785,-2.2921,-0.20023,-2.6398,-5.1999,0.41461,2.8904,-3.166,-8.0351,-7.8238,-5.0074,-1.3674,1.4495,-0.079627,-7.5687,-10.302,0.40016,11.154,10.919,8.1421,7.3006,5.4824,3.6235,0.59494,-2.4985,0.17616,4.5608,2.5314,-2.7292,-4.5132,-1.9792,1.7785,3.8446,5.0611,4.0915,-3.5358,-10.318,-6.2267,-2.371,-10.059,-18.728,-19.831,-14.03,0.71654,14.957,15.656,10.944,9.5294,9.0731,14.113,21.112,14.461,-2.2457,-13.008,-13.412,-7.6527,-4.8208,-7.6216,-6.3599,-1.0694,1.2658,5.2806,10.256,6.6774,-1.2698,-3.4962,-1.7375,-2.2362,-4.234,-4.2016,-5.9561,-11.185,-10.534,-3.1776,1.9315,5.9628,9.4917,6.2419,-0.30511,-3.4689,-2.2361,4.1703,11.341,13.077,9.7361,2.8805,-2.6483,-1.1747,2.7404,3.7082,1.9338,-2.8309,-6.5133,-4.5221,-0.46924,-0.062218,-6.4867,-14.253,-12.357,-5.1644,-2.1332,1.2208,3.4326,-2.8034,-8.8445,-6.3522,-0.651,3.9335,7.1369,8.6225,7.4975,3.9176,3.4559,10.037,20.33,27.26,20.544,3.3266,-5.2255,-5.8852,-12.013,-16.016,-15.111,-21.55,-28.234,-21.947,-8.3178,4.4717,11.053,7.5889,2.3386,3.9236,7.2234,7.0466,6.4514,5.1784,1.4924,3.3697,10.598,7.0642,-2.6196,-0.28851,2.5004,-5.1761,-6.7496,-0.91331,1.6977,6.5103,11.09,8.4416,4.7608,-1.6927,-10.851,-10.959,-10.01,-17.041,-15.707,-4.4539,0.51712,2.8377,9.0717,11.181,6.1763,-1.9115,-7.781,-6.0143,-1.9187,-1.9572,0.61887,6.5131,7.7037,10.06,17.236,15.336,4.087,-1.4,-1.4498,-2.0251,-0.54982,2.5198,5.0065,1.7796,-12.762,-23.452,-17.226,-10.723,-10.847,-7.3612,-7.2794,-9.6399,2.1077,16.862,17.743,15.35,14.361,7.2747,-0.11281,-2.4104,-4.2682,-3.3442,5.4612,13.98,11.572,2.735,-4.8122,-11.279,-11.202,-2.4843,0.45166,-4.6234,-6.2452,-7.5154,-7.9148,0.47168,4.4518,-2.8834,-3.3808,4.9955,8.0245,4.4657,0.69625,3.6131,9.3748,1.8415,-11.05,-7.8342,-0.2618,-3.5558,-3.2714,5.8071,8.8912,3.6772,0.71826,3.9171,5.4129,-0.30947,-4.0528,-0.84477,0.20717,-1.4156,-0.10344,0.1133,-2.0773,-3.197,-2.8837,1.8068,5.9571,-2.9984,-15.085,-11.746,-1.9745,1.2665,3.4784,5.0396,2.7353,4.8946,10.046,5.7027,-1.0406,3.1129,7.4979,1.0892,-4.7789,-2.953,-1.8128,-3.5778,-4.3566,-5.097,-3.9505,1.7578,5.6805,4.491,4.3122,4.4036,-0.87188,-6.0212,-4.8471,-2.0758,-0.86697,-0.77475,-4.4127,-8.5321,-6.7107,-1.7969,3.4852,10.582,14.14,9.8361,3.0093,-1.1865,-1.6228,0.60469,1.1719,-2.8063,-7.111,-4.2883,1.7855,-1.031,-6.4019,-2.2155,0.61767,-1.0769,5.194,8.5107,1.7206,1.4063,0.98656,-7.8357,-5.1427,3.6193,-0.3169,-2.9164,-0.87735,-5.1313,-2.1988,8.1283,6.8596,1.0619,1.1833,-0.75573,-4.3142,-3.0327,1.0453,3.2864,2.2734,1.9234,2.4185,-1.0406,-3.541,-1.2369,-2.0341,-5.9226,-3.7926,4.7786,10.45,7.2463,2.9567,1.9897,-4.5822,-10.811,-5.9225,-3.1023,-5.6336,0.68005,7.575,2.2443,-7.5026,-11.601,-3.1616,14.209,23.019,17.645,4.6724,-9.11,-13.127,-7.7876,-3.3348,-1.7027,-4.183,-5.4998,4.035,10.683,3.222,-4.5866,-7.3619,-5.0683,3.3108,3.0895,-4.4673,-1.7539,4.5431,6.7937,7.9424,3.2221,-0.21675,0.59375,-5.3158,-3.4203,8.2179,1.7244,-8.3252,-1.0694,-0.68772,-7.9528,-5.6748,-3.9154,-1.2724,5.2703,3.3205,2.6803,5.7046,-1.4814,-2.5623,6.7057,4.1347,-1.1146,0.72215,-1.8085,-1.2915,2.5347,-3.2512,-5.7969,1.0279,3.3574,3.4955,4.2585,0.91487,-1.0748,-1.8084,-4.1598,-1.7307,0.9593,-3.4754,-4.7587,2.7558,5.8668,-2.7087,-10.044,-6.3004,0.82251,6.0181,7.7226,1.3424,-3.0767,2.1817,5.3945,7.3237,8.9954,-3.55,-15.116,-7.2644,0.53873,3.3026,8.675,2.2775,-6.8233,1.9708,12.517,13.398,11.101,0.82358,-15.46,-27.429,-27.351,-9.3378,8.2093,6.0009,0.36031,2.2025,3.3716,5.3865,7.7605,9.1487,11.462,5.7335,-3.9233,-5.3289,-7.5836,-9.079,-0.7826,2.8904,2.2107,8.4184,9.161,4.4407,4.3033,0.67283,-1.7624,2.7974,-0.54815,-8.2844,-9.2723,-11.628,-12.99,-6.4062,-0.91732,-1.6963,-5.4195,-3.6207,9.101,16.061,7.2063,0.18073,0.80685,-1.109,-3.5633,-0.4005,6.9882,10.658,5.5988,1.3666,3.163,3.2528,2.3407,1.9014,-1.9272,-2.7427,0.77528,0.031595,-2.0755,-2.8218,-6.7681,-10.406,-10.47,-7.7036,-2.4433,-2.5752,-7.5822,-4.6223,-0.33589,-5.579,-7.2925,-0.67487,2.8259,6.1679,12.59,13.998,14.864,21.428,25.288,24.51,20.649,6.4015,-10.288,-13.377,-11.876,-17.637,-22.688,-23.26,-23.048,-20.534,-16.065,-10.109,-2.6112,0.59999,0.87679,5.3056,10.015,13.352,19.418,20.394,12.458,7.4431,7.8678,7.7227,10.102,12.808,5.7301,-5.451,-7.727,-3.8297,-1.161,-1.4165,-6.6972,-12.878,-14.404,-16.039,-15.112,-7.0013,-8.0194,-18.799,-13.086,4.1869,9.1187,9.9239,16.574,18.647,15,11.333,7.8221,6.3497,7.1003,7.4649,5.0028,-2.2102,-8.8379,-10.577,-11.151,-8.2423,-0.66516,2.3603,0.11717,-1.587,-3.7106,-6.2615,-8.1545,-6.9046,0.70053,2.9044,-7.152,-9.4627,2.0773,8.2254,7.2727,9.0866,11.417,12.549,10.279,0.74369,-6.6362,-5.9666,-6.0314,-5.5733,0.72149,3.0199,-2.5227,-6.7058,-7.223,-4.2312,3.1037,7.4263,6.201,5.7167,5.741,4.6841,2.1822,-6.7368,-16.412,-13.822,-2.447,5.3449,4.4509,-0.16814,1.8062,5.4118,-0.53295,-4.5262,0.58929,2.4956,4.7716,11.401,6.1291,-7.8251,-11.336,-6.226,0.025527,6.7506,9.4717,6.1543,0.40839,-3.0684,-3.3067,-4.4817,-1.8724,7.9997,6.6427,-11.969,-22.788,-14.502,-0.33593,9.8431,13.141,10.799,6.6659,1.6976,-2.0784,-1.7494,1.9164,5.4809,3.6998,-3.4006,-9.1714,-9.426,-1.7496,8.6671,8.3753,0.96815,-1.3152,-4.3494,-9.5883,-6.8363,-1.2611,0.66381,4.8211,7.9788,3.0438,-3.0617,-1.0296,6.2625,8.5697,3.5017,-2.3661,-6.3614,-8.16,-6.4509,-3.7136,-0.41933,3.8866,4.6503,1.7085,-0.91011,-0.93656,3.5681,6.9478,4.3052,3.4444,3.7486,-2.8604,-9.0095,-8.1997,-5.7761,-4.7318,-6.2072,-5.7948,3.0118,11.361,11.28,8.874,6.8685,4.73,0.24625,-10.785,-17.596,-10.138,0.11722,5.5259,9.1082,8.5618,3.8789,-0.34826,-0.63155,2.536,1.2153,-4.0435,-4.7853,-5.0787,-4.9313,-0.05831,-2.9951,-10.206,-2.0549,8.8967,8.1458,8.552,9.0525,1.5145,-3.4277,-2.4713,-0.88205,3.8717,7.8774,1.254,-13.246,-19.838,-10.306,1.4012,3.6447,3.7357,1.6345,-5.9021,-3.7056,12.158,21.906,18.678,12.954,8.641,3.0962,-4.925,-16.315,-27.295,-27.368,-16.578,-9.6557,-8.2497,-0.60862,10.097,15.145,17.76,19.672,17.969,13.391,8.3398,2.983,-7.0405,-18.551,-16.982,-4.3261,2.7641,0.7681,-7.7332,-15.127,-8.1848,2.9064,2.9157,3.5278,8.059,4.6315,0.36677,4.2049,9.1099,8.5554,3.1749,2.0194,7.9591,5.6959,-8.1361,-17.202,-14.714,-6.5525,-3.442,-9.3505,-11.012,-4.3894,0.51397,7.1232,16.259,17.889,14.536,8.5327,-0.87454,-2.3371,2.4545,0.25769,-3.3969,-3.4976,-5.9207,-7.5853,-6.5549,-5.28,0.65617,8.0234,6.8019,-0.2639,-5.2576,-7.1239,-7.176,-5.0796,-0.51177,2.5027,0.54037,-0.64324,3.3625,6.874,7.172,7.9793,6.6721,-0.68507,-5.5617,-1.1733,2.8748,0.49482,-2.7674,-6.7509,-9.7602,-3.6153,6.4522,9.6336,9.2219,10.633,9.5232,-0.62543,-13.905,-14.235,-5.2943,-5.2886,-9.2675,-7.3038,-7.8953,-9.0979,-1.2404,8.1463,11.815,12.603,11.277,8.3489,5.5789,4.4157,5.1464,4.2309,0.29451,-5.5163,-11.832,-12.621,-8.2408,-5.1818,-0.3618,4.7934,3.9507,3.9015,5.4915,5.0691,10.063,11.176,-1.021,-6.0072,-2.5936,-9.934,-17.896,-16.5,-13.223,-5.7318,2.315,3.2401,3.6233,3.2369,2.5994,11.083,17.639,10.989,4.0701,3.3839,6.1016,13.077,16.058,7.8467,-3.219,-8.8934,-11.229,-13.582,-13.667,-12.913,-16.277,-16.038,-8.9496,-6.6591,-3.3106,8.8256,12.554,5.9544,3.9874,4.3752,5.6244,8.6101,7.0433,7.3408,9.6619,3.0685,-0.10161,6.7725,6.3177,-0.91728,-5.4107,-7.5777,-4.182,-0.9262,-2.9089,0.22289,0.79618,-12.002,-18.53,-10.06,-1.7775,2.7302,3.9848,-1.6324,-7.4454,-5.1197,3.9927,13.19,17.072,15.497,11.096,5.6194,-1.9911,-8.907,-5.6906,0.74439,-3.5562,-5.0644,1.9278,-2.0861,-8.5959,-3.1321,-0.89323,0.11319,6.9026,3.2397,-2.23,3.9373,1.5259,-8.4104,-4.2804,6.648,9.5695,2.3734,-7.0576,-6.9106,-4.225,-3.4576,5.407,6.9136,-6.5261,-7.1099,2.4798,2.0848,3.1532,6.7597,3.2912,1.2632,-1.0641,-4.0232,3.0069,6.3554,-1.7045,-5.1215,-6.216,-6.2278,4.4618,10.208,4.2907,3.5844,1.1929,-8.9505,-7.8916,1.9408,2.0852,-4.1642,-5.0217,1.4484,7.121,5.6953,3.772,0.47271,-11.942,-18.495,-6.5247,7.7543,11.795,6.4625,-5.1298,-9.3003,-0.77894,6.4459,9.4633,11.756,5.9426,-3.7682,-3.3253,4.8811,8.2336,2.4287,-3.0213,-0.51287,-1.0257,-9.046,-11.019,-7.2333,-4.5562,0.34479,0.24105,-7.2359,-7.4113,-3.1231,-1.4527,3.553,2.4369,-3.7404,8.314,24.621,17.808,2.719,-3.9355,-3.5554,3.0711,5.6718,3.525,6.6661,-0.099617,-19.267,-22.219,-11.326,-4.6915,2.9622,4.1473,-8.2703,-10.965,2.5861,14.528,19.132,13.3,-1.1901,-7.3052,-1.659,4.4914,6.8229,0.60011,-12.548,-14.727,-1.1816,8.6808,4.1342,-2.9224,-2.6054,-1.4895,-2.949,1.4306,10.716,13.864,7.87,-4.1661,-15.776,-16.778,-7.0982,3.6071,9.0729,6.1116,-1.5554,-2.4285,4.4326,8.2719,5.4418,1.3572,-1.0801,-5.7476,-12.049,-8.606,4.2276,9.1655,4.0771,-0.26174,-5.3541,-9.2985,-1.4438,10.644,12.011,6.7383,2.2403,-6.4247,-18.709,-20.018,-6.1485,5.7563,7.3296,9.0691,11.58,8.5268,5.3772,2.3726,-4.6725,-4.8903,5.8269,12.921,9.298,-2.6937,-17.611,-20.959,-9.4605,0.035827,0.30974,-1.5162,-2.3597,-1.5958,0.89062,3.1959,6.1601,8.2155,5.3823,1.295,-0.18926,-1.2402,-0.76874,2.576,4.2914,1.5301,-3.0093,-4.5401,-3.3132,-4.6323,-3.6677,6.7286,13.78,7.9702,2.4126,1.5444,-2.4446,-5.2529,-4.3657,-6.8371,-10.125,-8.2324,-4.582,-3.82,-5.1134,-3.6472,1.7249,6.6257,11.441,15.613,10.967,0.2963,-2.3964,4.8667,10.841,5.6729,-8.2391,-18.427,-18.622,-10.163,3.0241,8.8151,2.2461,-2.8331,1.3166,8.1853,12.839,13.63,10.729,3.0604,-10.678,-20.177,-16.654,-7.5836,0.22625,2.9103,-2.5237,-5.315,0.83125,6.5398,10.05,11.592,5.1597,-4.2471,-8.4876,-6.5982,-0.19002,2.5238,-0.047136,0.33271,0.2522,0.012576,7.9736,11.111,1.4881,-2.5734,1.9075,3.9903,4.7183,1.9144,-5.3341,-7.5769,-5.8805,-6.0497,-5.2598,-4.1931,-4.9138,-4.7483,-2.6349,2.3336,7.374,4.2157,-4.3257,-5.8934,0.16851,6.1865,10.254,8.8929,-2.1246,-11.849,-10.41,-5.171,4.7368,20.816,22.162,9.1265,7.0767,8.3074,-1.2393,-7.2775,-8.8345,-11.115,-6.1395,-4.6805,-12.868,-12.326,-6.5313,-7.2295,-3.2105,5.2884,4.6585,-4.1059,-9.6384,-2.8288,5.8846,1.7903,0.18787,9.7739,12.193,8.9286,9.2911,7.2361,8.856,15.255,13.826,10.78,8.2456,-1.9984,-7.6462,-8.3419,-18.843,-25.824,-20.516,-17.312,-14.583,-7.2641,-0.84333,5.1749,5.2776,-2.8273,-4.3945,0.98888,4.749,10.998,13.859,7.2906,5.0638,9.9886,12.018,12.81,14.436,14.567,13.016,5.5768,-7.4149,-17.093,-19.952,-16.216,-7.3446,-1.7026,-6.8046,-19.994,-27.818,-18.583,0.11742,14.641,21.922,18.791,9.218,6.4059,2.9904,-11.004,-15.575,-1.0546,11.405,12.616,9.5488,2.2845,-7.222,-9.9707,-1.6041,11.717,17.577,11.593,1.8639,-3.5209,-4.3422,-5.9527,-6.9848,1.9266,13.216,6.884,-14.509,-31.637,-31.531,-14.527,-0.38701,-0.88954,0.21098,4.5663,-0.14445,0.15399,11.482,16.331,18.336,23.525,20.702,15.928,14.618,4.8245,-7.1421,-12.36,-19.217,-23.813,-20.863,-16.152,-4.8403,7.4847,3.9437,-2.6802,1.4514,3.2138,2.2117,6.8111,8.1073,4.0183,1.9908,-0.85776,-6.6891,-9.5779,-6.0199,-1.0175,0.28599,4.7391,11.416,4.5657,-6.4113,-1.3783,6.8925,9.1825,15.957,16.886,1.4712,-15.37,-20.805,-12.108,1.9223,6.4975,5.5821,-0.29832,-19.079,-26.513,-6.9456,10.625,13.27,12.501,11.703,12.596,4.5141,-14.364,-16.419,-8.0706,-10.817,-0.63243,17.819,11.03,2.6309,9.3054,7.9838,6.3847,6.4885,-7.5967,-12.997,-2.2812,-1.7219,-5.563,-3.4686,-3.1057,-0.93781,0.22244,-2.0526,0.11134,-2.3848,-7.625,-1.8159,-0.59218,-5.9532,0.39538,6.4184,7.4207,14.447,14.353,7.5892,6.3347,-0.1838,-5.7734,-0.55452,-2.678,-8.7389,-6.665,-10.228,-15.65,-12.195,-7.7586,4.2045,21.253,18.195,3.0105,-0.26984,3.2434,4.9243,5.151,2.2175,-2.4757,-7.797,-13.098,-13.846,-8.2339,0.58406,4.7619,0.96069,-0.84005,3.8644,8.4843,10.482,8.8701,7.2762,10.805,9.7665,1.0604,-4.2164,-8.824,-16.124,-19.158,-17.669,-10.258,-3.8012,-10.747,-9.9563,10.574,19.093,14.199,19.019,21.357,16.197,13.938,3.1588,-12.853,-15.101,-8.1172,-1.4071,-3.8534,-21.16,-30.05,-15.31,4.8065,19.195,22.457,8.1506,-6.3363,-8.0473,-8.5776,-6.4629,7.1677,17.856,12.971,6.7089,9.6294,6.9081,-5.8357,-8.9268,-2.1645,-3.2157,-9.3286,-11.061,-8.274,-2.7507,-2.3576,-4.2486,5.7076,15.301,8.2818,-1.0368,-3.0902,-2.0751,4.031,7.841,2.5188,-1.6661,-5.2651,-15.159,-18.897,-8.0811,5.9941,12.546,9.5346,2.9388,4.207,13.916,17.52,9.045,1.1624,0.78614,-0.5756,-7.7989,-17.859,-23.681,-17.496,-7.4559,-5.9758,-4.7754,3.0737,10.412,14.362,11.603,4.9189,8.4646,14.173,7.0998,-1.0157,-7.3521,-17.355,-13.876,1.2435,5.0521,3.7856,5.3243,-0.56745,-6.0585,-0.53396,8.3106,12.694,5.1271,-11.031,-15.986,-9.7248,-4.6313,3.1922,8.3601,0.96755,-4.7737,-1.9437,0.72673,8.8593,21.043,20.275,9.2778,-0.47647,-10.577,-19.428,-24.35,-27.635,-23.882,-11.204,1.6063,10.844,14.142,12.507,18.327,27.986,24.843,16.901,13.414,3.2289,-8.8185,-11.026,-11.809,-10.691,-3.9859,-8.8236,-23.22,-24.346,-15.198,-6.2738,2.7903,3.3432,-2.2976,0.083366,4.3838,8.4349,19.9,22.759,11.738,6.4867,1.744,-9.5667,-10.199,-3.977,-1.337,6.1555,7.5044,-3.7371,-1.2054,14.64,18.496,10.906,-1.1305,-11.56,-9.5803,-7.791,-15.337,-13.153,-5.5188,-13.59,-23.432,-17.223,-8.1974,-7.6701,-5.4585,4.9148,13.062,17.385,28.058,33.814,23.427,16.931,19.081,11.395,1.9313,1.2341,-4.4214,-14.019,-15.598,-14.395,-14.904,-14.628,-16.023,-18.862,-16.588,-6.3412,1.9211,-2.8151,-8.0158,1.4999,10.678,7.5746,7.0745,11.632,8.6635,4.8792,9.4588,13.249,12.848,12.47,7.2844,0.42451,1.2733,0.20489,-8.8983,-12.33,-8.419,-6.612,-7.0876,-6.824,0.5307,10.068,1.3073,-14.053,-9.8733,-2.4365,-4.0034,-1.4819,-5.2442,-14.342,-4.3247,8.7458,5.1515,4.1064,7.2764,5.6005,12.07,21.64,18.054,9.3944,3.4154,-1.5865,-4.2818,-8.0487,-12.366,-9.8234,-4.1141,-2.5539,-3.942,-6.2804,-7.9336,-6.352,-2.2352,2.232,6.2769,8.9499,7.3498,0.14167,-6.9248,-5.8116,1.7393,3.8058,-2.9127,-5.2264,0.51673,2.2527,1.9552,6.6639,6.6458,1.8007,2.9115,1.6645,-7.6147,-8.3569,4.7558,14.209,8.8091,-2.1415,-6.8394,-7.4978,-7.2478,-0.94888,10.164,15.969,8.994,-4.8923,-10.956,-13.393,-22.685,-21.228,-4.2239,1.6813,-1.1432,5.1399,8.7925,7.6228,14.634,19.82,14.202,8.6835,8.0972,4.7371,-6.1915,-15.136,-14.035,-12.541,-12.311,-6.2606,-2.5962,-1.4815,5.0713,8.3951,9.8264,15.768,12.111,1.9925,0.85816,-2.9552,-14.914,-20.956,-16.75,-4.0488,7.0293,5.7631,3.202,4.047,0.64432,0.48982,3.6988,2.6685,4.4934,4.86,-1.363,1.0156,6.545,0.59561,-3.4159,0.11189,2.0636,4.3966,3.7485,-3.1947,-6.6746,-6.3944,-6.5314,-3.6014,-0.28649,-0.67597,-3.093,-3.711,1.8395,5.4567,-1.1971,-4.4796,1.4408,4.8048,7.4455,11.07,7.3558,2.2948,0.093237,-7.6783,-14.146,-8.1568,1.9697,5.3838,1.7649,-4.0267,-7.3257,-6.3811,1.3564,13.204,17.622,13.329,6.9362,-3.4455,-13.301,-13.093,-9.0501,-7.1478,-4.45,-3.0437,0.06359,7.1167,6.3732,2.5508,9.8123,11.945,-0.45791,-5.1682,-1.1917,-4.1569,-6.1174,-3.5649,-6.4206,-8.0314,-2.3919,3.0703,8.2414,10.96,3.022,-5.7892,-1.8032,6.8725,9.9927,10.333,7.2362,-1.9604,-7.8998,-6.4689,-9.95,-17.062,-11.148,2.7336,8.3488,7.9588,3.99,-6.607,-12.759,-6.1894,4.752,13.612,17.078,11.72,3.9382,-0.45361,-6.0824,-12.906,-13.119,-5.5882,2.6804,6.616,6.2622,3.3877,1.9425,4.2363,4.1883,0.86909,3.2688,4.0745,-10.26,-23.727,-18.451,-7.2924,-0.8959,6.2559,12.085,11.97,7.5229,2.238,5.7277,17.639,18.171,4.4176,-6.3108,-14.036,-23.306,-21.993,-9.4343,-0.32727,2.9368,4.6927,4.1349,4.0991,8.1086,11.747,8.3186,-1.4925,-7.6488,-4.5156,0.1193,1.1759,0.46029,-4.1908,-7.4192,-0.44579,5.3153,1.8546,2.1054,4.4191,-0.089115,1.0995,7.501,1.7753,-7.6256,-7.2027,-2.3632,5.1115,8.1542,-3.365,-13.155,-9.5325,-4.4904,2.3538,11.461,11.526,8.4753,3.6728,-11.988,-18.575,-5.6556,-0.10508,-4.9686,-2.7805,3.0872,11.828,22.676,21.744,13.513,6.5335,-5.8297,-13.541,-9.4701,-11.163,-14.751,-6.8345,-4.3197,-11.435,-8.7955,-0.62734,2.4818,7.8997,12.968,10.385,7.1053,3.0901,-6.0781,-9.2639,-1.6497,5.7441,10.17,12.599,7.3581,-2.1333,-7.3639,-7.5422,-1.8936,4.2709,-1.7511,-13.442,-13.208,-4.588,1.2815,5.4267,8.1781,7.5967,7.344,7.1156,1.9585,-4.5464,-5.6709,-4.5965,-5.6898,-6.0741,-5.667,-5.8912,-2.3811,3.3085,4.8773,6.5724,12.355,15.213,9.3897,-3.0315,-12.522,-11.21,-5.6306,-1.8279,3.4288,5.4561,1.5983,0.94516,2.46,0.59172,-0.62202,-1.6015,-2.438,1.0169,1.3658,-3.8546,-3.8139,-2.2778,-8.1299,-12.246,-6.6792,3.1294,10.309,12.856,13.837,14.012,9.8236,3.166,-2.6008,-8.7293,-13.657,-13.472,-7.7266,-1.2624,-1.4444,-6.2882,-7.3001,-4.2872,1.0009,9.4051,17.057,20.711,18.088,8.6039,1.7734,-1.0046,-9.5174,-15.461,-11.173,-10.884,-14.369,-9.8289,-4.1715,0.43549,9.4354,12.324,5.9484,2.1782,2.7193,4.7854,5.1407,-1.4921,-5.7839,-1.613,-2.6767,-7.8766,-4.1722,1.6923,5.7373,14.12,16.622,8.2021,2.3346,-2.5675,-13.396,-16.458,-6.7296,-0.23572,-2.5358,-5.0726,-3.1555,0.79766,1.0335,-0.013039,6.503,12.477,5.9884,-1.2366,-1.8042,-6.1354,-8.3185,-0.37741,3.5037,1.6053,3.2466,-0.98088,-9.127,-3.6317,7.4749,9.8916,8.2735,4.3893,-0.21669,-0.076174,-0.83215,-3.3386,-2.2436,-5.4158,-12.211,-9.0716,0.43987,7.0334,9.875,4.8144,-3.9001,-3.4937,2.8577,4.9129,2.956,0.82272,0.40188,0.469,-1.221,-3.1047,-4.2364,-3.3414,2.0936,4.3746,-4.4472,-14.437,-14.358,-7.169,1.4446,7.8982,8.8433,6.9341,6.9227,6.4044,4.8151,9.0451,15.968,15.553,12.47,10.093,-0.013861,-11.889,-16.712,-21.95,-23.852,-15.224,-10.06,-11.964,-9.7048,-6.5846,-4.9227,1.2113,9.0666,15.254,18.325,16.482,12.83,6.889,2.5975,8.3964,10.544,0.49343,-4.2295,-6.4028,-15.058,-12.982,-1.561,5.7248,17.674,25.347,11.553,-6.0994,-13.284,-14.043,-7.8497,-4.0549,-6.9576,-4.2539,-6.7597,-26.415,-37.423,-25.359,-9.4285,1.2336,10.822,16.397,17.022,20.712,30.021,33.989,28.263,26.469,30.904,24.271,5.0051,-12.314,-26.005,-36.129,-31.826,-17.504,-12.595,-18.98,-25.241,-25.545,-16.669,-3.6953,3.8452,9.3469,13.196,9.7321,7.8579,8.332,3.0645,6.7462,20.304,21.594,19.258,21.301,9.882,-0.57903,7.8586,9.4301,-6.3135,-22.309,-31.681,-28.094,-17.473,-15.242,-8.9285,6.8398,12.027,11.195,14.679,10.816,4.0683,6.4629,8.5009,1.8961,-9.9947,-19.2,-16.105,-5.1089,-0.49366,-5.6395,-13.205,-14.412,-7.4223,3.0096,13.339,20.235,24.824,27.677,19.027,8.3479,15.883,20.917,5.7724,-5.4761,-12.099,-26.37,-27.84,-17.401,-15.094,-12.244,-10.055,-16.543,-13.473,-2.5358,0.2092,4.6445,11.229,12.395,15.932,13.703,1.4683,0.027829,5.3142,2.9626,5.9269,12.664,7.0018,-1.0313,0.41198,4.9669,8.8086,11.126,7.6397,-2.5527,-13.207,-15.652,-10.688,-7.829,-9.3215,-10.636,-14.295,-23.489,-25.319,-9.6709,6.57,13.716,24.02,28.106,15.542,8.079,7.3602,-0.011957,1.971,9.8685,3.5692,0.37362,3.1062,-8.4564,-15.938,-7.3675,-3.6913,-4.1961,-1.9278,-1.2298,3.0641,6.349,3.8541,5.3075,2.8379,-6.6716,-6.2436,-3.9542,-10.869,-13.543,-9.6227,-3.2252,4.5824,6.2783,9.1513,17.433,15.878,8.7925,4.7654,-1.3256,-0.70671,0.26103,-14.154,-19.099,-5.4197,-1.1402,-2.4392,2.8277,5.4327,8.0508,8.5367,2.6129,4.2955,6.615,-1.1698,-2.5133,-0.89319,-6.9311,-7.1628,-5.9039,-10.392,-5.9073,2.4538,2.7948,1.1619,-1.6659,0.60828,11.614,10.092,-2.5913,-1.727,5.24,1.803,-5.9828,-9.0151,-3.2508,5.1009,5.7777,3.209,1.3889,-2.1417,-3.8527,-5.3882,-6.0867,4.0878,17.437,18.508,9.0042,-3.7008,-9.6381,-5.9361,-6.9898,-12.408,-9.7202,-6.9264,-8.9724,-6.2726,0.70881,7.4646,9.6379,3.8942,0.60679,3.1863,3.2909,4.6597,6.2224,2.5796,3.9112,6.1269,-1.0205,-2.2921,2.6555,-0.56162,-1.0954,2.0551,-2.7852,-3.0174,1.6887,-4.8917,-12.47,-10.295,-4.2723,3.6993,6.1708,0.46756,-1.7088,-0.84228,0.4599,4.5599,1.6684,-4.3941,-0.89441,0.58561,-2.7233,1.1878,5.9607,9.8257,13.886,5.0743,-4.901,0.2276,0.62609,-8.1453,-7.058,-0.84225,1.8357,2.577,-1.5198,-4.3059,-0.74401,0.44751,-0.54208,0.41768,-0.11857,-2.3263,-6.2931,-8.4923,-2.6712,2.4403,2.2436,5.1087,4.1455,-4.0144,-3.0347,5.0444,6.2941,6.9046,10.456,6.7699,-0.88427,-1.3406,-1.3877,-9.2198,-10.897,-0.79831,2.4171,-2.125,-1.2189,-2.1375,-4.7464,2.8449,9.0221,6.261,6.3436,5.3368,-0.79852,-1.8312,-2.9343,-11.702,-16.845,-11.195,-1.1382,5.0815,3.7346,-2.268,-6.572,-1.5877,10.637,15.295,12.57,12.325,6.784,-2.9989,-3.1831,-1.6143,-3.6995,0.275,2.8072,-1.1305,-0.98686,-1.1797,-6.0937,-6.1721,-3.1647,-3.1814,-4.2039,-5.9924,-7.1677,-6.6147,-5.3247,0.75899,9.6795,12.985,9.9689,2.0473,-5.5465,-4.1537,-0.21911,-1.0616,0.62878,5.6376,8.8771,9.7216,5.0311,-0.54995,0.56041,0.75857,-0.8845,3.5897,4.6237,-2.4658,-4.9871,-5.5894,-11.528,-12.045,-5.9916,-5.0799,-5.3392,-0.91976,-0.73018,-4.4565,-1.0595,5.6752,6.736,6.1271,7.5514,7.4588,4.186,-0.36827,-1.5471,0.34609,-1.7215,-2.0739,7.5845,11.483,0.67417,-3.5564,5.126,5.9984,-3.3201,-5.3849,0.14501,1.0298,-0.31584,1.5501,-1.7521,-9.1424,-8.5988,-7.1772,-12.235,-11.301,-5.1532,-5.4291,-6.741,-4.7077,-0.98852,6.9395,9.9565,3.7676,4.9496,13.132,15.045,18.038,23.393,18.079,8.2943,5.5614,5.4992,2.8209,-5.1596,-15.998,-18.836,-16.733,-22.166,-27.407,-21.637,-12.92,-7.0346,-1.288,1.8812,1.2521,1.0079,5.3275,14.52,17.504,7.6462,2.1173,11.13,20.98,24.915,21.626,6.0144,-8.9894,-9.1491,-1.1362,8.2259,8.5976,-10.501,-27.387,-22.457,-12.824,-8.4265,-4.3705,-6.0275,-10.186,-8.3182,-3.6167,4.4469,13.055,12.236,7.3618,4.2965,-1.4672,-5.033,-2.4246,2.9015,10.462,11.561,2.5827,-0.62854,4.4055,7.8161,11.453,10.76,1.3276,-4.0058,-5.2476,-10.615,-9.6948,-3.0884,-6.1004,-11.146,-6.3292,-1.0158,-1.5547,-3.932,-5.3277,-1.2297,5.0755,2.5447,-2.1642,2.2767,4.815,0.077734,1.1675,4.1907,-1.8426,-4.9234,3.1323,10.818,12.727,11.169,6.0833,0.79708,-0.95705,-0.51032,-1.5933,-5.072,-4.0783,2.7379,2.7717,-6.2769,-11.461,-9.2666,-6.3047,-6.5062,-6.4242,0.80859,6.5797,-1.4352,-6.7935,3.2619,7.0043,-2.0972,-3.2456,2.3453,1.9317,2.4017,7.7884,10.646,9.985,6.5602,1.096,0.61908,4.6677,3.1389,-4.4632,-8.7761,-4.3817,4.4444,6.9755,0.30297,-7.4648,-11.637,-10.82,-6.4292,-7.8756,-10.97,-1.4351,6.5393,-2.1851,-6.3331,3.5651,9.1135,9.8642,12.794,11.182,6.0644,1.3066,-5.6937,-8.7346,-2.3257,5.9322,7.0691,0.53662,-2.1117,5.0356,5.6037,-5.9368,-9.9535,-1.8674,3.552,0.13768,-8.0576,-11.023,-2.9023,5.467,4.7824,-0.0797,-3.9032,-4.1872,-2.4225,-4.8786,-6.103,3.5566,12.462,6.4892,-3.1865,-2.0614,3.4859,3.8881,3.3631,6.9966
-19.933,-17.71,23.359,27.048,-10.254,-6.2025,7.9306,1.6042,9.084,6.7168,-7.1313,-1.4911,-1.1513,-1.2136,11.771,2.0812,-12.31,-5.1578,-2.7896,3.9652,15.629,5.2866,-3.5702,-5.2673,-7.9212,17.977,32.012,-4.217,-14.778,3.9367,-20.205,-39.685,-6.8003,12.783,-5.8644,-21.127,-21.47,-11.301,8.1894,16.928,0.54504,-13.047,5.8989,32.184,37.635,35.848,31.71,31.957,43.796,16.247,-45.82,-47.301,-21.322,-48.63,-47.558,-2.1977,-20.102,-39.468,11.864,18.038,-18.573,15.069,47.867,11.897,-3.7278,15.695,10.141,-1.7694,6.95,12.175,0.95848,-4.1721,4.4039,1.5692,1.6115,24.417,16.916,-18.784,-17.085,-11.172,-22.483,-1.594,7.6345,-20.928,-18.323,-3.8098,-5.8717,14.269,14.914,-16.56,-5.0238,15.623,-3.3675,-2.3733,22.274,19.772,-0.091764,-10.302,-6.1846,-0.15003,4.982,18.334,12.393,-8.1721,3.2385,4.2036,-27.925,-15.35,19.033,7.484,-1.873,7.4261,-4.4844,-19.693,-21.405,-8.061,16.404,9.2238,-17.646,-9.2547,6.474,-5.0435,-14.475,-6.9594,3.6989,9.6823,21.383,38.254,26.477,1.8528,7.9935,6.6265,-14.253,-6.8457,-3.1721,-13.183,16.925,25.09,-32.498,-49.649,-19.989,-28.278,-26.768,13.779,9.3212,-17.317,14.304,42.821,17.475,13.805,37.644,17.275,-18.069,-15.184,-8.2318,-17.307,-14.386,5.1934,21.246,16.05,-3.485,-9.5006,2.1944,11.738,4.3455,-15.184,-18.943,-4.725,-5.8238,-15.185,1.8392,27.009,12.914,-25.609,-22.328,7.9683,-3.5073,-14.68,15.738,9.3427,-29.034,-14.604,23.67,30.977,8.2751,-15.735,9.3019,35.278,1.8184,1.4881,37.05,14.514,-1.3824,6.9476,-24.103,-24.79,-11.671,-42.705,-11.126,28.369,-30.253,-33.952,8.9859,-34.486,-28.428,34.334,-3.1636,-25,35.071,37.415,13.389,28.87,29,23.063,22.403,4.826,-5.137,-12.587,-21.799,-7.3624,-0.10318,-11.933,-7.4023,0.75845,-12.307,-32.661,-23.456,13.626,10.855,-13.174,17.429,31.438,-12.888,-16.843,1.9854,-17.115,-15.322,5.9065,0.29881,-3.1333,1.3886,6.2673,20,15.498,1.1625,0.55475,-6.3368,1.1528,25.337,15.529,6.9594,28.989,20.361,-4.8947,0.38404,-1.1489,-20.804,-32.383,-38.059,-26.611,-5.3528,-11.146,-21.128,-5.2595,-1.1168,-15.281,-0.039229,28.654,20.845,4.0336,8.4977,5.8242,5.5877,19.675,4.0229,-11.294,25.272,38.059,-2.8081,-9.6023,13.603,3.403,-20.763,-22.529,1.0079,19.561,-6.9206,-33.576,-0.34867,33.169,10.569,-14.263,-7.8261,-12.002,-30.889,-21.355,-3.0434,-19.065,-30.206,-10.882,-1.2427,7.5423,25.599,14.59,0.8006,18.802,35.092,36.555,16.493,-14.856,2.24,31.622,6.2801,-13.336,-0.75022,9.435,21.806,2.8282,-17.14,28.796,17.91,-58.913,-15.043,41.51,-40.077,-77.502,-31.554,-46.41,-66.651,-48.919,-45.623,-27.277,2.8732,30.451,71.461,70.317,54.49,86.354,78.342,47.529,80.392,71.035,18.03,44.693,46.937,-47.949,-102.41,-101.8,-110.98,-94.773,-69.177,-80.051,-77.636,-40.78,-22.448,-8.56,47.459,83.751,49.11,28.542,54.164,58.473,56.068,69.864,58.425,43.276,43.307,13.992,-28.108,-40.088,-35.842,-44.298,-66.454,-54.4,-13.697,-27.003,-46.235,5.2392,24.909,-13.699,-5.1729,21.67,15.063,9.0038,-1.4263,-5.9412,7.1067,-3.8949,-6.6221,17.284,2.4658,-7.5911,29.775,26.964,-4.7887,4.5142,12.656,13.938,30.121,5.6952,-29.967,-3.1941,14.106,-17.352,-7.7066,18.725,-22.524,-50.968,-7.0974,16.101,0.32469,-4.6732,-20.607,-27.277,6.0061,11.954,-12.666,-6.9634,4.1089,7.0157,20.44,18.507,17.096,31.97,15.383,-10.682,-5.0765,-9.2861,-20.435,-8.0014,-6.4639,-9.0012,17.32,23.238,-12.586,-21.856,12.651,36.099,30.701,13.417,-2.2726,-4.9464,-24.188,-68.548,-58.93,-13.687,-25.631,-6.6585,73.869,38.452,-50.815,1.6307,65.52,20.985,-1.5338,19.948,19.096,12.943,-5.8096,-32.555,-36.132,-35.549,-17.452,17.628,6.5732,-16.563,4.4766,13.492,0.99409,21.743,46.833,32.389,10.386,2.4259,-18.509,-40.075,-26.582,-8.3831,-9.8848,-14.242,-28.142,-16.181,26.375,-4.9221,-49.945,18.046,59.083,12.818,20.313,22.732,-21.089,12.39,39.623,-14.227,-15.72,12.985,-11.457,-26.753,-16.623,3.1859,15.835,-14.828,-13.116,29.399,4.4723,-17.527,11.672,-12.954,-27.919,19.53,7.3446,-33.053,-13.074,14.266,30.922,30.112,-10.362,-25.547,3.0791,19.579,7.8009,-18.109,-5.7867,28.116,-10.896,-38.797,22.803,22.09,-28.977,15.471,32.568,-46.651,-43.14,27.724,13.196,-21.773,12.895,40.906,15.865,-6.6852,-5.3537,-1.5749,-0.49437,-9.8477,-11.885,22.585,29.742,-24.687,-33.938,8.8605,-12.663,-65.133,-48.078,8.121,38.347,34.146,23.639,24.638,14.168,2.3706,17.686,20.112,-1.6241,-7.5028,-12.694,-16.34,8.7707,11.234,-25.32,-22.769,13.929,1.0975,-44.012,-33.461,20.915,33.859,4.7656,-10.695,-4.3663,11.997,12.476,-19.919,-23.126,21.127,26.063,-4.8202,6.1127,24.844,-7.966,-34.433,9.0535,42.557,-16.649,-55.655,8.9401,45.606,12.325,3.3621,-1.2931,-15.782,-8.846,-32.115,-43.136,19.392,29.516,-18.326,5.8447,31.727,3.3527,10.032,17.756,-19.739,-27.969,0.83612,14.952,2.842,-12.519,-2.3816,-7.1363,-32.047,9.7821,52.336,-4.6645,-33.185,17.077,23.154,5.9001,18.519,3.2212,-32.912,-42.445,-16.924,26.57,22.38,-11.355,9.3748,21.291,-13.892,-2.6006,20.612,-3.548,-0.18536,13.941,-15.875,-23.679,-9.018,-18.755,-12.932,-1.4305,-15.9,-1.2419,35.623,28.745,2.8555,0.85546,11.197,16.893,4.3139,-17.105,-13.074,9.7536,10.6,-16.21,-33.505,-12.688,25.112,35.756,12.161,-6.6315,3.4252,3.9669,-25.362,-32.666,-16.813,-19.328,2.6146,44.068,15.312,-27.503,1.4461,16.258,-12.766,-9.2104,2.1658,-6.882,4.9807,24.092,24.846,14.461,3.6771,14.665,4.6179,-53.828,-47.258,19.194,5.7182,-18.714,27.695,23.316,-21.073,3.2311,26.914,7.831,6.0136,2.4336,-21.984,-38.423,-30.67,16.014,42.408,-6.0215,-35.006,-9.9197,-6.3901,4.7751,30.097,-3.1521,-28.673,12.359,25.641,0.011449,5.2477,17.947,7.9791,4.222,21.491,24.269,-19.475,-43.384,-0.65131,7.6998,-27.902,8.8132,51.159,-7.2756,-56.36,-18.598,22.925,14.182,-24.532,-34.886,4.39,20.938,-2.872,-11.392,-11.656,-4.916,20.48,19.125,7.17,17.232,-2.7625,-21.463,24.966,54.593,17.874,-14.131,-4.9537,11.388,-21.955,-66.039,-20.615,27.242,-13.15,-12.434,28.607,6.9442,30.08,85.469,14.561,-58.967,-24.215,-25.642,-66.809,-48.182,-17.225,-14.154,-17.943,-10.058,18.585,21.468,2.1035,27.133,52.307,38.569,45.534,55.912,30.906,10.538,2.4644,-6.2204,-0.034988,15.531,14.013,-20.409,-47.665,-34.124,-39.284,-60.443,-38.566,-33.794,-51.205,-28.954,-38.01,-57.27,6.6563,43.826,25.267,41.317,28.246,26.59,102.32,78.316,-1.271,57.268,96.486,46.604,61.514,50.313,-35.587,-50.469,-47.317,-96.636,-111.9,-89.528,-72.421,-81.962,-103.12,-42.217,37.648,-0.45938,-31.079,34.725,66.971,62.661,82.696,86.063,80.301,73.688,45.764,40.89,42.856,-3.5421,-46.359,-51.717,-46.846,-26.025,-13.806,-38.123,-39.395,-5.4967,-21.859,-66.416,-33.104,12.265,-33.522,-53,16.926,35.07,9.1835,34.088,24.606,-22.499,21.651,90.01,51.942,-21.407,-17.742,26.845,18.948,-20.356,-14.843,14.634,30.082,18.568,-35.715,-41.304,36.738,38.011,-34.681,-39.721,-33.243,-44.072,-6.8663,-2.044,-37.732,-9.4967,25.484,5.4316,-17.433,-17.19,18.16,44.007,2.4344,-18.566,25.684,42.285,18.723,3.9977,14.978,37.096,17.676,-14.873,-2.3828,2.9994,-2.0983,6.9486,-22.819,-39.965,-5.9491,-13.039,-27.443,-15.518,-44.176,-30.108,29.823,-2.3888,-23.682,31.787,12.062,-29.672,15.665,59.217,53.39,2.735,-46.184,0.027594,38.698,-12.926,-1.3513,59.48,28.875,-18.124,-9.8263,6.0324,9.014,-10.992,-26.016,-21.352,-52.097,-74.245,-38.104,-28.956,-35.848,18.05,61.802,43.83,32.581,51.269,47.278,7.4415,-4.9777,23.261,22.531,-8.8649,-31.223,-36.075,-5.2919,3.7209,-44.712,-26.995,29.642,-13.501,-36.716,18.575,-1.7769,-27.382,37.511,40.639,-14.706,4.2872,22.218,-18.032,-22.158,12.982,14.033,-1.4462,8.5982,3.1193,-26.228,-0.56016,42.872,5.5069,-27.465,11.547,12.432,-31.529,-17.633,25.993,15.982,-32.67,-40.229,6.174,18.972,-12.401,-7.9529,16.573,18.614,14.594,-7.5639,-25.16,5.2657,18.596,-9.8341,0.75787,38.145,33.117,2.9993,-8.8294,-4.0082,-16.599,-45.677,-37.663,-3.2351,1.9312,2.2321,15.662,8.6425,5.9955,22.825,10.833,-9.5164,2.8034,-0.47337,-21.873,1.0516,24.889,-8.0379,-23.586,13.721,26.274,-2.9813,-25.995,-16.57,24.739,31.58,-23.159,-27.146,26.574,11.784,-32.081,-22.253,-9.3264,18.75,56.823,1.5642,-50.715,13.628,23.962,-47.283,-10.78,51.184,0.27471,-32.733,-0.091679,5.0072,2.9016,7.5475,-5.6472,-0.9464,3.9615,-6.1898,20.497,37.101,7.9445,8.4477,3.1373,-46.949,-35.78,6.6219,-28.437,-47.699,13.886,46.726,13.564,-14.641,-0.50494,20.962,2.9496,-13.184,15.972,28.449,3.4981,-7.8364,-6.8865,-0.3066,13.601,6.9136,-6.7112,-4.0139,0.098598,1.2469,-19.451,-47.412,-14.124,26.744,-6.611,-27.663,8.5261,25.241,18.93,7.3548,-10.079,12.371,38.747,-0.81476,-28.846,7.7483,19.835,-21.032,-42.065,-10.047,33.351,26.795,-18.218,-20.059,21.637,16.671,-31.065,-27.091,11.023,-1.7353,-12.56,37.467,42.251,-24.222,-22.62,33.101,12.514,-30.95,-7.6089,9.4773,-18.889,-28.558,-15.716,-6.7878,9.6502,16.336,7.3065,19.998,29.973,3.1511,-5.8773,13.337,-1.6092,-28.234,-14.288,5.7838,5.4281,2.932,-7.9055,-15.207,12.579,28.312,-11.457,-28.359,9.601,8.7479,-18.46,11.829,28.803,-13.714,-21.024,-3.2418,-19.287,-16.432,7.4874,19.314,39.495,18.473,-41.7,-25.083,24.866,11.768,-1.5147,3.7787,-1.1182,15.821,15.354,-15.259,-6.8978,-5.9061,-29.199,6.6194,35.051,-4.5085,-22.934,-20.362,-21.419,11.186,21.87,0.13531,13.691,14.97,-3.8753,10.85,-3.7721,-32.848,-1.1859,8.0695,-9.8756,20.704,12.685,-28.852,3.8654,20.324,-18.507,-9.368,2.345,-8.1454,23.87,18.249,-32.65,-7.5377,24.955,-4.9332,2.1974,27.848,4.0368,-5.5455,6.2336,-4.7793,-5.4559,3.6838,-9.79,-22.5,-21.427,-15.241,-1.1679,4.6096,-5.5345,-6.0354,8.6265,9.215,-10.934,-9.2354,24.96,34.071,9.5617,4.8461,20.701,26.974,14.515,-13.961,-22.694,-7.2154,-19.226,-30.262,3.7152,9.0248,-29.961,-23.821,11.094,9.4262,1.9352,13.392,17.826,8.1372,-13.514,-34.101,-22.826,13.012,30.224,13.953,-5.7914,1.44,17.934,11.102,-0.19427,10.641,13.863,-13.811,-30.227,-3.8964,21.793,8.021,-12.146,-10.656,-11.026,-17.225,-9.3449,1.3743,4.8896,12.861,15.134,2.6075,-0.34763,10.028,3.2756,-15.897,-10.347,3.7068,-19.928,-41.051,1.1696,41.785,19.003,6.966,30.054,12.42,-22.164,-11.022,0.1156,-14.484,-13.291,-3.331,-1.749,9.9411,21.532,16.35,9.5548,4.1924,-4.5708,-5.9387,-11.781,-36.647,-34.287,15.594,28.007,-15.939,-14.528,22.354,9.0326,-8.0378,4.9619,-8.6429,-18.586,8.0205,16.793,17.926,30.303,5.6441,-27.092,-13.996,4.588,-0.0069589,-2.8107,7.7029,12.831,-6.623,-13.447,15.791,18.038,-10.821,-11.151,-4.1549,-10.25,-11.119,-23.022,-25.429,4.0909,17.564,10.133,9.7183,11.744,14.162,-11.112,-35.055,25.378,64.041,-16.202,-47.811,15.379,24.878,1.9761,3.5812,-12.442,-18.688,-3.7383,-2.2564,6.9577,9.2649,-6.3115,-2.0856,-12.874,-34.059,0.6457,27.866,-0.53657,-10.259,9.8223,28.653,28.348,-17.415,-41.142,5.8241,25.828,-2.6456,-8.2685,-7.0028,-7.7454,14.173,17.982,-3.6392,-2.6869,4.1226,-15.747,-29.824,-12.911,2.8961,-4.2207,-12.6,-3.1156,31.766,66.553,37.339,-26.597,-30.512,-4.2311,-1.0597,11.664,16.302,-4.7968,-10.86,-22.09,-32.999,-6.5699,-15.559,-46.803,9.8898,62.876,17.144,-11.969,14.511,24.233,17.507,5.2381,-7.408,-5.6163,-14.761,-29.095,-17.753,3.8953,25.848,25.238,-15.356,-22.788,16.378,13.79,-13.064,-5.7139,0.95365,-6.3776,-7.7947,-8.1456,3.6534,16.627,1.9473,-9.5007,6.4894,23.137,21.991,-5.2506,-33.398,-8.7356,35.407,20.983,-24.668,-35.817,-21.433,-12.187,-15.005,-15.632,13.489,38.736,5.8817,-10.53,48.506,59.63,-14.778,-36.594,-4.9139,-6.9063,-6.4548,5.1987,-9.9031,-12,1.9658,-1.6512,-3.9265,-11.038,-15.722,7.4476,3.9255,-9.5273,37.193,51.2,-5.6747,-14.167,8.2839,-6.4031,-16.232,-24.205,-32.168,-7.3071,-0.93555,-11.006,17.957,21.823,-19.153,-16.018,28.223,41.17,-2.2175,-37.927,8.5192,42.426,-8.1651,-4.0007,48.181,6.6055,-32.03,5.8427,0.30371,-23.243,6.1516,10.381,-16.819,-18.838,-17.02,-15.679,-3.2258,-4.6671,-19.306,-17.837,6.4192,14.671,-12.436,-18.383,9.1481,20.734,27.49,33.26,17.951,14.51,12.521,1.6168,30.457,31.938,-31.218,-21.526,31.025,-11.84,-57.343,-32.601,-19.195,-9.768,10.845,7.2119,13.243,20.104,-14.016,-38.63,-33.035,-18.18,17.124,24.168,-21.863,-27.187,25.076,46.043,20.914,-3.0097,-2.2461,12.887,13.276,9.6055,33.052,41.885,-2.3792,-27.434,10.743,23.267,-27.856,-44.843,5.4438,27.025,-25.594,-68.197,-22.337,39.981,10.612,-41.797,-18.3,10.117,-5.5881,-11.757,-16.256,-25.329,-7.3359,3.0912,8.0419,40.869,34.418,-7.0246,16.405,54.233,30.068,15.355,32.767,17.432,-13.528,-4.9846,19.862,8.9488,-17.677,-11.732,0.84044,-7.0514,-12.132,-33.013,-64.096,-46.489,-27.935,-53.388,-47.998,-32.493,-55.85,-21.916,47.119,26.332,-0.0099595,44.754,66.372,74.181,105.89,81.404,34.801,56.177,81.943,64.659,26.654,-45.189,-100.93,-88.443,-77.041,-85.225,-71.16,-71.388,-77.364,-43.381,-25.812,-31.797,1.3454,30.462,30.106,52.27,62.284,39.381,45.811,59.22,44.116,34.677,11.456,-15.906,19.829,53.699,21.789,5.8852,12.573,-15.215,-35.432,-34.901,-42.236,-36.045,-39.584,-62.173,-38.818,-10.594,-39.12,-36.466,19.603,26.113,-9.3806,-1.2008,37.133,33.221,1.1347,23.567,65.642,29.678,-18.337,2.839,24.771,22.306,25.267,10.073,-2.0935,5.1837,-10.436,-15.321,7.5217,-8.8424,-37.245,-29.988,-26.867,-23.039,-13.394,-33.841,-27.703,31.872,35.148,-24.999,-22.326,31.186,15.909,-27.318,5.564,30.496,-15.448,-9.3536,38.23,13.184,0.89165,41.95,24.928,-2.6501,18.561,4.9769,-10.534,16.41,-3.3024,-34.829,-5.7918,-7.8143,-46.138,-19.408,19.972,-5.2747,-30.376,-9.5166,18.23,17.995,-23.68,-50.745,15.062,63.653,-26.643,-71.648,35.159,63.143,-8.5827,18.215,51.879,-4.8589,-17.302,2.3578,-5.1316,24.893,21.102,-43.556,-8.8239,64.224,5.2662,-68.31,-26.486,25.709,6.0488,-23.28,-21.54,-27.377,-31.584,5.2309,20.176,-13.821,-7.2005,29.181,28.031,18.497,9.414,9.0976,42.568,20.188,-55.506,-36.838,12.105,-20.76,-17.113,33.066,9.6132,-9.3903,30.783,11.594,-46.906,-29.279,23.503,29.067,2.1555,-11.147,-2.0186,-1.14,-7.3374,13.861,27.254,-5.6607,-27.796,-10.072,7.1879,6.9496,-18.654,-41.002,-5.3003,21.407,-24.098,-32.346,35.029,59.195,17.616,-11,6.9903,35.571,13.596,-22.737,-2.3832,10.305,-22.222,-26.527,-10.76,-6.4854,6.4359,0.29244,-15.554,1.1437,8.9595,3.8965,15.434,2.9235,-23.499,-18.402,3.8045,26.593,17.157,-14.727,2.5855,14.596,-18.803,-0.049064,22.416,-14.165,2.1607,25.576,-31.142,-34.932,13.228,-3.6802,-12.434,19.72,20.551,7.9592,-2.3543,-13.528,-10.866,-16.55,-2.8996,40.642,32.085,4.7123,24.868,16.295,-29.476,-40.088,-26.31,-5.6272,-1.097,-35.25,-33.502,21.362,33.047,-1.5369,-11.683,12.323,34.226,24.443,10.266,20.552,10.522,-26.152,-30.829,-11.444,-9.647,-14.834,-12.647,-9.534,4.496,33.479,36.95,0.80169,-18.22,0.42584,19.131,16.459,-10.443,-20.025,5.5177,-9.2508,-29.448,15.991,0.73281,-56.376,11.958,49.643,-42.947,-40.137,33.224,27.088,28.285,26.675,-11.74,0.72975,-8.3141,-38.195,30.435,52.037,-24.122,-21.521,-2.7899,-24.956,2.7735,-6.3594,-42.989,18.613,51.513,0.454,-7.4339,3.2109,10.365,29.343,-8.4192,-44.204,-15.203,0.34143,13.969,24.143,-19.16,-20.272,15.919,-9.6827,-7.0186,29.264,-4.2635,-21.555,2.8411,-13.069,-4.5107,28.708,5.1901,-12.473,5.1043,12.62,18.169,4.571,-9.8495,7.4876,-13.948,-32.159,31.849,38.89,-28.935,-13.778,19.707,-5.7458,-1.2409,2.5843,-24.388,-4.1857,6.439,-35.911,-30.748,8.8539,7.4308,-2.6134,5.0561,19.884,30.745,16.72,-4.8942,-16.144,-17.339,11.958,24.073,-19.825,-17.915,41.409,37.832,-5.8439,-11.88,-7.5138,-7.2756,-9.4948,-15.462,4.2709,12.459,-21.137,-13.081,31.839,18.577,-13.923,-6.4865,-14.803,-45.55,-28.126,17.795,12.629,-14.505,1.7085,10.011,-13.259,6.2287,38.944,19.607,3.5236,7.1488,-1.2771,8.4493,16.697,-7.1447,-10.529,8.911,20.759,32.137,14.754,-19.8,-13.074,6.6032,1.3321,-24.825,-59.905,-42.918,9.0957,1.6374,-16.308,-3.6679,-28.184,-29.966,29.119,29.581,-12.6,-13.479,-16.887,-11.084,36.207,48.097,19.785,21.622,39.904,32.683,11.927,23.703,62.677,49.471,-9.9068,-23.958,-7.5833,-25.671,-53.148,-44.603,-22.936,-54.364,-118.51,-94.365,4.8915,32.763,-13.067,-34.931,-21.353,6.5952,25.481,14.057,21.128,65.012,79.177,75.139,99.355,92.659,50.385,58.94,79.281,47.715,19.939,-21.612,-119.01,-169.73,-149.66,-138.19,-111.1,-77.452,-76.863,-33.047,28.446,22.573,34.687,73.693,59.421,73.121,123.52,90.374,17.159,1.8646,28.372,40.887,13.676,10.815,38.862,-8.9719,-59.72,-9.2932,3.5634,-53.199,-54.226,-32.135,-28.56,-23.416,-46.993,-52.031,-5.7211,5.7126,-16.499,-15.042,3.6613,20.107,2.6241,-9.4037,37.955,47.006,5.072,21.944,43.088,30.273,43.774,24.857,-11.245,24.217,34.846,-12.861,-14.631,-3.6588,-21.652,-18.383,-7.2854,-18.18,-34.507,-37.195,-34.134,-48.61,-40.555,-6.3907,-24.675,-24.633,48.663,41.982,-18.534,16.545,54.302,36.051,31.446,17.318,18.571,47.605,7.3786,-39.188,-5.5391,9.5841,-10.299,0.73099,11.265,-9.9827,-44.125,-42.943,-3.8525,-6.7872,-20.652,13.509,5.6421,-21.285,17.961,22.84,-9.7372,12.062,7.3353,-26.592,-0.65457,8.1214,-23.947,-10.67,13.274,7.8568,11.472,19.612,7.3061,-11.395,3.4044,37.834,18.614,-21.026,-0.55942,27.871,15.356,-9.896,-35.931,-30.693,6.5244,11.407,-11.876,-23.138,-9.3235,22.241,4.0977,-42.332,-11.214,21.287,-8.1446,8.5394,22.449,-34.811,-20.351,47.682,25.204,-11.483,1.6559,3.9649,13.283,23.935,-7.9367,-20.464,14.482,28.349,2.5842,-27.015,-28.394,-5.4041,-2.6011,-11.67,11.773,25.991,-10.397,-25.909,16.021,26.891,-17.674,-21.714,12.684,-3.9804,-35.367,-17.065,6.9517,19.131,25.493,-5.6861,-25.159,9.6277,24.118,17.396,35.291,19.44,-24.171,-25.405,-16.015,-6.9497,18.425,4.8783,-21.204,-0.41489,7.8721,-3.8651,5.3805,-5.9332,-19.862,0.91282,-1.9628,-10.863,18.137,17.267,-9.3382,4.6214,18.174,-0.31748,-10.185,-1.2281,4.9933,-10.489,-32.114,-17.168,22.021,28.816,-11.624,-38.017,4.6614,44.197,20.017,9.3573,13.936,-13.266,2.9627,33.783,-21.823,-61.213,-15.672,16.816,11.732,-11.328,-31.525,0.9998,35.228,18.458,1.8706,-3.2459,0.53579,11.283,-12.409,-24.794,-4.1002,-20.744,-15.763,38.042,27.373,-3.2569,17.11,13.605,-3.5258,-6.1972,-27.648,-18.582,14.796,3.3542,-11.063,-3.0113,1.3137,7.8971,3.1029,1.5071,18.56,13.425,6.3515,7.6162,-12.741,-5.6086,0.17271,-44.655,-27.957,27.051,0.6498,-16.629,9.0479,-1.4735,-5.4253,3.5988,0.82824,19.718,13.484,-6.7193,22.767,19.727,-17.842,-6.9295,1.9383,-1.7023,3.0177,-12.275,6.1296,23.876,-28.831,-24.633,32.163,11.708,-11.049,-5.6826,-16.057,-0.54132,-21.002,-49.701,33.671,51.245,-49.686,-26.548,48.156,31.506,34.212,19.595,-37.063,-3.4375,29.708,-22.681,-36.92,-23.039,-27.434,7.3553,32.381,7.9613,7.4459,20.026,-5.4799,-24.745,0.32925,24.322,14.218,3.6869,2.827,-4.9094,0.96988,2.7245,-26.504,-29.228,3.0712,9.3472,-4.5382,-10.525,1.6432,19.919,-3.8607,-29.405,2.2271,15.554,-2.6079,13.337,11.775,-16.908,0.24119,20.631,0.33009,-11.955,4.3774,34.54,35.13,-17.051,-40.905,1.2779,25.952,2.0004,-14.289,-0.79634,0.098604,-24.382,-21.369,-0.45528,-10.903,-10.907,4.6649,-14.346,-11.187,31.972,25.097,-11.482,-6.5041,7.8061,-1.9218,-4.2506,25.978,42.682,2.0818,-28.986,-10.069,2.3511,5.416,3.1622,-15.251,7.8132,38.466,4.2088,-16.207,-8.2365,-20.587,7.4098,27.705,-27.757,-41.982,-16.421,-25.39,5.2554,35.173,-6.2748,-15.592,2.7319,-4.61,21.778,27.496,-22.799,-18.624,19.344,24.333,24.376,7.127,-4.4702,15.628,-1.5075,-19.774,12.206,11.594,-0.3721,21.629,-1.0257,-31.552,-10.621,-12.895,-19.259,7.2217,-12.595,-48.498,-19.169,19.853,19.542,9.6451,12.138,10.628,-16.056,-25.136,1.0652,0.90134,3.1131,35.806,9.262,-27.184,22.676,40.736,-11.479,-13.061,16.824,25.741,29.054,0.51291,-15.787,26.145,19.208,-48.727,-54.359,-8.1119,10.151,-5.5422,-33.136,-35.322,-3.0451,18.555,6.7168,-27.239,-47.557,-18.312,22.422,25.551,11.407,7.1858,19.923,36.515,30.547,19.734,18.225,8.9985,15.698,26.72,-10.204,-39.73,-7.4604,24.077,21.635,3.0321,-17.591,-6.2081,10.838,-21.712,-51.075,-34.148,-22.592,-30.259,-34.367,-35.687,-26.347,-18.281,-29.123,-13.205,38.163,38.562,-6.4845,21.182,99.646,100.13,54.245,57.154,67.516,42.426,14.853,-3.2826,-8.0163,-14.013,-57.244,-92.864,-75.917,-64.182,-85.323,-94.921,-63.282,0.99169,31.812,-2.967,-16.034,25.122,40.131,24.999,36.884,55.313,45.795,45.673,71.688,57.705,3.2958,3.6493,36.109,13.367,-19.654,-30.133,-47.672,-25.109,11.356,-34.699,-70.35,-12.884,1.3707,-61.253,-63.781,-7.9905,12.067,9.076,10.095,-6.7112,-10.53,29.248,45.105,8.8634,2.9155,38.819,36.422,2.606,8.1005,37.961,31.751,1.2704,-18.935,-34.581,-23.149,11.432,-8.3788,-29.526,37.48,55.3,-21.068,-19.468,8.254,-52.816,-64.107,-4.3479,-0.39328,-14.811,-13.862,-20.316,4.8953,21.588,-3.0686,6.5018,27.528,10.601,7.7725,16.793,10.524,16.907,26.481,13.805,-6.0684,4.0298,39.346,13.698,-59.226,-51.672,-1.2825,2.9105,18.496,34.267,-5.0657,-19.262,14.457,3.7815,-46.484,-45.065,3.4406,2.2912,-24.454,12.641,24.662,-27.23,-9.1137,27.774,-5.8656,-0.71988,23.753,3.0614,23.285,24.418,-40.978,-20.001,46.797,23.791,-16.489,-17.596,3.9648,26.095,0.096232,-13.372,18.541,3.5613,-6.6958,29.026,0.37442,-43.768,-21.856,0.91691,19.862,19.686,-24.639,-31.499,-36.651,-67.758,6.2059,77.884,-14.264,-70.268,12.131,40.661,-3.8509,17.766,71.691,32.932,-36.281,-2.664,26.922,-32.42,-13.236,62.415,22.027,-24.136,18.154,28.951,-11.537,-34.751,-8.0629,31.148,-11.729,-58.379,-8.7819,2.8865,-32.87,-7.9509,-12.358,-36.285,6.999,-0.51293,-43.392,-9.2006,0.56449,-15.916,35.004,58.112,18.323,0.23739,15.596,46.165,34.727,-9.8243,27.712,66.433,2.0261,-12.426,39.142,5.6199,-42.544,-19.677,-7.9648,-21.941,-19.005,-18.026,-39.148,-63.247,-54.78,-24.781,-24.728,-49.305,-47.585,-9.043,9.7084,-14.148,12.044,79.595,55.272,29.144,104.53,100.25,30.758,97.193,133.1,7.8609,-29.453,36.522,-9.2645,-90.965,-90.825,-96.729,-121.22,-99.962,-69.866,-71.074,-69.184,-34.888,12.097,37.717,43.009,44.596,40.131,46.166,74.839,82.17,62.719,61.7,54.077,23.064,11.72,-8.2729,-36.476,-3.6171,7.9062,-52.632,-44.381,-7.3489,-61.771,-67.866,2.7274,-9.2615,-39.414,-8.7544,-7.3167,-18.424,-4.2755,-2.841,15.359,34.221,10.127,3.4445,12.08,5.9172,31.15,36.688,-11.68,-7.434,33.42,21.834,5.3401,18.755,33.421,33.577,-2.917,-29.331,0.83548,-5.0538,-62.759,-52.632,-2.0198,-9.0546,-29.772,-29.935,-35.769,-8.2421,36.835,15.575,-7.7639,27.205,7.0645,-42.828,18.161,72.749,6.5256,-26.258,21.189,36.149,22.096,4.9928,-8.3807,15.694,13.322,-38.374,-28.257,13.835,-9.3995,-24.809,7.7971,8.9958,-21.834,-26.322,-1.0381,10.317,-13.387,-22.377,0.82322,3.846,-1.0121,10.329,1.1924,1.3306,34.654,26.888,-2.6276,16.08,17.421,-20.172,-13.991,6.0848,-15.368,-20.08,10.533,24.899,9.3737,-20.859,-32.065,-8.2278,10.372,11.577,3.8574,-21.65,-12.275,32.167,8.0051,-25.686,33.531,47.276,-34.231,-41.695,7.3234,-1.1108,-7.0161,4.168,-11.832,7.4562,34.448,-16.995,-37.908,27.934,27.513,-31.277,-5.9737,32.385,-1.6977,-11.188,16.844,9.9959,-7.4775,-17.718,-13.478,23.858,13.15,-43.798,-18.63,32.272,12.406,-1.6404,-1.4871,-14.338,4.9551,0.80454,-32.411,7.6637,44.357,-3.031,-30.046,-1.7356,28.885,17.745,-48.974,-51.862,39.612,50.798,-13.102,-8.3249,33.881,43.891,12.05,-33.923,-20.788,7.6441,-23.928,-41.629,-19.714,-0.40549,18.663,-2.3555,-30.21,12.007,30.496,-0.81164,7.5058,0.99048,-22.94,8.2993,18.117,0.48558,19.515,5.9823,-23.86,5.2937,31.165,29.151,17.03,-15.379,-14.543,3.421,-18.433,-6.79,34.869,13.39,-32.721,-53.631,-56.948,-39.243,-26.997,-8.6669,31.94,25.154,-9.8046,3.8207,27.013,42.604,70.352,65.84,24.207,-23.169,-47.419,-12.831,10.038,-33.804,-34.662,19.909,16.095,-12.484,6.0804,12.644,-20.119,-19.966,10.659,-13.309,-45.175,2.9161,24.895,-23.745,-12.12,13.08,-26.468,-7.6457,49.073,26.876,3.3391,10.186,-10.234,-25.08,-27.997,-13.57,37.095,39.704,8.0331,30.331,32.019,5.058,24.917,15.458,-19.619,-3.4163,-19.209,-51.227,-13.943,-14.243,-49.649,-5.0811,15.33,-29.883,-11.048,14.586,-27.4,-21.972,28.905,13.814,-21.756,-0.91769,32.117,31.506,19.157,15.045,2.0672,-11.323,15.534,45.247,15.521,-10.349,19.433,27.416,2.4577,10.796,17.248,-14.164,-23.375,5.3405,15.3,-20.031,-56.555,-48.045,-47.641,-87.024,-76.008,-29.457,-42.269,-42.831,9.0851,23.618,31.799,66.174,59.694,64.362,116.73,122.31,99.731,102.74,75.944,29.231,-1.9439,-56.262,-110.08,-118.56,-116.21,-114.03,-93.624,-80.164,-79.015,-47.632,2.7214,11.86,9.2224,50.929,77.007,56.354,45.351,35.125,33.299,72.2,65.63,9.4739,15.723,35.068,8.7674,6.6283,9.5358,-18.602,-29.699,-23.431,-14.044,-21.073,-63.136,-60.221,-17.551,-30.298,-27.85,6.8851,-27.855,-36.382,27.335,14.981,-25.611,10.222,35.618,27.538,23.769,3.7017,3.6436,37.664,46.043,17.483,-15.436,6.0599,70.48,49.519,-28.025,-18.926,13.931,-9.8792,-23.194,-26.803,-45.89,-41.183,-26.283,-19.687,-14.572,-31.62,-33.936,13.294,32.103,-7.8261,-31.509,-16.168,10.17,42.079,56.582,32.142,20.831,53.986,55.919,8.7357,-1.1071,12.301,-21.504,-60.119,-51.095,-9.412,21.878,-6.7515,-42.097,-7.3577,8.6813,-30.49,-7.0689,42.699,8.0444,-34.53,-11.808,14.509,5.0928,-7.517,9.8254,20.315,-11.45,-5.2632,52.706,34.997,-37.73,-37.286,1.6591,11.004,19.125,24.568,2.5106,-21.825,-14.542,10.951,6.3944,-14.378,0.21705,9.0241,-17.398,-16.045,1.3232,-8.4924,1.3977,20.834,-2.7879,-19.186,-3.2797,-0.055841,5.8481,19.189,-6.2757,-34.069,1.4867,47.908,25.952,-21.251,-16.334,12.953,19.624,15.134,-12.672,-46.413,-8.0686,43.243,-3.4282,-50.146,-5.378,22.594,-0.35266,4.1647,8.0905,-10.98,9.2366,29.195,-11.226,-27.634,9.4186,13.481,5.3566,23.295,-1.0455,-33.913,-1.669,13.658,-9.9287,-6.6384,-19.091,-29.924,17.087,15.362,-30.855,3.608,33.614,2.8567,8.554,9.1625,-11.607,32.156,54.007,-2.6311,-29.599,-28.623,-35.951,-14.768,12.377,21.682,5.2924,-29.601,3.4391,49.357,-19.656,-61.58,6.0623,12.695,-21.625,2.9946,4.3415,2.0365,42.364,25.01,-12.372,14.784,17.053,-12.981,-2.7812,1.3293,-6.9215,12.934,6.9104,-23.237,-3.3493,22.537,-19.294,-66.093,-32.748,27.852,17.834,-20.558,-1.3936,19.487,-4.1071,1.2982,24.076,1.231,-5.9492,24.762,27.881,18.464,6.6988,-19.544,0.61506,30.048,-13.713,-43.031,-17.416,-3.4126,20.65,26.958,-22.137,-28.211,-13.166,-38.271,-6.6675,28.759,-18.951,-17.344,17.86,-5.199,19.778,52.445,-3.9166,-15.257,33.335,42.007,33.301,-9.1822,-43.741,1.3299,-11.385,-57.488,24.629,46.977,-63.996,-45.332,39.418,2.0353,-10.766,38.841,11.123,-29.017,-8.8068,-9.6815,-28.788,-1.9697,25.98,13.517,12.17,16.792,-18.118,-27.722,13.792,22.429,15.303,29.891,12.999,-3.439,8.9068,-17.246,-34.542,1.1312,-6.5608,-32.532,2.0994,10.599,-27.84,-12.561,31.09,27.568,2.0644,-11.662,-11.78,0.23097,2.9388,-3.753,1.6565,-6.6632,-23.563,8.2714,34.345,0.11972,6.9903,47.038,5.0359,-35.607,-3.2003,5.6838,-3.2072,5.3175,-8.803,-7.2262,6.4364,-14.496,-11.467,-8.0223,-37.873,0.42722,45.557,0.30604,-11.366,18.85,0.41753,-11.841,-13.216,-8.6569,35.355,18.913,-31.811,9.7477,18.94,-36.945,-2.7502,39.726,8.7449,4.5264,6.7034,-12.433,-4.3668,-2.444,0.94436,21.5,-1.4947,-22.89,1.1958,-0.57394,-23.069,-30.97,-31.452,-3.5419,13.957,-13.446,-16.447,9.7975,26.157,51.318,54.847,7.6492,-32.31,-24.232,14.552,35.164,14.673,-4.9935,-7.8977,-6.108,0.86441,-14.396,-28.421,-2.6456,-3.1004,-28.969,-15.837,-9.3765,-5.735,24.545,2.4422,-26.766,8.7227,1.5235,-25.244,23.463,42.304,13.272,17.944,-3.6384,-28.85,24.859,50.911,-4.4711,-24.098,9.7605,2.3131,-40.544,-15.031,47.892,17.571,-32.297,4.61,8.2239,-47.9,-47.3,-21.611,-2.4025,28.693,6.862,-23.791,12.671,20.524,-8.4123,10.54,26.367,15.512,17.049,1.4516,-15.714,-0.64391,0.37878,-13.512,2.1294,28.531,20.309,-13.576,-8.7573,24.251,1.5005,-33.724,-7.5721,7.5867,-19.293,-22.979,-5.1017,2.226,-7.4525,-20.14,-0.47529,28.637,21.914,-5.0312,-33.026,-30.772,14.126,32.126,18.615,19.953,10.429,10.441,25.915,-14.249,-40.576,4.8577,7.3696,-24.174,-14.127,-7.2499,9.5517,35.104,3.0187,-15.776,15.923,17.634,2.9471,-11.51,-21.834,21.654,32.528,-36.42,-44.504,1.6305,2.3635,-8.2649,-18.129,-24.006,-4.5308,-6.954,-3.1358,27.659,3.5237,-9.6854,35.959,13.038,-25.865,17.527,32.141,11.131,25.7,20.527,1.4454,9.8048,24.22,44.48,21.355,-49.723,-44.359,5.5636,-21.989,-63.321,-55.036,-40.67,-31.595,-26.204,-17.694,4.9088,5.9646,-18.838,-18.253,24.701,67.072,60.32,44.208,66.494,60.69,24.842,37.51,42.048,1.9595,-5.7493,-10.609,-47.853,-49.779,-38.066,-62.4,-72.536,-52.24,-39.086,-30.767,-6.7443,19.876,17.721,8.274,27.263,39.657,26.561,13.937,4.3129,13.807,26.93,-1.6281,-7.8558,41.071,49.078,12.992,-8.6799,-19.462,-1.0793,23.599,2.9062,-14.014,-12.191,-23.942,-18.018,-19.632,-48.443,-30.73,5.3425,-0.70361,-11.589,-30.108,-32.813,25.382,37.387,-19.043,-5.8451,37.898,16.33,9.8772,49.015,48.946,-2.592,-33.716,1.6439,36.002,-1.3889,-21.939,29.266,39.909,-8.2057,-20.024,-20.537,-52.333,-51.202,-13.234,0.55401,7.6841,18.513,-8.331,-32.709,-5.1291,15.643,2.6537,0.69541,1.335,-5.3002,16.4,39.582,14.819,-5.5686,22.572,15.843,-45.156,-31.584,40.998,27.154,-13.975,16.651,26.376,-9.0708,-13.623,-3.6745,-1.3508,-17.162,-47.534,-16.618,22.593,-16.933,-10.954,36.686,-3.2547,-7.7338,38.974,-25.953,-59.281,23.403,18.157,-17.591,27.956,-3.3854,-61.68,12.096,66.361,14.728,-0.33012,29.231,25.839,12.461,4.4691,-16.529,-24.579,-5.2915,-1.6133,-22.902,-28.842,-13.825,15.117,35.113,-11.47,-63.838,-21.454,20.2,-4.1552,6.4919,24.099,-20.325,-26.242,29.205,44.131,20.697,17.951,30.391,8.555,-44.683,-39.692,14.421,9.7961,-12.288,14.855,19.458,-1.3267,0.91356,-17.336,-39.218,-5.0246,26.942,7.7594,-16.238,-21.637,-18.475,1.7946,26.064,11.978,-20.061,-7.6524,15.665,-1.1303,-4.641,19.429,19.814,7.5511,-5.6355,-10.683,23.809,26.492,-39.788,-52.444,0.072343,14.989,0.62498,-10.271,0.62611,43.876,33.721,-18.505,10.122,39.865,-23.48,-53.478,-10.083,11.043,2.9285,-6.4446,-5.1913,3.1674,-15.272,-27.49,-3.4848,0.85723,-0.010742,16.904,-15.489,-56.744,-20.597,34.893,57.643,54.248,15.98,-2.4959,32.133,31.724,-19.56,-22.855,19.264,12.415,-19.749,13.317,44.477,-16.176,-56.315,-15.746,-27.761,-89.815,-69.283,-2.2506,8.2807,-17.186,-21.185,-0.48622,22.074,41.018,49.881,38.432,33.32,27.688,-7.1518,5.3241,72.269,55.382,-2.9662,26.657,44.263,-14.179,-33.136,-19.777,-47.531,-57.608,-24.956,-26.472,-58.737,-54.988,-47.336,-68.214,-38.785,19.644,1.5307,-12.4,39.588,38.662,10.925,56.726,95.851,85.123,73.198,64.593,73.526,62.681,9.0817,16.596,25.349,-95.541,-176.63,-112.18,-71.918,-79.169,-50.364,-29.437,-33.852,-29.376,-9.6184,25.395,47.521,50.925,65.214,79.331,80.672,55.001,-5.5002,-28.742,3.801,18.488,14.313,6.3987,-10.363,-3.9541,-5.1449,-27.753,-4.8751,13.02,-25.208,-36.842,-26.373,-30.803,-19.133,-30.699,-40.429,23.276,38.949,-26.144,-8.2266,50.553,26.762,1.3583,13.864,0.12469,-10.327,17.492,27.799,-8.3993,-30.903,8.028,47.48,20.523,-19.939,-5.6493,28.209,21.204,-10.038,-14.179,1.0021,-2.0621,-22.552,-47.098,-54.956,-21.117,16.702,1.994,-35.647,-26.03,26.63,45.733,18.705,12.761,16.846,-1.31,17.163,46.616,5.376,-25.557,14.37,27.228,-11.157,-24.569,1.3598,14.391,-16.526,-37.525,-13.89,-5.5441,-12.903,-7.9441,-28.074,-22.474,34.274,19.112,-23.033,28.83,46.654,-17.541,-11.17,26.203,-4.3931,-14.332,11.562,-6.6229,-14.755,27.073,26.784,-15.659,-9.9737,7.8099,-6.8473,12.964,36.023,-11.325,-40.944,-15.039,-9.1499,-6.4989,-9.6512,-41.924,-12.434,44.114,19.181,4.4117,11.728,-41.645,-25.424,60.754,22.184,-39.307,11.495,35.52,15.411,17.455,-22.127,-42.163,13.555,11.157,-17.754,34.997,42.69,-24.245,-22.235,6.4972,-18.863,-32.052,-17.202,0.38502,21.922,9.4446,-16.776,-2.647,5.0696,-6.9403,6.2547,16.473,9.8487,-6.7887,-54.626,-63.702,0.46867,22.535,4.2512,36.633,56.208,18.817,6.8781,33.154,36.514,7.5716,-5.7697,11.095,3.501,-22.177,-13.279,-13.993,-34.922,-15.056,2.0129,-20.043,-31.501,-31.931,-17.518,1.7946,-36.046,-55.795,11.952,37.299,-4.9285,-2.8547,26.475,40.913,48.671,34.129,17.593,17.104,18.258,24.342,12.923,2.4128,32.921,28.124,-8.5162,15.788,12.134,-50.6,-39.013,-14.703,-59.3,-52.513,-4.7975,-32.748,-85.683,-82.409,-36.786,-0.067486,-9.5126,-30.927,-16.81,19.768,47.082,53.025,74.085,128.65,150.33,129.46,118.91,102.02,66.868,15,-71.028,-130.21,-137.95,-160.16,-163.53,-108.14,-60.942,-50.633,-50.97,-19.933,35.151,25.662,7.2301,68.466,75.195,23.566,51.461,59.827,26.663,69.168,69.729,5.1194,27.858,52.117,13.175,5.1797,-12.245,-46.023,-38.213,-42.548,-45.222,-26.506,-45.845,-34.349,13.117,-25.49,-60.079,4.9091,37.928,-2.3918,-28.972,-33.492,-32.988,-12.743,17.718,23.466,27.899,68.788,66.354,6.4213,13.631,46.309,19.919,16.262,20.675,-3.2691,16.904,12.184,-39.473,-14.119,8.9475,-33.458,-33.246,-32.878,-51.457,-19.705,-26.907,-58.898,-17.47,1.2857,-3.4641,34.415,22.153,-5.5827,23.402,25.757,25.675,37.61,-4.9017,-0.56159,46.892,-0.069087,-24.459,43.352,46.208,-3.3905,-12.598,-12.739,-12.905,-11.466,-15.525,-10.604,-16.585,-15.258,5.5695,-15.485,-26.416,16.84,-15.159,-85.254,-32.504,36.015,10.193,10.494,47.473,29.54,12.625,21.989,-8.6392,-17.772,41.369,45.943,-19.491,-30.602,-3.7232,-10.749,-12.07,12.264,18.222,-4.871,-17.271,8.3009,16.691,-21.835,-21.669,23.288,23.258,-7.0429,-22.184,-32.582,-33.186,-23.418,-0.094982,29.988,18.848,-2.957,10.29,9.4342,3.964,2.6001,-38.478,-22.863,59.805,41.749,-13.736,9.3407,7.8853,-4.6046,29.17,8.0136,-39.059,-20.757,9.7583,20.293,2.8699,-33.345,-22.027,-3.2421,-13.716,6.4907,5.7181,-27.151,-1.336,9.3798,-20.783,14.512,37.774,-0.60525,5.6431,13.591,-13.442,2.2824,3.2971,-33.753,-6.2006,36.856,19.057,7.1134,12.54,-0.1947,-2.6599,-6.6065,-29.756,-12.026,28.498,0.77832,-35.55,7.7069,31.792,-19.56,-36.231,-0.81853,11.345,2.5324,-6.217,-5.3486,10.94,7.0922,-12.591,-3.1397,20.38,22.183,-3.7894,-19.943,15.748,36.816,-8.2443,-30.01,0.97203,24.904,21.118,-25.821,-53.961,6.7537,34.189,-16.337,-11.033,10.503,-21.001,-5.7694,22.559,-21.938,-24.228,43.97,38.294,-21.045,-7.5898,22.166,-14.063,-20.878,25.365,18.778,2.3669,15.712,-29.826,-53.949,10.573,11.313,-25.726,12.582,20.334,-9.7448,4.6793,5.931,10.022,33.358,0.96332,-20.041,-12.475,-52.072,-30.662,44.586,19.632,-4.4064,34.225,18.461,7.2946,25.61,-22.368,-45.944,1.5448,3.2393,-19.446,-6.1996,4.1471,1.4832,-11.045,-17,11.633,22.92,-1.6425,1.2227,18.977,8.1828,-10.369,-15.24,-1.0125,19.038,9.2759,-18.965,-22.061,-5.2917,0.31441,-3.7619,-0.2282,12.847,30.737,35.585,11.435,-6.5117,-1.5377,-12.095,-14.356,8.598,-14.047,-47.521,-10.8,17.351,-7.0112,-17.586,-17.385,-4.6384,25.066,-2.3092,-34.743,25.43,59.807,9.6118,10.371,36.956,-13.219,-35.529,16.556,6.8479,-44.667,-13.373,38.615,30.371,4.6467,-22.001,-25.73,12.828,7.6373,-27.921,-0.97376,7.1784,-31.675,-5.8854,23.927,-19.102,-35.857,-0.25971,18.876,-3.1298,-32.996,4.1969,58.433,28.632,3.7559,17.575,-7.2294,6.7259,39.854,-24.005,-38.712,42.421,21.846,-48.341,-22.027,25.395,23.565,-16.525,-44.713,-12.431,7.7236,-6.5854,8.7666,-0.63705,-24.539,19.001,29.928,-25.491,-29.5,-7.4462,-8.7751,3.9571,15.889,15.138,5.5289,-6.9837,16.98,18.482,-36.096,-16.348,51.548,33.843,4.0785,11.411,6.0903,33.566,49.025,-31.333,-71.471,-4.1301,19.944,-27.421,-40.239,-9.6664,5.5982,-17.057,-37.977,-13.106,1.641,-40.085,-35.237,41.22,40.006,-20.745,5.8081,45.029,13.154,11.894,36.091,17.95,11.522,18.421,16.523,38.481,32.955,-6.7168,-4.2897,-3.0788,-23.772,-12.574,-14.804,-31.401,-15.937,-27.856,-59.677,-53.985,-48.022,-33.999,-4.0183,-10.463,-13.148,9.6057,10.322,22.578,47.62,43.213,44.429,49.876,45.983,56.903,41.822,22.938,61.705,64.331,2.0185,-23.598,-30.119,-54.797,-73.001,-99.139,-104.13,-65.13,-44.687,-40.697,-24.408,-24.411,-20.902,15.808,50.043,46.426,25.066,41.812,70.395,50.315,50.761,85.585,54.805,12.006,16.405,-4.9953,-19.558,-7.1104,-41.049,-48.862,-6.9813,-38.579,-77.368,-23.779,4.8724,-44.082,-66.624,-21.13,25.169,14.839,-1.353,16.64,11.988,6.1628,40.474,34.18,-2.8734,15.058,32.024,10.369,1.3849,-5.8397,-1.2401,43.363,48.969,-6.6057,-23.648,0.051222,-9.4985,-29.64,-20.389,-10.078,-7.9493,-8.4371,-24.696,-22.125,6.4624,-7.8726,-31.227,6.6107,25.759,-6.9189,-7.7891,7.666,0.41169,2.2718,1.3299,-2.8491,18.964,24.082,2.1464,9.6357,27.839,9.2514,-11.509,13.353,41.026,6.7702,-31.674,-7.4051,1.3851,-37.172,-29.072,20.633,17.602,-37.343,-53.106,8.7567,44.787,-9.3612,-29.653,24.749,24.654,-20.131,-8.8301,5.5803,-31.619,-32.848,30.646,48.419,7.0863,9.8507,25.154,-7.9173,-10.844,4.7498,-21.113,-3.3644,39.762,12.07,-10.253,5.7329,9.1527,12.807,-22.986,-58.125,1.8825,14.282,-40.672,12.791,39.52,-39.834,-16.291,27.756,-31.31,-22.273,32.269,16.865,7.7976,1.8422,-2.8716,29.89,2.0705,-31.703,35.6,45.316,-23.784,-20.006,-14.551,-50.117,-14.716,55.54,49.282,-18.086,-32.805,30.007,27.379,-41.68,-28.958,5.6276,-6.6592,7.7501,-0.1658,-29.791,17.252,40.726,-9.4389,-20.728,-18.963,-20.199,25.599,39.184,5.8402,-3.0912,-3.4877,8.8329,10.365,-39.588,-37.266,12.141,-14.23,-28.117,31.858,51.881,26.822,-3.1968,-19.425,24.72,38.905,-23.798,-22.201,7.922,-33.879,-21.518,41.695,3.6347,-53.645,-21.773,11.791,-1.289,-17.277,-13.817,11.152,27.558,10.787,1.0626,19.008,24.107,9.3664,-0.12631,-11.745,-17.771,4.1508,15.954,-6.0026,-16.374,-5.1548,3.3334,3.7265,-11.458,-21.016,-9.7646,-5.3466,19.409,60.021,21.262,-45.088,-21.97,17.614,2.5535,-14.567,-8.6337,12.512,13.824,-18.439,-12.678,16.493,6.925,8.7595,-1.4829,-57.947,-37.27,34.495,22.097,-1.6977,10.616,-1.1278,3.8008,24.295,9.8671,0.75459,-2.7649,-14.616,-2.718,1.3752,1.5996,29.517,18.293,-12.777,12.761,16.517,-31.533,-34.532,-1.7415,-0.17511,-16.322,-17.626,-9.3555,-8.1742,-4.1021,-0.81334,-15.93,-13.771,4.9404,6.48,32.968,49.195,-0.016453,-2.1467,29.516,-12.639,-8.6146,42.402,-2.713,-13.189,46.262,1.3623,-40.727,10.697,2.2492,-28.304,3.5939,5.7456,-25.088,-44.99,-47.734,-2.8914,20.493,-21.624,-36.457,-22.14,-5.411,45.01,63.867,26.513,8.021,3.2082,7.3346,31.894,26.098,7.0709,8.1893,-3.1794,-5.133,-1.2574,-34.756,-35.479,18.199,28.779,0.69421,-7.4556,-14.344,-34.602,-41.575,-15.846,9.2858,-3.0247,-3.7789,23.958,10.555,-22.203,-9.3131,5.6325,-14.11,-21.519,6.7638,26.006,17.021,30.591,49.484,13.347,-2.5777,30.673,10.023,-16.693,8.0931,-16.855,-41.353,12.566,16.431,-21.042,0.65444,-5.7041,-38.609,-10.713,3.5049,-9.0425,5.8494,-11.37,-35.46,-6.9854,-7.456,-30.249,-4.3439,7.6139,-5.662,13.898,25.791,18.197,30.786,33.735,23.735,31.777,34.591,33.454,38.679,17.381,-3.6456,2.5653,-17.318,-47.134,-44.794,-61.67,-77.166,-36.428,-22.109,-49.361,-30.756,-7.9427,-9.3735,24.299,42.365,27.699,58.301,72.204,26.053,20.093,33.989,5.5849,0.67681,19.818,5.9439,-13.335,-11.844,2.0129,0.68831,-36.67,-41.854,-0.093781,-12.568,-50.115,-22.613,13.106,12.851,0.18201,-23.061,-16.684,20.023,15.974,-7.6311,-13.554,-20.629,2.7967,33.315,11.523,19.757,64.907,22.018,-37.425,2.2636,34.883,-1.4209,-25.632,-16.705,9.6449,34.136,13.193,-23.76,-24.667,-18.709,-28.324,-29.853,-8.3146,17.83,2.3289,-29.049,-5.2327,18.276,-5.4551,6.7579,33.993,6.0879,-2.1142,12.019,-14.843,-3.6753,38.026,1.831,-30.373,6.7546,13.064,-8.5191,-3.6839,0.065256,11.638,23.787,3.0292,-8.3775,-16.707,-42.054,-3.1143,56.44,16.864,-29.598,-5.798,-5.67,-16.12,15.656,2.3832,-52.008,-31.836,26.115,28.619,10.133,2.9323,-10.018,-0.39767,22.345,2.4454,-16.096,8.6685,11.324,-7.6284,4.8464,13.096,3.4861,1.8512,-11.871,-10.865,23.626,20.397,-7.1246,-5.2774,-16.675,-22.257,12.54,7.3688,-23.785,-3.8046,3.7376,-24.649,-21.74,-6.081,5.1472,25.113,17.119,-1.0507,7.6985,16.123,32.509,34.237,-31.772,-60.795,5.472,26.721,-12.627,-18.033,-12.386,11.251,56.653,19.513,-44.618,-11.384,9.6661,-34.657,-11.444,44.061,17.118,-25.636,-16.091,7.2708,9.7995,-12.749,-15.219,28.316,35.25,-16.701,-33.369,-14.678,-9.0961,15.494,28.117,-20.445,-28.661,34.104,36.002,-13.525,-15.499,-9.3902,-7.0762,24.311,11.501,-25.895,8.498,25.155,-25.948,-26.221,15.083,28.153,26.556,-12.036,-34.982,30.963,43.558,-40.884,-43.434,12.994,-1.3188,-26.176,-9.5604,4.1325,-11.283,-35.603,-0.75777,50.604,3.3501,-38.278,27.293,60.037,18.067,-4.3756,-7.3257,7.0499,23.995,1.0262,-4.5847,8.8061,-18.752,-24.213,-5.9865,-22.746,-9.9094,10.003,-24.409,-21.064,0.52372,-19.154,19.896,52.441,-13.857,-7.4374,48.722,-21.278,-58.724,28.812,43.627,-7.2317,-5.0341,-5.6774,-19.011,-12.11,-13.968,18.962,77.184,36.155,-49.582,-34.986,9.7448,-5.2913,-4.341,23.71,3.6299,-22.43,-7.7774,-11.293,-17.423,17.465,12.543,-34.411,-17.863,19.427,9.1458,5.7347,-0.29041,-27.504,-3.9435,35.37,15.765,-6.7836,-5.3477,-6.4124,3.3885,7.0051,4.218,14.725,-6.5851,-20.352,36.454,49.038,-9.7544,-12.735,3.5444,-25.37,-33.605,-18.927,0.51212,22.357,-6.3577,-24.574,20.388,4.9838,-39.864,8.6217,33.534,-11.144,-7.262,-6.5015,-37.464,1.4635,35.141,-10.59,-8.3421,48.736,33.786,-25.642,-31.1,17.206,55.938,28.289,-28.27,-20.417,16.333,-0.17326,-9.6855,21.952,14.232,-15.863,-15.855,-23.325,-23.196,-9.9123,-33.898,-28.955,6.3206,-30.199,-33.976,28.255,-5.5243,-16.103,82.964,48.587,-40.627,35.231,68.38,-8.5756,3.1171,28.529,-0.19383,7.7635,-11.669,-46.384,8.3357,31.822,-38.869,-54.647,0.23074,17.938,-7.5565,-16.528,-1.0525,2.6273,3.0107,10.305,-9.4357,-27.108,-12.71,-8.1214,0.92075,15.958,-10.097,-19.98,2.5665,-11.737,-5.1904,43.659,42.505,20.048,15.536,-0.97454,9.5671,33.208,21.638,28.959,39.002,-1.3908,-28.828,-24.05,-18.465,-6.1732,-15.666,-30.774,-14.749,-32.454,-70.806,-49.657,-27.996,-47.803,-51.367,-25.319,20.362,47.983,20.404,12.721,57.912,88.212,104.09,98.413,56.241,65.852,96.837,27.154,-50.05,-46.441,-63.798,-101.52,-94.44,-99.124,-107.7,-63.996,-34.917,-35.313,4.8498,36.373,14.502,19.406,57.675,58.052,32.691,21.836,32.898,53.906,41.002,12.823,36.353,45.639,-21.69,-47.894,-1.3008,-6.7209,-38.46,-5.9257,10.009,-31.607,-32.185,-2.5527,-16.607,-20.974,4.2473,-18.252,-47.41,-4.0949,35.643,12.627,-15.399,-27.378,-21.47,16.803,29.047,-3.844,-0.12393,41.222,55.37,43.655,15.243,-15.796,-4.345,21.602,12.288,2.6723,-0.66924,-31.046,-41.477,-3.3035,10.023,-31.546,-60.565,-27.341,27.871,31.268,-2.3819,-2.1317,15.188,4.9915,-3.0263,9.3284,19.093,8.216,-31.977,-50.826,-4.003,30.231,3.9219,-18.996,-17.389,1.8629,35.301,34.051,18.719,28.814,2.2151,-20.363,35.18,33.676,-41.497,-10.697,47.308,-16.19,-62.725,-18.728,1.8538,-5.9821,-13.072,-43.13,-44.021,6.8684,37.399,33.033,15.349,-15.012,-21.713,-3.0919,-2.4892,8.5129,32.304,2.4403,-21.058,35.601,57.519,-3.2718,-23.971,6.3105,15.605,11.386,-10.066,-38.037,-13.034,20.581,-1.7267,-15.257,5.6465,-4.3404,-23.233,1.064,10.918,-26.871,-34.774,1.1411,14.56,14.621,13.11,-20.719,-25.753,24.519,27.832,-2.0715,16.259,19.948,-13.997,-6.9376,18.837,6.7563,-12.01,0.41664,22.403,9.2886,-10.466,8.1503,3.5688,-28.096,-4.286,9.5629,-35.315,-24.877,20.523,-1.6053,-25.026,-1.048,12.172,4.5597,-3.4728,3.6322,25.337,14.618,-25.066,-29.306,4.9426,27.707,13.093,-8.0242,4.8564,16.201,-9.0904,-22.909,4.085,37.338,30.772,-19.1,-34.759,10.909,22.203,-18.144,-24.12,6.237,15.537,-5.616,-30.872,-34.031,-9.1988,25.992,32.867,5.3132,1.8961,14.706,-11.694,-19.904,5.937,-12.514,-23.359,11.429,7.7066,0.15579,28.131,16.98,-0.22358,12.553,-4.3773,-14.195,1.9158,-12.57,-13.161,8.668,-4.1231,-4.7154,16.022,8.2064,1.8964,-4.8865,-22.506,-0.18352,19.606,-8.4809,-13.058,9.1312,3.8385,-10.998,-18.388,-13.991,9.7902,19.488,7.5573,8.321,11.394,-7.0683,-18.001,5.1751,19.693,-2.7839,-7.6037,6.2206,-12.044,-10.394,22.712,1.6473,-20.552,13.718,4.7225,-26.04,12.938,28.775,-14.783,-12.247,15.731,6.7768,-2.1964,-8.7579,-29.056,-24.171,7.5662,24.502,13.649,-7.1538,-7.2359,11.046,11.114,0.85737,4.7333,-0.75791,-20.505,-23.559,-10.506,5.855,18.834,10.485,-7.3891,-1.9177,19.705,24.204,-2.233,-23.096,1.0669,22.603,1.2578,-12.468,-9.626,-10.341,8.544,10.074,-18.59,0.30121,30.425,4.8051,-21.041,-33.915,-28.135,23.656,20.826,-36.155,-13.222,22.228,8.465,23.797,9.901,-29.818,7.7486,15.061,-23.8,22.975,37.568,-28.696,-14.012,16.95,-17.608,-9.2396,23.073,22.66,24.448,7.075,-14.207,-6.5576,-11.913,-6.7953,13.835,-7.9423,-23.709,-19.145,-38.502,-17.105,21.972,-13.244,-32.139,13.088,20.729,-7.3849,-11.517,5.9766,28.3,26.921,7.0921,10.002,32.477,47.685,26.739,-19.57,-16.577,25.02,27.748,8.6931,-4.5082,-24.895,-40.392,-47.227,-34.875,-17.467,-47.948,-56.502,7.292,13.989,-26.678,5.9963,32.211,1.8843,-1.324,7.8678,15.244,45.489,47.538,25.929,29.997,38.805,42.123,36.903,17.285,6.1759,-12.938,-33.275,-28.695,-53.483,-73.291,-27.553,-28.01,-61.839,-17.788,-13.427,-63.994,-15.083,42.876,21.935,26.488,43.313,40.717,52.735,30.623,7.4116,37.683,28.468,-5.459,8.2239,-0.45444,-14.215,19.029,10.366,-27.894,-19.112,-27.056,-61.093,-43.555,-1.1951,8.2448,-4.0398,-10.751,-8.3886,-7.1872,-2.7511,-3.3034,-16.014,7.9039,53.109,32.606,-8.2847,6.6695,19.934,4.8273,-2.5864,-8.8706,-2.1715,19.507,15.583,11.283,26.283,6.8886,-26.372,-14.134,4.0211,-8.1209,-16.403,-10.945,-8.5575,-14.991,-30.925,-23.892,17.894,19.88,-22.895,-11.664,20.916,-8.2326,-18.724,20.915,22.155,8.7465,11.98,-7.1597,7.8915,54.696,22.81,-27.852,-6.4954,9.4027,-5.4883,-7.431,-9.8201,-3.5581,5.648,-19.869,-33.1,-0.78247,19.019,0.15759,-28.841,-23.484,25.949,43.834,6.0924,-8.1088,3.1335,-13.665,-27.891,-10.41,5.065,8.8221,11.941,0.30202,-13.349,6.2157,27.367,15.617,12.74,13.952,-15.604,-15.816,15.133,-5.4459,-32.047,-8.3619,5.304,2.9924,7.6328,-0.5475,4.0276,10.341,-20.934,-23.375,17.759,18.012,-8.7027,-11.334,-1.691,7.2821,-7.2426,-33.349,-10.54,31.468,27.337,7.8794,12.86,22.585,1.6503,-41.121,-35.68,19.427,28.398,-10.439,-8.0841,32.566,32.953,-19.312,-50.069,-26.834,-8.7397,-9.6496,10.198,23.315,6.0582,-0.089417,12.196,17.188,10.378,-2.4645,-6.7452,-5.4616,-16.444,-20.222,-2.3829,11.421,12.018,7.8351,-0.57438,-3.069,12.542,26.65,-3.0877,-56.451,-47.669,15.787,35.906,6.9838,-8.314,-3.2364,1.3351,2.3126,10.916,25.951,18.745,-4.5038,-8.6982,-0.012936,12.448,19.111,-10.944,-43.476,-31.985,-18.279,-15.186,10.678,22.514,-3.3711,-13.384,5.1542,13.865,15.982,28.005,19.523,-12.683,-10.406,17.652,9.6154,-9.2437,-5.8199,-12.712,-24.556,-16.185,2.4772,17.338,2.5827,-24.943,-10.233,14.244,13.027,19.009,13.586,-9.1212,-7.0488,-5.0163,-3.909,19.614,10.099,-13.861,2.9734,-1.6781,-23.444,-3.4811,3.6711,-7.8448,9.6112,18.279,5.2219,-13.677,-33.079,-9.0856,21.055,1.0691,5.5228,29.687,1.1301,-8.2692,21.658,8.9653,-18.987,-27.634,-31.204,-3.1128,21.206,0.36233,8.2164,42.22,9.6296,-33.271,6.5605,35.762,-20.209,-43.113,2.2005,2.9326,-6.8658,33.407,19.405,-34.376,-20.056,-5.2509,-19.806,2.2993,9.9832,-8.1414,3.8098,-0.13197,-10.244,27.765,40.214,0.52273,-17.58,-1.3406,22.301,20.202,-9.8633,-11.5,10.14,15.192,8.4318,-19.572,-33.926,-2.313,0.94776,-13.246,3.9893,-17.153,-22.79,41.07,7.7046,-74.011,-13.15,36.519,-21.548,-12.382,34.845,17.118,9.7247,15.692,2.0824,7.0676,6.8926,1.9146,30.955,43.503,18.381,-7.3769,-30.122,-27.295,-1.5826,6.3291,10.349,-8.6227,-60.749,-40.668,27.345,4.5471,-36.166,2.3703,19.1,-22.665,-44.092,-30.9,2.4113,34.285,28.192,3.3568,-6.388,9.0367,51.194,68.517,37.403,24.313,29.589,3.6125,-14.889,-1.9315,-1.1382,-22.503,-42.36,-27.951,3.6025,-28.699,-73.669,-22.2,14.419,-40.519,-32.536,29.947,-3.6873,-47.675,-0.78511,36.782,23.1,7.0439,4.8621,37.582,61.829,19.035,5.6551,61.992,58.989,8.5566,15.22,19.006,-17.246,-25.582,-23.859,-30.14,-14.595,-21.793,-48.308,-38.102,-45.751,-72.332,-35.879,-0.86627,-23.604,-28.406,-14.802,0.36818,47.667,59.346,19.398,31.481,72.42,70.329,64.433,68.724,62.613,50.24,14.743,-28.738,-45.268,-53.736,-63.985,-77.551,-96.065,-70.914,-20.934,-26.706,-38.244,8.2998,38.931,16.806,2.8139,12.267,7.828,-5.3266,16.845,53.024,45.955,33.028,47.543,38.246,20.656,21.825,-14.455,-47.479,-9.471,2.4176,-42.988,-27.907,25.58,10.214,-25.111,-9.9333,-1.1838,-23.96,-16.552,-3.782,-46.387,-59.052,8.583,27.687,-18.325,-2.307,37.97,18.187,14.516,43.976,27.15,3.113,22.205,27.439,6.7914,-5.3923,-12.281,0.65505,18.831,-11.966,-40.15,-11.495,0.52662,-13.242,3.3241,-0.64396,-36.334,-24.641,3.2239,-13.516,-18.743,14.814,13.009,-26.836,4.1807,76.805,33.467,-43.32,2.9983,35.556,-7.1707,1.6101,-10.545,-46.11,28.114,48.315,-37.005,-11.544,14.884,-34.89,31.548,65.743,-35.472,-23.053,19.136,-34.79,2.6386,34.204,-42.631,-25.389,4.1274,-48.534,5.5925,66.984,0.41219,-13.378,22.017,-8.1245,-31.199,-16.893,13.953,25.106,-16.935,-2.1527,47.066,0.21392,-2.6506,55.041,-9.169,-40.894,41.242,4.0134,-71.114,-13.721,19.242,-13.828,2.5539,29.333,1.9472,-43.675,-20.713,44.359,5.9653,-55.737,3.233,33.221,-16.706,-14.201,-2.6013,10.917,54.555,9.4153,-37.716,24.696,16.535,-37.435,4.4718,12.429,9.3717,65.304,-3.836,-85.834,17.954,50.314,-48.548,-29.148,16.345,-21.572,-20.424,-16.732,-32.617,21.602,48.762,-3.64,-10.768,17.202,18.001,26.136,19.514,-24.16,-35.66,-2.5752,12.368,6.9956,16.214,11.088,-16.759,-0.14217,24.368,-20.886,-35.042,16.079,-5.3742,-46.673,7.7679,42.656,11.263,13.043,21.334,-12.456,-38.52,-18.144,29.202,21.598,-38.525,-24.389,17.783,-27.89,-40.377,35.767,49.845,-1.5571,-10.912,18.641,27.682,-9.5493,-18.54,42.964,40.353,-40.882,-40.131,11.141,5.1769,-13.181,-18.217,-13.649,11.485,7.8921,-14.218,-2.0092,6.702,1.4394,0.75677,-11.519,-2.5853,13.096,-10.223,0.95896,31.58,-8.5245,-21.699,19.968,-5.3515,-30.518,13.839,21.847,1.5232,13.383,13.704,8.1827,13.75,4.978,0.85243,-8.5539,-31.607,-22.156,-17.499,-34.339,2.7774,33.316,-6.6713,-8.907,24.075,1.8327,-11.1,15.245,17.948,16.295,10.281,-19.101,-5.4725,24.814,-10.119,-35.861,-13.696,-21.757,-22.984,23.159,23.94,-15.019,-2.4578,25.773,22.63,24.178,20.779,-10.284,-21.795,1.9093,7.8444,-15.835,-21.836,0.25313,10.732,1.0496,-3.8649,0.98946,8.4425,6.522,-6.5599,0.013309,10.786,-20.722,-38.803,-7.3432,-8.7572,-27.676,1.5171,3.1429,-21.606,20.648,47.186,8.5086,13.071,24.064,-8.7755,18.419,55.561,9.7693,-2.1755,26.499,-9.1783,-30.93,-5.7342,-12.633,-13.115,-10.696,-46.553,-24.988,20.836,-22.176,-30.152,27.634,-12.433,-63.819,-1.8144,22.571,-27.292,-18.381,14.676,10.867,24.59,49.346,52.535,58.638,47.868,3.7281,-6.1168,29.833,33.953,2.528,-7.3076,-4.3799,-19.426,-35.08,-33.151,-31.906,-46.367,-43.74,-20.254,-47.947,-90.873,-39.304,10.076,-33.289,-25.559,38.313,29.555,33.799,85.637,66.582,43.308,82.562,84.176,62.813,74.968,67.089,27.454,-27.002,-81.89,-95.805,-96.253,-100.29,-70.704,-62.877,-91.726,-57.907,12.395,18.855,-5.7343,19.78,63.44,29.305,-13.328,61.711,106.61,18.591,-2.0777,48.643,15.651,2.311,43.315,16.576,-11.355,2.6268,-20.397,-33.093,-6.6747,-14.448,-45.636,-35.241,14.325,12.43,-57.124,-56.723,0.18179,-7.8145,-1.214,27.83,-16.972,-13.144,49.566,7.5806,-33.965,18.099,29.207,0.0086988,0.029867,20.107,47.801,11.847,-42.325,18.495,62.605,5.9281,15.897,43.659,-29.114,-63.604,-20.741,-8.7539,-14.161,-10.543,-12.354,-2.2053,8.5578,-10.952,-43.037,-24.301,37.762,21.428,-56.728,-37.846,30.562,13.729,-24.15,-13.812,3.0806,21.184,51.198,58.575,36.149,32.855,40.983,-2.4267,-32.463,13.433,9.1878,-46.043,-12.965,20.265,-26.674,-39.035,-22.622,-20.826,4.4006,-6.7291,-48.032,-24.288,1.244,-10.666,2.9551,5.4563,-18.012,-7.323,32.491,63.243,41.053,-9.677,7.2764,42.841,26.67,28.525,18.509,-34.232,-10.065,44.498,5.1069,-43.605,-37.547,-16.19,6.9982,-5.6838,-43.846,-45.642,-28.863,-10.972,-10.63,-50.507,-29.107,54.327,40.871,-5.4956,41.056,68.854,33.526,12.955,-4.203,1.0127,36.327,9.9414,-41.845,-29.572,-11.44,-3.2124,30.611,21.493,-21.289,-1.4943,20.221,-27.898,-50.393,-13.179,-6.8961,-26.604,-11.187,-2.6002,-31.903,-24.247,33.139,42.611,-2.7726,-9.9367,19.793,24.564,18.558,27.521,37.012,44.728,44.989,16.363,-36.985,-73.034,-52.81,-14,-13.414,-16.042,-4.2972,-12.022,-2.2679,16.531,0.3657,36.136,78.062,-24.22,-82.89,29.165,34.671,-70.476,-33.678,22.563,-26.684,-20.113,32.383,27.411,21.335,24.651,11.954,11.206,12.188,20.977,30.228,-12.151,-37.328,3.4185,2.6083,-26.478,1.867,15.669,-8.2229,-8.1617,-16.385,-31.067,-24.619,-47.171,-55.422,-2.2157,20.614,28.895,70.952,49.837,1.326,8.0124,-15.352,-22.023,37.416,5.851,-32.394,51.339,37.772,-41.37,28.672,42.311,-57.357,-26.22,12.957,-52.713,-46.981,-22.684,-35.341,30.018,55.582,-17.294,-17.95,19.508,9.5635,9.8139,6.0785,3.4216,22.259,-7.7699,-33.352,11.822,27.514,10.392,17.226,-5.0807,-30.578,-3.6741,14.746,5.2811,-1.377,-10.096,-3.6278,20.509,23.376,-0.46709,-23.395,-20.475,-1.5351,-2.5948,-20.093,-27.354,-12.144,18.562,18.723,-15.758,-21.96,-2.0422,10.218,25.169,22.074,-2.4919,1.1912,18.015,10.914,2.5704,9.3876,23.289,21.06,-12.649,-30.214,-4.2181,11.797,-7.7385,-29.634,-29.394,-18.111,-16.944,-13.125,-0.73076,5.4955,27.832,42.907,4.188,-9.0353,24.338,-1.3124,-35.942,0.54857,14.269,-14.404,-15.611,0.34281,25.924,30.996,-14.472,-16.789,29.358,19.829,-1.9993,0.12766,-22.345,-18.775,0.27789,-34.984,-28.851,32.578,17.596,-16.686,13.189,10.156,-27.822,-0.55508,44.231,17.505,-20.017,10.62,31.121,-22.185,-40.708,-1.0028,-8.2975,-16.878,14.331,-10.69,-36.555,18.816,43.42,19.045,23.133,12.756,-12.405,-10.871,-17.757,-15.437,3.3918,-1.7824,24.581,53.672,-17.684,-61.415,8.1806,20.261,-41.215,-35.202,9.4335,20.63,16.174,8.0215,-6.0102,-24.398,-22.37,21.545,42.324,1.3131,-22.902,0.78431,18.934,15.563,6.6722,-1.7745,-9.81,-11.337,4.5314,16.17,0.51826,-17.891,-21.249,-10.106,12.495,13.503,-7.6451,-7.2147,4.8175,0.45193,-5.9582,1.4914,19.463,17.136,-9.638,-13.669,-17.087,-42.148,-9.8268,41.308,1.6557,-33.875,16.631,47.359,24.217,4.679,-3.3405,3.2542,13.06,0.73652,-16.7,-24.594,-15.781,3.3865,-14.907,-42.829,-1.8692,50.67,28.051,-12.471,-0.87994,17.59,-6.0721,-17.558,18.084,22.029,-19.157,-17.584,6.7658,-11.548,-25.685,-5.9801,-4.5439,-21.771,0.94014,45.658,26.753,-19.526,6.1445,32.682,-3.8817,-7.8003,12.64,-4.5319,-1.0773,-3.1372,-39.7,-5.5957,41.314,-2.2644,-16.26,17.792,-1.6412,-6.9329,18.977,-9.0011,-26.71,12.659,19.973,-22.22,-41.721,-5.8004,20.421,-21.841,-34.941,29.906,33.878,-24.198,-10.441,29.2,19.817,17.804,28.033,12.613,-2.1103,2.9553,5.8062,-15.037,-37.34,-18.41,7.2774,3.3507,17.54,25.864,-24.396,-40.257,8.6918,13.52,-5.5774,4.4533,-16.445,-19.266,40.491,13.376,-74.258,-23.564,61.903,9.1586,-47.993,-12.36,13.752,1.8179,-1.7377,15.443,35.572,15.408,-12.789,17.972,35.861,-7.3896,-5.7105,51.206,48.971,-9.517,-28.736,-1.8324,-2.0514,-36.717,-39.926,-16.744,-20.292,-38.333,-45.608,-35.278,-7.9724,0.82129,-4.1296,9.9334,15.188,19.284,36.844,16.846,3.7851,28.395,-4.5617,-22.823,56.415,63.784,1.3018,35.457,74.528,39.826,20.285,12.079,8.3055,-3.2032,-76.654,-105.4,-66.481,-101.05,-113.1,-36.758,-37.782,-53.438,10.195,15.376,0.66561,43.395,35.778,29.1,79.72,71.443,60.607,112.12,95.883,38.584,52.265,62.083,22.19,-0.67917,-16.877,-78.107,-135.33,-120.6,-96.049,-109.86,-86.569,-40.953,-30.63,0.99393,24.749,-2.513,20.045,59.409,34.194,45.081,81.346,51.191,24.556,29.654,46.872,82.786,49.59,-20.604,0.14377,15.624,-30.001,-31.999,-25.065,-43.802,-43.511,-54.229,-50.853,-18.301,-29.67,-37.26,-20.03,-41.647,-15.212,57.485,43.787,22.143,48.354,24.13,-1.0641,20.155,16.101,6.4192,10.097,-6.4182,-12.163,0.23051,0.042275,-11.049,-9.7109,33.097,57.661,11.025,-3.0164,19.947,-8.4754,-5.2691,22.205,-34.526,-62.078,-33.433,-73.455,-75.773,0.58532,-7.5199,-38.117,12.028,41.673,33.356,38.443,46.433,61.539,46.031,4.2214,27.687,47.921,-18.834,-52.968,-24.682,-26.3,-36.668,-34.044,-31.457,2.04,32.619,26.153,18.692,-7.6819,-30.986,13.382,30.077,-24.927,-14.531,39.717,19.225,-15.72,-10.803,-0.96381,7.1825,-15.887,-44.807,-7.9805,7.8827,-32.699,-3.2241,33.911,-14.914,-4.9508,56.224,12.331,-32.84,19.239,41.964,12.582,6.6079,8.0556,11.171,20.288,1.9929,-18.254,-4.0917,6.4513,-17.225,-44.132,-32.091,-5.5184,-29.439,-63.62,-27.074,12.065,-10.948,-3.803,50.587,49.492,16.948,29.206,42.874,28.38,14.756,-3.2994,-12.581,-2.836,-16.869,-30.081,-0.94337,9.6386,-9.2719,-5.345,-5.1511,-6.7064,19.951,2.7599,-52.417,-35.693,2.6151,-18.953,-12.838,40.777,39.222,2.8213,7.715,17.616,3.0265,0.38847,-1.4739,-25.48,-25.481,13.41,23.975,-9.7381,-16.418,12.783,4.9591,-20.837,13.733,48.113,14.031,-0.4083,16.897,-22.439,-50.902,-8.5257,-0.28287,-30.939,-11.012,30.98,39.636,11.756,-23.979,-11.686,18.67,-0.15778,-22.498,-14.699,-11.747,-9.5444,-5.7703,3.8507,34.431,31.418,-7.9377,-7.9275,3.2213,-5.641,10.345,18.311,-3.6454,-4.9983,-6.2707,-12.857,16.729,24.763,-12.647,-9.4662,16.83,-9.3859,-34.573,-2.4815,22.935,4.4176,-5.6534,-3.0091,-25.962,-36.97,-3.5049,15.183,-10.316,-22.134,10.065,30.385,9.3111,10.14,29.406,-2.665,-16.424,36.199,35.451,-15.761,-14.865,5.188,13.475,1.566,-42.51,-11.22,62.552,1.7479,-69.297,-10.056,20.924,1.2767,9.629,-33.215,-71.561,-7.525,31.992,-3.7229,-12.22,19.017,34.255,4.22,-24.604,2.0647,24.425,15.845,22.612,17.652,12,36.053,16.098,-26.471,-14.024,-9.0724,-31.334,-26.477,-3.6797,30.35,35.331,-22.817,-43.041,1.3757,8.4868,-24.32,-38.157,-7.8088,30.92,0.0010497,-36.993,-5.5946,-6.3486,-17.627,46.988,63.745,17.598,22.404,12.28,-26.143,-14.832,-6.648,0.71837,35.146,14.324,-19.327,4.7487,7.3772,-4.6052,18.799,15.154,-21.111,-37.114,-28.73,-11.484,-12.166,-16.339,-5.654,-21.565,-22.962,25.827,20.821,-16.082,13.468,18.609,-29.267,-17.309,25.799,26.737,15.205,14.7,18.039,13.733,17.562,43.402,24.943,-19.657,7.3742,11.127,-58.432,-28,51.182,-11.424,-88.122,-43.686,-5.267,-19.906,-4.7513,26.235,18.103,-8.3739,-4.7176,15.878,6.614,-11.585,-1.8991,5.5575,-2.6344,1.9868,10.027,2.4642,2.348,23.76,37.393,24.222,1.9935,-17.115,-22.264,3.6807,33.373,37.89,35.199,15.22,-25.075,-26.184,0.24301,-12.359,-27.854,-9.6165,-25.595,-85.398,-86.466,-11.741,19.737,-21.943,-30.374,0.86446,-2.9475,-7.8372,17.926,32.769,44.387,59.561,66.854,97.066,111.24,63.094,33.909,38.113,3.5326,-31.498,-37.838,-60.973,-77.06,-77.219,-109.55,-131.35,-86.331,-37.668,-40.683,-34.372,20.883,48.553,29.64,47.908,81.216,66.556,56.472,66.681,65.224,70.049,50.02,6.8062,6.4781,-17.881,-74.968,-32.693,19.904,-29.32,-40.528,-15.752,-56.405,-48.582,4.4725,-30.597,-54.313,-5.3205,-8.6824,-34.081,6.0081,37.588,16.233,-2.711,7.221,28.714,42.901,52.461,49.029,13.47,-5.8069,21.449,18.551,-20.91,-14.667,6.1173,-11.39,-10.066,7.6664,-17.398,-36.298,-19.937,-20.169,-3.5383,36.52,3.5995,-41.912,5.1104,25.849,-33.066,-39.768,-1.4702,3.5505,5.6791,6.1513,-3.6594,3.4934,0.67149,-2.093,26.971,26.945,-0.44449,12.216,36.125,36.644,11.11,-23.163,9.0689,44.533,-31.725,-66.182,19.531,26.836,-33.702,-20.189,-6.8207,-17.502,-2.2337,-29.511,-61.988,-13.817,22.009,7.7962,9.3146,3.7626,-4.4624,31.197,54.079,21.091,-2.5077,19.805,22.606,-19.778,-13.55,24.347,-31.293,-66.949,29.862,49.1,-36.049,-5.0781,47.66,4.2477,15.833,27.379,-64.997,-72.298,15.84,19.544,-2.648,-1.17,-39.015,-33.973,25.946,15.098,-25.083,-7.7524,18.793,27.055,31.79,26.043,13.816,-2.6507,-11.828,4.0727,13.476,-5.816,-17.892,-1.982,11.11,-11.561,-28.14,14.883,41.796,-3.2798,-23.917,-5.7903,-23.855,-27.607,8.2428,10.55,5.1173,15.945,-15.053,-29.958,30.335,41.275,-40.073,-60.25,13.26,40.022,-4.2965,-19.414,8.9964,33.679
-10.297,2.3287,3.0584,2.4888,9.0641,3.6828,-4.8568,-4.8391,-5.6005,-1.2372,2.9942,-6.5847,-7.748,5.2587,5.6574,-0.32042,1.7848,0.50615,-0.71409,6.4707,5.7793,-7.1676,-9.0365,6.0769,11.897,1.4431,0.056303,6.1995,-1.8896,-10.417,-4.7427,-1.9057,-4.9976,-0.24179,8.7365,7.3841,-7.206,-15.715,-5.7606,2.2489,0.47609,4.3427,7.3445,3.9856,5.6192,5.3765,-1.0405,-5.5957,-10.945,-6.7648,8.5584,6.1027,-2.9033,6.0984,3.9169,-8.1108,3.8198,10.385,-5.0692,-1.4151,11.096,-2.966,-17.281,-8.4424,-1.3569,-8.21,-6.0955,9.9227,9.2483,-5.1527,1.6808,8.6137,-8.5615,-8.6423,11.313,11.236,5.6982,7.1136,-0.4267,-1.3228,1.0106,-12.689,-12.739,4.8332,5.177,-0.88512,-2.0606,-9.9933,-6.4338,7.9503,3.8986,-4.9575,2.4253,9.3836,4.0385,-3.1649,0.67765,10.641,7.8389,-5.074,-12.4,-13.446,-10.132,-8.0607,-8.6691,4.0765,19.373,12.303,4.3594,11.141,7.1154,-7.5177,-10.377,-1.7922,6.2259,1.6001,-8.9953,-2.6162,8.2233,-1.1867,-11.736,-5.8972,0.0901,0.16466,3.0695,6.4514,2.7403,-6.9226,-11.314,-3.2705,7.533,8.5709,2.7288,2.4308,7.6085,1.7379,-14.273,-13.444,5.3779,11.675,5.2672,6.4781,2.3383,-11.287,-3.5054,13.227,0.43406,-14.146,-1.1918,3.505,-8.5038,-4.1914,6.3985,-0.16189,-8.5053,-3.88,2.0286,-1.4916,-1.4563,11.461,14.305,0.19865,-5.3965,-4.879,-8.8711,-1.4565,9.2502,5.3745,4.9794,12.321,4.384,-12.239,-10.224,3.4081,-2.4859,-16.638,-5.2432,7.9807,-1.9819,-2.302,9.3347,6.1889,0.89156,-2.6015,-7.3832,1.4132,3.784,-5.0979,6.5921,13.337,-2.2443,-1.468,0.33675,-16.009,-13.906,1.3071,7.7397,9.9483,-1.3009,-3.2208,16.867,6.718,-15.77,-1.6961,0.72801,-13.119,6.3322,17.284,-2.3912,-4.2842,0.413,-7.6809,-3.8024,3.0549,-2.1236,-5.0451,-3.4108,-0.36702,3.6682,4.054,3.2122,1.9333,0.15738,-0.30878,-2.3447,1.8905,8.7621,-1.2076,-7.9921,3.3497,1.7403,-6.0185,2.0485,0.46446,-6.8444,4.3848,8.2078,-4.99,-8.1539,-1.0728,3.1679,1.5615,-1.2951,1.3562,0.12356,-2.04,7.6168,3.3985,-14.343,-3.0119,13.322,0.25802,-2.9851,8.9794,1.6952,-7.626,-6.0717,-9.4995,-6.8595,4.6655,6.6903,3.8634,3.6959,2.9247,3.2153,-1.7225,-11.164,-6.2705,7.4533,7.5976,1.8224,3.5424,1.2389,-6.1437,-1.6799,6.7439,-0.5136,-10.567,-5.453,1.1872,-2.1581,-1.382,8.1788,7.7245,-6.2144,-8.9605,6.3207,13.446,0.37108,-12.423,-6.6235,5.5139,-0.046716,-12.439,-6.2357,3.3144,1.7283,5.3996,8.4146,3.786,7.3493,5.0898,-9.6103,-6.0034,9.0963,11.521,6.156,-4.9031,-7.1205,2.5304,-9.9123,-20.941,2.7095,10.423,-4.5696,-1.6507,-0.8594,0.15438,7.8408,-17.689,-28.929,8.9719,6.7313,-17.712,15.323,34.012,7.1752,5.3118,10.496,0.5799,7.9195,15.119,7.7132,-3.3445,-18.403,-13.705,-0.59976,-15.945,-21.09,-5.1843,-11.919,-11.768,6.6235,-3.8673,-10.946,14.956,20.84,6.1932,9.5196,13.306,5.0706,2.0737,1.7351,-3.2532,-3.7859,0.97841,-2.3649,-7.2231,3.8303,10.275,-4.4517,-8.9318,3.2047,3.6865,-3.3762,-7.741,-14.128,-11.84,-0.26562,3.4322,0.6421,2.0195,5.8739,3.4671,-1.3762,5.9618,10.9,-2.2635,-0.96128,15.873,1.3129,-21.839,-5.2767,14.588,2.3785,-10.496,-5.9089,1.2595,5.8846,7.1348,-0.24077,-10.638,-12.341,-7.3024,-3.0705,3.4107,9.7543,7.9216,7.7237,14.033,9.0399,-5.8576,-6.9421,1.8816,-3.4227,-15.018,-6.4236,9.5206,2.1536,-14.18,-12.341,-2.0399,3.5323,3.9029,-2.3567,-2.5052,10.07,14.634,6.1965,0.071824,-1.0864,2.9227,6.9437,-1.2886,-8.3186,-1.5557,-0.23027,-6.8187,-6.4285,-5.4309,-2.4585,7.0922,3.8536,-2.333,13.622,19.598,-4.8578,-18.22,-8.3945,-0.25891,2.037,-1.3319,-5.3873,-5.1418,-14.259,-13.079,14.269,12.742,-13.642,8.0522,38.182,13.111,-10.35,-0.64279,0.056484,-8.7771,-10.347,-7.252,0.0030357,1.0236,-0.13597,9.1651,8.024,-7.145,-11.676,-8.0119,0.015558,13.372,13.169,0.59661,-6.229,-5.6305,-1.1656,-4.0424,-13.444,-9.0814,-2.6339,-6.9398,0.41894,14.965,16.51,9.9033,-0.69676,-1.1114,11.776,6.8732,-6.2605,-3.9836,-7.4661,-7.6257,6.5371,0.91217,-5.2105,11.665,4.663,-18.92,-10.657,8.0129,8.0455,-4.0486,-10.626,1.5169,3.3376,-13.999,-7.5472,6.2544,-0.41966,6.6117,13.695,-3.491,-2.3408,12.758,6.3327,-2.1155,-3.5706,-1.9975,6.119,-1.0791,-15.907,-9.8457,2.26,10.893,12.456,0.088787,3.7074,8.8365,-19.955,-21.637,13.972,6.7872,-9.1334,15.198,12.537,-16.895,-10.546,2.5299,-6.7508,-8.8114,-1.7038,-1.2434,-4.7416,-6.6461,-1.328,9.8168,14.727,9.7625,8.5295,16.583,9.3799,-15.417,-12.769,14.474,12.414,-6.9442,-0.80924,5.4056,-15.02,-27.164,-12.18,0.68886,2.6303,5.4472,-2.0066,-12.497,0.12692,10.395,-2.7956,-0.96933,16.276,10.067,-5.0831,-3.6013,3.4263,4.5005,-1.3867,-1.9417,9.7565,10.566,-3.4059,-9.0163,-5.3147,3.4394,10.834,0.68871,-8.8681,-2.5777,-9.631,-22.376,-2.7717,19.911,3.391,-14.905,4.6467,20.1,-1.4046,-15.918,-4.199,-0.38368,-5.4123,-4.4804,3.6224,22.763,22.19,-8.0332,-8.4801,12.886,0.59039,-9.5766,2.9824,-3.5863,-11.692,0.18112,2.0201,-6.7397,-7.7171,1.2158,9.7999,1.9309,-0.30706,10.877,-8.9148,-29.819,-0.57114,18.112,-1.1616,-3.7812,4.759,3.2039,4.7379,4.5369,7.3312,13.014,2.2661,-3.7413,3.7134,-2.2762,-8.9365,-9.9328,-18.404,-10.312,6.3018,0.03725,-2.1373,7.7416,1.9638,-3.6919,1.9757,2.0707,1.5022,4.8295,5.9356,5.9099,4.8645,7.7956,9.1723,-6.0071,-18.14,-8.7414,1.3568,0.36303,-6.8385,-11.955,-0.23611,12.864,5.1022,-1.8013,4.1874,3.9189,-2.5996,-3.9119,1.3367,3.6095,-7.0379,-10.423,3.671,2.9944,-7.2955,2.5705,8.4217,-1.1484,0.086432,3.9183,3.2052,9.9705,9.0361,0.59476,0.47479,-6.4949,-13.726,-3.9622,-2.8094,-8.5911,0.79434,0.16105,-9.3472,1.0531,6.3142,-1.3175,9.3306,18.098,3.3015,-6.2591,-2.7391,-2.8017,-6.3201,-5.8874,1.7117,3.4688,-9.042,-11.366,2.3298,7.5148,6.1137,6.1234,0.66044,-0.23914,7.0875,5.6102,-2.6406,-0.96232,8.1796,6.1531,-4.6034,-1.5981,1.4914,-13.126,-11.035,7.6417,-0.5497,-15.158,-10.316,-8.3661,-2.8649,4.6519,-8.5556,-7.5878,16.895,15.144,0.80674,5.6913,9.9467,10.259,6.6792,-4.0684,6.8709,22.721,4.3534,-10.605,-3.2541,-10.342,-17.875,-4.0056,6.7563,1.1461,-18.032,-27.16,-2.9221,4.8691,-22.331,-6.5462,34.223,15.04,-11.103,3.4158,-3.329,-10.156,22.751,18.685,-15.694,8.4276,36.491,0.98017,-28.464,-9.9354,16.966,21.278,-2.4854,-17.351,2.6922,11.978,-3.6277,-8.5813,-12.151,-20.267,-13.588,-9.8733,-13.476,-0.91703,11.01,0.46945,-14.641,-9.6519,10.444,10.817,-2.9565,14.573,35.365,12.469,-6.1117,12.944,23.06,7.826,-3.3903,-1.8071,-4.5159,-15.315,-9.1631,9.2464,4.4547,-11.5,-20.804,-32.534,-21.214,6.1906,-3.0943,-20.776,-11.964,-9.1487,1.0785,24.486,14.901,9.7552,37.891,28.491,1.3013,25.318,38.007,-6.7862,-42.42,-37.332,-16.155,4.4706,13.469,9.2037,-7.1704,-20.467,1.7034,25.225,-6.9255,-35.522,-7.2917,4.3244,-11.545,14.558,26.91,-26.211,-39.128,7.5457,7.0181,-12.666,19.646,40.46,19.196,13.746,25.372,18.356,-11.685,-35.933,-18.134,4.5973,-14.899,-16.841,15.749,-2.9525,-48.365,-21.06,38.334,32.327,-8.3364,2.9683,31.787,-1.8849,-32.219,7.8929,21.644,-18.007,-17.131,-4.294,-24.524,-8.0787,27.211,12.234,0.5277,18.653,13.032,4.4052,12.421,-13.506,-35.411,13.061,37.452,-26.342,-52.737,-3.5564,11.885,-0.42992,11.768,11.726,3.6038,6.5426,-1.3374,10.752,33.328,-0.13878,-37.123,-16.852,2.676,-7.9917,-17.115,-4.1931,16.972,8.429,-2.0643,11.469,-9.1237,-24.705,18.496,17.523,-13.98,19.307,20.467,-28.216,-14.619,9.1701,6.0539,22.526,11.538,-2.9807,20.062,-16.563,-69.261,-22.672,20.474,-3.074,-4.8967,9.8321,-2.7362,-8.7524,14.98,33.966,15.18,0.78244,23.051,20.018,-14.941,-18.673,0.090672,7.0019,-13.59,-47.432,-33.239,2.7286,-4.6697,-3.6597,21.863,22.371,12.238,-2.4198,-1.3411,27.943,-5.4634,-53.362,7.2966,46.36,0.98151,12.396,39.227,5.294,-19.733,-28.394,-14.334,14.269,-19.872,-36.046,12.751,-8.9606,-43.244,9.7984,29.652,7.1627,9.3132,-7.5545,-4.0907,26.962,0.19732,-17.872,9.2739,-2.8955,-7.8886,25.94,19.872,0.79541,8.1591,4.4726,5.8226,14.302,-14.899,-44.595,-19.479,14.045,4.2145,-4.3023,9.4013,-14.945,-44.466,-7.3999,18.37,-8.4112,-4.5855,15.567,7.8518,12.669,20.541,5.809,-4.2238,-6.8728,-1.5725,13.685,14.799,12.662,16.689,6.4056,-5.1863,-5.5021,0.33205,1.1883,-28.488,-45.689,-10.013,3.0712,-10.492,9.3771,1.3499,-33.979,-10.484,11.685,-8.227,7.6725,34.077,17.969,8.6827,23.522,28.789,15.452,-4.0611,-11.388,-10.37,-3.8687,12.644,1.9189,-27.933,-10.671,16.108,-12.097,-42.357,-31.31,-10.652,-2.143,-4.5044,0.34857,18.161,16.203,0.94139,18.042,44.549,26.337,-7.4686,-2.2108,9.5432,-11.218,-16.394,9.0336,5.1909,-24.644,-31.174,-15.479,-0.76636,0.058715,3.6522,26.456,27.712,6.9591,6.5937,-15.484,-49.347,-11.208,20.867,-20.402,-18.321,25.584,7.4743,-15.539,13.872,39.58,31.895,-1.0675,-22.909,-4.9284,9.7259,11.044,16.053,-11.379,-33.415,-7.0265,-16.23,-45.859,-5.2873,24.069,-2.6312,9.8836,33.84,2.4231,-19.637,4.0659,23.262,-0.37955,-34.595,-2.5978,46.352,10.213,-14.867,29.301,1.5692,-59.528,-9.9896,37.103,-5.4714,-18.707,7.2434,-0.22759,-11.509,-1.7954,11.266,11.633,-13.864,-26.063,3.2997,22.604,8.8592,-9.2935,-13.982,6.3371,26.083,10.616,-7.1175,-1.3191,-3.9303,-23.275,-23.756,9.8771,29.578,2.1542,-12.703,11.19,17.309,4.9288,0.26474,-1.0924,14.609,13.056,-38.018,-53.157,-9.6545,5.6748,-3.9272,5.5385,19.528,13.467,-18.07,-17.822,31.799,28.515,-14.834,-2.2855,14.603,12.045,20.999,-10.015,-26.488,18.186,-0.97473,-38.319,6.2787,0.92125,-41.484,5.3763,34.114,2.3103,-1.3527,-7.5813,-11.547,5.119,-5.2536,15.278,45.671,-14.004,-38.028,17.17,7.507,-9.4815,7.4196,-31.498,-30.741,27.594,6.4101,-7.995,40.096,23.496,-17.046,-10.178,-4.2985,10.234,7.16,-29.162,-0.2437,36.804,-10.023,-21.047,11.169,-19.302,-35.009,1.7465,4.1975,-3.0778,14.475,14.059,3.0588,11.551,32.464,25.914,-25.677,-40.479,4.3096,0.76539,-33.551,-7.1652,19.866,4.5396,1.3766,9.4045,9.2685,-0.3501,-8.9572,26.415,45.286,-23.193,-42.866,19.577,-6.829,-57.425,3.6937,32.795,-14.777,1.6941,27.465,-15.385,-28.264,3.603,9.9635,6.5624,13.197,12.738,4.6263,-1.1864,4.3113,5.7427,-10.033,-13.743,-3.5276,-4.1688,-1.1765,5.9568,-0.93348,-5.3378,2.4918,11.82,9.2086,-7.1735,-0.074068,15.596,-16.744,-28.438,16.862,1.8291,-42.537,-0.98037,28.044,-8.0957,3.2279,31.97,8.83,4.3563,16.202,-17.356,-39.543,-6.8497,17.363,1.7335,-5.2567,16.025,15.157,-14.187,-8.92,18.173,1.1846,-24.542,0.39787,27.008,1.8132,-27.6,-11.684,16.146,9.9699,-24.624,-38.173,2.3276,27.932,-13.178,-14.043,49.095,40.165,-10.113,1.9735,10.464,-0.48693,7.2878,-21.035,-39.814,1.6141,0.19765,-21.254,11.566,13.515,-6.3928,8.0648,-11.074,-24.77,17.726,16.526,-9.6025,14.19,24.932,8.7122,-1.6514,-20.168,-20.54,-0.66051,9.6124,17.813,0.0020032,-21.435,9.6443,19.022,-14.406,-10.411,-11.214,-28.706,-2.9897,-1.8207,-22.167,26.07,55.495,13.672,1.1435,11.206,-2.4754,-7.3438,-5.9884,-5.591,5.8027,0.78113,-24.747,-33.937,-10.202,20.577,15.228,-11.4,-15.47,-3.6328,10.237,7.6887,-13.851,9.6754,51.486,21.346,-6.7407,9.2535,-27.977,-55.083,9.7322,32.064,-15.963,-5.9895,32.535,19.028,-7.0651,-22.303,-35.643,-18.654,13.674,10.237,-5.9388,2.8104,9.4572,1.4533,-9.8557,-17.909,16.723,56.769,8.0288,-39.456,3.2934,16.139,-8.048,13.082,-3.2995,-36.682,8.6233,16.523,-33.423,-13.936,18.088,16.609,29.786,0.16155,-42.24,-5.0262,20.357,-14.091,-26.997,-13.554,7.4329,17.78,-4.2521,3.3411,39.501,25.48,-3.338,-9.4705,-11.843,12.159,22.219,-12.051,-6.2298,9.3173,-40.982,-55.336,1.1358,16.245,-7.8351,-4.1324,15.56,24.477,11.032,-10.438,-2.0091,22.091,21.015,3.8971,-3.6759,-0.32365,0.509,-13.008,-26.116,-10.118,19.232,9.536,-31.097,-29.867,13.457,20.709,-7.547,-5.5196,16.303,13.013,2.3965,3.3269,-3.7671,-9.6867,6.7247,21.149,13.902,-2.0343,-16.717,-14.719,3.1298,6.3198,3.1338,2.4702,-26.312,-43.458,-2.2576,23.412,-1.3401,-7.7086,12.595,19.962,11.494,-0.62757,-0.67718,3.4377,-1.8896,8.5362,23.594,7.7038,-9.4002,-8.2452,-6.94,-1.2913,-4.2757,-23.898,-30.105,-19.509,0.018011,15.986,4.5345,3.1151,25.454,16.837,9.8454,27.947,-1.6881,-35.292,-3.2201,11.77,-11.032,-7.4061,-3.1249,-11.745,0.87767,12.68,1.7854,-14.445,-19.104,-1.9914,24.484,29.336,-2.6641,-25.217,20.063,47.393,-27.095,-61.205,9.2948,26.453,-10.891,2.1857,7.5469,-15.728,-6.2559,-2.061,-13.744,12.605,35.767,10.243,-11.577,-3.2623,-2.2778,-8.2367,3.2378,2.1175,-20.65,-14.054,7.7968,5.4464,6.9767,2.3264,-18.822,4.9213,40.722,17.325,-8.6773,-5.4469,-7.301,-3.2983,-2.6189,-10.633,2.9716,-0.74281,-30.665,-16.42,13.126,1.6084,-4.9006,12.534,17.9,7.6645,-4.0033,-3.5088,6.0334,2.7086,-3.4764,7.1663,14.411,3.8446,2.7487,11.429,-18.043,-50.465,-0.88349,47.671,-3.8184,-39.943,-0.5442,11.385,0.83832,6.4917,-19.771,-38.522,3.8092,35.771,21.088,4.143,0.46576,6.2371,19.86,23.147,-2.0255,-31.935,-21.657,7.3768,8.4378,-0.43224,1.2254,8.6562,8.4456,-28.377,-49.69,-1.6699,15.267,-21.177,-1.1766,34.777,24.948,18.703,-6.6159,-36.533,2.7164,31.109,9.5912,13.878,-0.88986,-35.791,0.49941,27.959,-15.643,-23.65,6.8757,3.8842,-6.8311,-5.4453,-7.4158,-4.4686,4.8326,8.34,-1.401,-3.876,22.462,28.344,-15.549,-37.205,-5.4548,24.149,16.496,-19.182,-30.002,17.164,40.131,-10.611,-32.974,8.1084,13.782,-16.304,-4.4505,19.304,12.083,14.111,18.83,-18.916,-50.696,-21.08,10.883,-5.5095,-6.547,37.608,40.177,-15.86,-34.624,-1.6136,24.524,24.676,-8.4879,-34.768,-1.5013,20.347,-8.8387,-4.7947,17.272,-5.3201,-21.082,-7.0323,5.3523,13.266,0.82249,-11.786,9.5895,18.048,4.7424,4.3465,-9.2589,-19.286,1.2349,-6.8145,-29.906,-2.6382,25.777,9.6732,-1.9385,12.804,14.103,-1.2365,14.381,28.057,-21.29,-41.804,12.763,10.759,-40.02,-19.359,23.553,15.923,-15.053,-29.24,6.0085,33.127,-9.9618,-25.347,26.71,46.413,14.967,-27.879,-40.39,0.56797,16.109,-4.2619,19.878,36.855,12.632,0.41799,-31.719,-52.198,-6.5955,0.75789,-21.882,16.036,27.054,-2.9473,0.81364,-10.499,-12.03,30.547,10.541,-27.571,12.301,26.995,-1.6563,2.4188,-10.234,-23.824,22.512,28.766,-38.786,-49.761,7.894,30.362,15.477,6.7411,-14.039,-26.144,12.113,32.725,1.9081,1.4045,13.4,-21.894,-32.76,4.9193,18.188,3.6967,-11.457,-12.457,10.48,12.11,-10.192,2.7357,19.083,-10.1,-36.051,-17.523,13.782,10.018,-7.6326,13.778,26.349,-2.933,-0.49403,17.455,4.8448,10.17,0.81237,-34.696,3.0152,35.264,-27.93,-42.372,9.8873,8.6269,-3.7352,8.0478,8.7211,10.724,-13.417,-44.925,-14.048,9.2215,-8.0631,6.8355,22.752,23.171,31.613,-3.8533,-28.387,15.713,17.078,-6.8889,26.96,20.122,-33.216,-31.337,-8.6049,-0.0032926,-3.7635,-29.526,-14.129,27.237,7.5657,-14.12,7.2072,13.655,6.4681,2.985,16.924,38.607,-12.619,-70.759,-19.23,19.572,-7.5091,13.402,30.958,1.9326,-2.3323,-18.722,-35.483,12.686,37.221,8.8087,-2.174,-4.6984,13.837,33.247,-17.111,-42.108,8.9806,3.8753,-33.776,1.4239,34.784,8.7139,-15.682,-12.666,-10.267,-18.681,-8.7969,14.258,4.8712,-5.5259,17.358,18.323,-6.6683,-8.3581,8.0476,21.846,13.011,-16.583,-23.453,-9.4136,6.3498,30.516,26.865,-9.6148,-20.613,-5.2265,4.5541,-5.168,-24.801,-10.896,8.9561,-7.1105,4.2564,23.652,-15.935,-29.594,2.9473,8.1117,17.973,17.171,-20.836,-2.2082,34.613,-0.74865,-21.917,4.9932,27.743,27.674,-28.718,-57.217,11.552,17.216,-36.722,4.5627,29.772,-9.8512,17.722,36.867,3.5712,14.398,-6.3684,-62.719,-30.595,5.2633,-8.0872,12.323,5.9832,-27.071,21.085,56.604,-2.1167,-33.674,1.66,17.777,-10.92,-22.193,20.137,30.963,-19.405,-16.911,25.164,13.68,-4.8057,-16.671,-38.227,-3.1887,24.86,-20.458,-7.1646,48.626,8.4464,-35.673,-2.3431,19.665,11.696,-3.7232,-19.776,-2.2111,21.125,21.652,13.142,-31.433,-59.53,-6.2972,19.538,-10.022,11.351,38.27,9.5843,-11.789,-11.563,-4.3638,6.1148,-3.9481,-0.63781,22.279,2.5621,-23.812,-0.71655,24.675,9.361,-29.795,-27.42,22.274,8.7542,-37.502,6.1985,38.839,-0.8755,17.836,45.903,-9.0587,-30.6,-8.409,-36.634,-48.12,-4.4593,12.83,7.9771,22.492,21.145,-8.8824,-19.855,1.4052,21.502,23.173,2.7623,-26.118,-18.13,21.853,36.658,12.977,-29.135,-40.592,11.034,34.348,-5.3862,3.097,28.834,-15.243,-28.68,10.762,-3.6538,-25.151,3.5701,4.96,-27.271,-19.618,17.219,13.599,-24.999,-26.639,1.0543,11.294,25.55,27.613,-2.4339,4.0506,31.357,15.717,5.7796,10.398,-7.6202,-14.76,-12.064,-7.629,17.825,15.334,-8.3039,-2.5512,-23.731,-54.102,-13.979,21.534,0.74898,-16.425,-11.485,17.031,25.538,-30.635,-45.801,13.76,29.167,16.955,29.996,10.929,-10.891,17.784,35.248,15.618,-5.6277,-17.791,-10.795,9.9244,13.707,3.4382,3.5311,-6.7528,-45.621,-45.66,1.9351,-13.23,-53,-6.8091,23.749,-5.2713,24.877,51.268,-2.7094,-17.162,21.107,27.277,12.865,-8.5512,-10.192,23.474,11.917,-27.714,-4.1161,23.004,-5.7232,-31.26,-17.669,11.07,4.605,-27.449,-7.6196,28.21,7.1268,-14.56,-9.3738,-4.3275,13.501,10.318,-16.03,2.8258,28.298,19.964,18.871,-9.7884,-53.034,-18.92,16.575,-22.316,-25.905,24.308,25.606,-6.0604,0.24292,25.194,9.8794,-31.93,-18.861,33.658,22.591,-19.593,1.5773,31.133,8.389,-10.868,-11.01,-12.173,14.685,28.569,-26.777,-51.65,-1.5812,-3.6204,-42.194,1.2537,40.808,-2.9886,-14.768,26.714,22.826,-7.5106,-8.9279,-2.9538,2.0879,13.781,10.455,-5.3609,-1.3702,11.867,4.3107,1.7603,14.649,-3.3851,-22.174,11.864,24.345,-17.157,-24.98,-6.7327,-12.07,0.044701,12.105,-25.195,-43.363,-3.7697,19.851,7.3926,9.56,24.231,14.498,2.0214,12.879,1.476,-26.582,1.6484,36.261,2.4514,-22.211,-1.1418,-1.1304,-4.8832,17.131,18.3,-4.9134,-18.88,-19.425,-12.758,-9.6762,-5.5811,2.6818,-5.2035,-6.2003,17.211,15.93,-0.91104,9.06,7.9934,-10.776,-3.848,7.4072,-4.8347,-15.391,4.4103,36.272,21.752,-13.395,-0.55076,-3.8447,-42.68,-11.005,30.464,-13.013,-30.487,6.5139,7.042,0.13516,5.6442,-0.99274,13.205,16.551,-17.19,-12.211,24.524,37.334,29.331,-16.332,-54.698,-15.072,20.827,3.1068,-1.659,-2.1119,-6.0314,8.9172,-12.242,-41.47,-1.819,20.882,-16.029,-10.842,27.237,20.483,-4.3011,-4.7375,8.1114,9.6705,-1.0422,5.3164,19.114,2.2153,-15.933,4.8653,32.501,23.614,-18.624,-47.409,-24.658,10.534,3.3037,-21.965,-22.561,-5.1707,11.879,13.485,-6.948,-13.755,12.191,22.066,6.0807,9.5509,16.099,5.5133,4.0558,-14.945,-44.337,-5.6806,41.573,10.271,-8.4183,23.574,22.736,-1.6531,-20.282,-40.845,-22.698,11.935,-0.34106,-11.902,11.929,20.234,2.8761,-6.9686,1.9976,1.2213,-21.04,-9.5532,20.503,-5.3279,-20.562,22.789,24.59,-9.8537,-7.0355,-0.90676,6.3347,25.344,1.7597,-29.322,-9.673,8.7886,-1.5047,-6.9044,6.5376,21.843,4.493,-16.175,8.8346,14.522,-28.045,-28.872,12.023,17.771,-5.4169,-14.003,-4.0591,0.49023,2.1118,15.393,1.8986,-25.38,-0.55451,14.89,-14.435,4.0435,31.798,6.8642,10.545,15.404,-30.93,-23.903,26.831,21.582,-6.2628,-33.637,-52.585,-10.697,29.777,12.293,14.259,33.647,11.184,-8.8449,-0.6232,-0.75396,-1.2559,3.1435,-22.033,-44.82,-3.7576,32.988,-6.6084,-26.725,15.019,21.411,-3.9032,-8.8135,-9.8849,5.8013,18.835,-0.48127,12.428,34.149,4.9177,-0.72564,2.3672,-38.402,-29.605,12.052,9.9098,13.366,-9.1407,-50.77,3.5344,42.689,-17.696,-15.739,33.335,22.894,5.0276,-27.73,-51.213,10.726,38.763,-3.976,4.1546,5.2672,-29.048,1.902,30.178,-1.6502,-8.2079,3.8265,4.0522,14.312,6.3996,-19.317,-23.544,-5.9684,20.326,14.08,-29.5,-27.656,19.032,27.134,1.6618,-7.1561,6.7847,15.363,-3.2683,-15.57,2.0762,9.974,-3.8874,-10.911,-1.9028,6.2679,-8.0758,-18.711,-1.9189,-2.9664,-14.67,4.8189,8.9064,-5.1641,14.669,28.087,12.232,6.5466,7.0952,7.4963,-3.1553,-25.321,-1.5498,23.654,-26.307,-48.298,2.4004,25.848,21.889,3.8006,-33.485,-10.925,26.889,-6.2231,-4.4597,32.726,-15.341,-48.462,9.8527,22.761,-19.019,-8.3249,26.773,29.527,12.959,-16.15,-34.318,-3.6082,26.563,-2.1492,-17.472,21.564,26.049,4.4479,16.594,-9.302,-52.135,-6.4423,29.467,-12.675,-16.994,3.5259,-16.091,-9.2128,16.515,4.5181,-5.1392,0.10632,-0.1481,2.3514,1.2508,10.139,24.303,-0.015453,-20.368,-3.0751,-8.86,-18.106,8.1169,11.785,2.6693,20.044,14.576,-0.81614,17.159,13.725,-16.573,-16.43,-1.0936,8.9118,5.6929,-34.533,-52.636,-8.4876,6.2337,-15.312,10.945,37.51,12.641,-7.6673,-10.004,2.0445,28.637,12.779,-17.094,-0.49991,-1.0022,-6.7143,33.414,23.236,-19.736,-3.3334,-17.755,-44.155,14.127,26.782,-16.643,15.158,23.921,-22.304,-9.8536,2.2285,-2.8768,23.188,1.7997,-21.369,7.8331,-26.889,-55.382,11.759,26.684,-6.3969,2.534,-0.65147,15.21,39.783,-9.1839,-10.395,48.858,15.562,-17.96,11.064,-20.101,-49.22,-3.2427,21.718,11.407,-0.97148,-8.0272,7.207,-6.3121,-38.07,-3.0124,30.491,-3.4429,-21.721,-0.84149,10.859,0.33009,-14.142,3.5826,24.607,3.0506,-7.8153,13.638,23.159,15.544,-14.905,-36.151,-2.8303,9.4924,-19.744,-0.16552,25.05,-1.8448,-2.7141,25.571,14.243,-17.781,-28.351,-12.748,13.796,21.79,-4.1677,-35.705,-16.731,26.617,6.5702,-22.795,15.52,24.518,-20.585,-17.779,8.7207,11.329,19.279,12.648,-8.1528,-7.9448,-7.0294,1.1243,14.012,-19.508,-43.145,0.28879,20.78,0.77577,21.385,36.244,-8.7941,-17.139,29.694,16.455,-24.041,-0.98348,-5.4933,-50.188,-9.0428,30.586,-29.148,-35.436,31.329,21.642,-23.672,-5.489,35.11,31.841,-9.7177,-15.561,15.96,8.4641,2.6968,21.608,-16.473,-45.581,4.1689,28.609,6.0624,-19.321,-45.255,-16.715,31.586,16.571,5.6076,11.52,-5.2726,9.1684,8.1818,-28.003,11.545,41.773,-18.11,-26.449,6.5085,-2.3737,-0.59591,-14.994,-35.567,9.3773,20.473,-11.384,8.5735,-1.1743,-20.702,30.342,11.932,-39.123,31.249,53.514,-29.113,-17.304,28.698,-5.6375,-13.793,18.333,24.684,12.267,-28.491,-51.227,-0.50743,25.476,-17.253,-29.332,-3.0602,8.1015,11.135,-8.0068,-44.581,-24.873,36.831,45.612,12.43,4.6846,6.9475,-3.7251,5.2079,27.884,17.159,-10.948,-8.8564,2.7517,-4.409,-1.5823,-0.73015,-35.242,-37.471,19.387,24.967,-24.998,-19.208,16.194,9.3572,1.3551,5.4244,-14.907,-23.9,9.387,28.807,0.59278,-20.802,0.10917,17.437,3.8705,-9.5417,-3.0007,22.514,37.859,13.892,3.0564,15.021,-30.675,-65.229,3.8552,38.776,-12.732,-13.444,11.835,-4.9952,1.3305,1.5501,-40.4,-31.879,10.457,12.649,7.8498,-6.7499,-21.226,32.208,67.808,2.0709,-36.733,5.9519,24.958,7.0271,-2.2312,-12.672,-19.818,-7.343,2.9382,-5.8609,-6.655,17.174,18.495,-14.623,-12.201,15.53,1.4583,-8.2117,13.316,-11.188,-54.095,-28.232,9.5561,-3.9738,-4.4798,34.414,47.44,30.452,21.669,-7.8918,-47.271,-21.612,19.689,1.8924,-5.5714,12.26,1.5738,11.126,20.787,-36.647,-50.331,12.968,16.818,-12.685,7.5902,20.668,8.3153,-3.7075,-19.113,-11.229,11.109,10.874,-4.5743,-26.953,-15.748,33.38,20.987,-23.421,-0.44328,15.617,-2.2143,14.053,13.853,-9.7138,-4.6564,-16.636,-20.707,21.322,19.614,-7.7801,10.002,9.0312,-13.496,-8.7471,-11.796,-12.443,12.282,17.187,-3.7552,-28.597,-37.456,-6.8807,21.852,12.262,-1.7642,2.0871,23.182,35.049,12.451,-1.3442,2.6376,-7.9609,-2.0067,8.385,-15.241,-23.743,-5.9077,9.9753,17.302,-22.937,-55.026,-1.7458,27.741,-4.1041,-3.4064,1.5647,3.0644,27.119,5.2173,-13.629,23.826,16.726,-2.7765,15.383,-10.332,-22.997,4.8249,-18.767,-13.42,30.486,-3.772,-19.093,10.461,-21.325,-9.6342,48.887,12.903,-13.955,11.987,-27.839,-45.39,14.342,27.447,0.27505,-14.709,-23.065,4.8072,27.197,6.2682,15.983,30.332,-16.767,-38.652,4.1431,30.247,17.351,-19.092,-55.174,-29.772,26.957,27.683,9.1512,16.004,6.7425,2.5447,16.39,-12.319,-31.89,8.302,16.419,-3.7498,-1.1159,-35.382,-56.949,-0.24466,15.978,-12.156,22.884,51.709,16.994,-4.8702,6.6065,11.897,-9.3004,-23.318,4.3167,16.893,4.3981,9.0582,-20.384,-46.812,4.3872,20.708,-1.9611,31.081,12.908,-48.306,-18.38,7.0494,-8.7973,20.484,17.781,-16.405,4.1499,11.611,-3.4188,-0.073772,-14.354,-2.8154,21.135,-24.441,-39.675,16.97,27.475,4.6762,-1.3079,-3.8271,12.745,22.912,16.806,17.55,-19.132,-45.268,12.785,38.463,-12.992,-24.386,10.793,20.221,-14.404,-48.07,-22.457,9.8413,-7.6927,-17.165,-7.342,-0.79765,15.589,15.535,11.608,24.375,13.629,15.742,28.013,-16.851,-25.017,18.865,-2.8474,-6.1797,31.005,-14.442,-37.642,10.15,-9.6458,-37.031,-4.3355,14.156,21.584,2.1557,-22.921,25.589,23.641,-48.489,-5.559,40.287,-34.335,-40.513,22.197,8.6528,-12.896,8.7779,26.143,19.333,-9.2269,2.9624,43.317,15.84,-8.8091,17.567,-18.674,-65.081,-10.658,30.713,-17.694,-39.225,18.59,41.605,-22.785,-43.265,20.804,32.653,-6.1782,-3.7703,6.0566,11.725,20.763,-13.081,-30.844,9.5683,19.284,5.392,5.0967,-30.579,-46.461,6.7768,24.748,-3.3079,3.387,11.757,-5.4274,-2.7205,10.554,9.6044,10.659,12.548,11.836,13.084,-4.3243,-21.327,4.2167,15.067,-28.498,-33.725,11.344,10.424,-13.766,-8.6524,-18.379,-33.889,-11.579,10.952,11.172,16.685,27.783,22.948,-3.2711,-18.403,3.3522,24.004,15.381,2.6917,2.1154,7.8763,3.761,-8.6271,-3.8615,0.85558,-3.7765,7.4137,-12.758,-56.373,-15.099,38.997,-9.2387,-41.145,4.1713,21.82,7.2437,-2.2313,-11.018,2.615,14.83,3.2611,5.3185,3.6928,-6.936,12.944,19.029,-7.1112,-8.2075,2.7093,7.64,18.226,7.041,-4.0828,7.7124,-3.4009,-8.197,15.292,-9.9967,-49.109,-23.938,2.7895,1.3113,1.8492,-18.092,-23.944,17.101,26.335,-3.6684,-5.0975,11.367,27.338,30.952,1.1976,-4.8504,15.514,-22.53,-50.741,6.6578,30.034,-6.9456,-1.1964,16.199,4.1589,5.1078,1.5387,-11.472,1.1109,6.0789,-12.044,-16.787,-4.7898,5.1905,-16.035,-41.862,4.7238,49.874,-5.1645,-39.398,16.604,37.769,0.80425,-10.207,8.1746,12.879,-5.0646,-6.1855,14.166,2.3928,-13.993,5.8445,7.8763,-3.7692,1.7112,-10.148,-9.7417,13.372,2.9642,6.3427,25.138,-23.582,-58.356,-17.861,1.8841,1.0644,13.509,3.6553,-0.18152,19.607,32.272,28.101,-16.61,-47.166,2.5147,29.075,-0.81222,1.7358,-0.079377,-16.223,4.0428,1.7192,-6.3601,21.178,-7.6954,-40.857,13.905,28.439,-18.652,-14.177,4.1746,10.265,32.212,16.175,-27.33,-31.67,-6.6251,17.441,5.159,-33.363,-24.043,11.549,19.144,28.956,25.529,-12.612,-25.586,-7.1245,3.7985,7.4382,7.9715,17.509,23.977,2.6363,-0.085156,10.704,-30.148,-52.684,-5.4821,11.876,-6.625,1.6307,-5.8228,-27.083,-4.0383,22.415,17.403,20.584,26.744,8.0585,-7.2833,0.65225,-4.0052,-32.248,-28.42,16.421,29.862,7.6178,2.7212,-13.258,-44.819,-8.6812,57.507,33.316,-31.127,-25.612,14.091,21.608,1.7496,-23.34,-25.89,-2.5765,8.4329,1.918,-0.46826,-0.094159,7.3137,13.374,-7.95,-22.883,-0.16937,6.3518,-6.6642,23.141,44.311,-3.2318,-23.337,11.438,-6.3888,-40.934,-6.2543,17.35,-1.5068,4.5848,5.4893,-7.1774,19.839,35.58,3.7812,-22.754,-29.725,-13.243,6.2016,-19.107,-28.597,10.509,14.926,2.4774,14.73,3.9071,-4.6653,5.6446,-6.1213,7.9207,36.387,8.6152,-6.9959,3.5861,-28.04,-33.975,9.5556,19.284,6.6435,-1.1416,-3.3259,13.779,0.34307,-31.713,-4.026,21.555,-2.3899,-9.6602,-7.6983,-6.2375,15.521,4.669,-14.206,19.5,16.773,-41.632,-37.123,11.836,14.472,2.7247,10.451,1.3156,-9.5463,15.925,32.613,15.125,11.474,12.699,2.783,10.43,-11.95,-55.132,-11.983,29.748,-35.049,-59.177,0.51503,12.233,-4.8463,3.1166,4.3805,12.356,26.462,16.777,2.3088,-3.8811,-2.5079,-1.1321,-10.77,4.6497,34.837,19.232,-5.0591,1.6685,7.5642,5.542,-20.206,-50.547,-14.236,25.158,-8.71,-27.519,0.65104,8.2413,-4.1511,-10.386,1.2748,22.476,16.791,-0.15281,-1.526,3.6463,20.732,18.811,-9.0919,-0.00481,6.8931,-22.438,-9.0798,3.0802,-34.047,-18.115,22.821,6.7828,-1.1403,6.214,1.1412,14.384,7.0922,-19.362,-7.7,4.3349,9.969,21.236,-5.1496,-15.087,9.2028,-11.485,-13.815,27.098,11.335,-3.4254,13.178,-33.211,-59.891,-0.052966,27.458,11.494,5.2078,-9.3501,-1.2615,31.117,24.767,-6.0843,-19.95,-11.637,8.4712,9.1174,-5.6158,-10.629,-11.941,3.165,28.162,21.106,-0.63629,-8.3736,-8.6503,-2.0589,-5.9091,-12.486,-2.5179,-24.209,-50.068,-1.9834,36.118,12.812,15.621,21.038,-4.5207,8.6872,23.91,0.50393,7.7337,12.39,-31.049,-35.677,1.1854,3.0744,-4.3526,6.943,6.042,-4.4163,-6.5674,-3.068,3.508,7.9774,5.4826,-1.6402,-8.1314,-6.4101,3.2041,8.323,-0.5551,-9.4158,4.1865,17.494,-0.49455,-14.111,-1.5722,-1.8235,-7.3749,6.9231,5.0742,-10.528,2.9627,21.528,21.301,14.105,-20.643,-54.368,-15.86,34.89,15.121,-8.2269,1.2905,-15.589,-24.925,16.645,31.868,4.1669,3.8272,9.202,-16.331,-20.055,8.089,12.472,-3.1086,-1.838,0.021113,-16.281,-21.125,-5.1482,0.40814,2.5891,21.325,25.568,9.2872,8.142,10.992,-2.0881,-12.84,-17.617,-18.563,-11.31,-6.5993,3.5784,21.371,14.03,-9.942,-17.227,-9.1118,12.875,20.636,-14.755,-26.232,15.804,25.495,-2.8636,-4.3592,4.6137,0.38061,-3.4091,-8.0607,-2.6768,11.26,4.825,-6.4384,1.2707,8.5182,4.3389,-6.1057,-14.547,-8.9948,-1.8683,-3.0518,2.9564,12.848,12.646,1.5562,-15.152,-17.074,-2.652,1.1333,-0.73987,2.7999,-1.4234,-1.6885,8.1916,7.2567,5.699,12.091,8.2307,7.0003,17.476,10.036,-12.182,-15.389,-7.2896,-15.41,-24.771,-11.302,-0.50201,-10.483,-9.0797,7.1606,12.86,15.511,12.946,-3.0172,-2.7919,13.277,12.655,3.847,-0.5562,-8.2956,-11.279,-4.9911,0.52413,-0.55064,-5.3935,-1.0068,10.954,14.718,11.043,-1.0134,-14.142,-6.1801,-0.40711,-15.508,-11.925,5.1395,0.56209,-2.1523,4.7082,0.44136,-1.2451,2.9406,3.6542,4.8632,-1.9925,-5.5499,6.8674,4.578,-5.3506,4.841,5.0371,-7.6735,-5.9792,-6.0635,-1.4345,18.671,16.061,2.9818,8.2082,-6.1703,-27.007,-4.5483,20.261,9.5106,-9.7309,-18.053,1.0896,18.831,-26.031,-58.264,1.9379,36.361,-1.0801,4.7281,22.065,-10.136,0.30805,32.241,2.055,-6.8539,15.45,-17.202,-32.354,10.093,15.197,-2.0926,8.5315,6.6477,-0.48026,12.046,6.6886,-17.114,-17.945,0.94005,1.1401,-15.041,-6.2944,7.5321,-11.963,-19.805,0.22009,1.0702,-7.7395,-0.16267,20.933,37.978,12.344,-14.831,10.417,8.7442,-20.804,3.8959,3.3401,-38.002,-3.9537,37.176,11.92,4.7713,7.0599,-2.0761,16.761,-2.9601,-52.791,-22.713,21.394,0.7376,-9.9173,2.0498,-10.266,-18.459,0.31841,9.7644,-5.9842,-2.0117,29.254,19.849,-19.823,-11.761,22.627,23.758,-0.66802,-11.113,10.775,21.095,-3.3178,-11.815,-8.775,-15.974,-2.8243,6.9147,4.9268,15.628,-11.74,-38.228,5.3151,15.278,-9.1511,15.594,-9.3101,-60.17,-9.5509,28.901,5.5654,17.852,19.028,0.65126,4.6825,-13.894,1.4788,44.487,-9.2938,-45.191,16.629,22.355,3.4386,26.463,-7.6886,-36.888,6.7823,10.704,-17.313,-7.0962,9.3225,13.428,-9.2152,-33.095,-0.058546,18.145,-18.85,-22.922,-0.40905,5.1326,9.1438,-3.3071,-11.866,6.7727,10.692,18.756,34.62,1.902,-22.768,4.2804,14.749,7.9049,4.4152,-4.7249,9.0108,7.945,-29.257,-10.486,21.088,-31.53,-51.404,18.893,32.31,-23.556,-19.138,29.742,27.877,4.2074,3.9126,-20.859,-45.751,-5.6843,17.017,-11.264,8.6404,35.109,-0.42193,-14.791,0.95102,0.86355,13.557,16.084,1.7656,9.4233,0.83067,2.7252,39.24,-2.7875,-56.729,-0.3685,19.594,-15.811,9.4495,-17.636,-73.022,-5.4081,40.06,14.64,41.334,6.143,-71.28,-7.9081,38.236,-34.546,-34.417,18.874,12.841,2.6388,2.4039,16.652,48.143,28.082,9.2904,36.34,5.5513,-38.408,-6.6846,7.6282,-11.416,-9.6371,-24.412,-26.628,2.9766,-20.3,-54.335,-14.639,16.178,-10.063,-6.6547,36.766,34.187,-3.2801,9.8418,39.271,16.533,-2.8534,2.1075,-14.086,-12.394,9.5742,-5.584,-10.38,14.39,3.3565,-15.46,-4.9372,3.2643,13.694,10.962,-27.155,-33.517,2.844,8.8193,-3.3637,3.7905,7.2377,5.486,6.0755,-1.0508,5.6295,14.787,-25.586,-57.351,-0.99476,43.975,-3.521,-28.813,18.543,39.403,11.988,-4.9187,11.516,29.709,-1.1967,-37.103,-13.227,3.145,-5.8277,12.962,-4.653,-36.563,22.206,50.971,-24.492,-50.393,-10.771,16.288,30.78,-10.427,-55.816,0.44418,40.279,-3.2478,-3.1836,18.669,-2.7858,2.9612,14.89,-10.738,4.8307,39.606,0.25107,-43.187,-18.05,-2.276,-10.078,28.543,48.854,-6.6841,-21.259,17.236,-12.811,-51.971,-6.2289,22.524,-18.844,-30.831,12.075,28.057,4.7714,10.998,20.682,-20.8,-21.053,31.396,11.396,-17.598,15.204,-2.7203,-28.107,15.524,12.924,-7.7521,24.872,-3.9181,-50.64,-3.4559,28.11,4.4789,-9.4272,-25.378,-9.2967,29.51,13.564,5.665,24.483,-15.907,-45.43,-2.7031,20.114,2.3688,-5.7036,3.3765,9.5963,-10.079,-15.475,15.995,7.773,-21.338,11.694,45.06,20.754,-8.3068,-12.048,-4.5332,-18.419,-44.017,-12.77,29.509,-2.6241,-25.938,12.991,24.904,-2.5577,-11.124,-1.436,-0.78683,-13.385,-4.1443,27.459,20.67,-2.1232,11.206,14.277,3.3761,10.163,-4.1646,-7.9833,24.107,-13.562,-76.879,-25.37,32.658,-6.8074,-20.865,21.388,29.525,6.1711,-19.763,-27.453,4.3517,18.913,-2.7537,9.1128,32.031,10.378,-7.788,-3.9801,-17.697,-24.734,0.49575,10.054,-15.493,-12.282,34.005,32.472,-17.546,-3.5577,47.716,29.258,-17.371,-22.121,-7.0503,-1.7888,-16.068,-24.473,-14.929,-38.499,-56.204,5.0246,49.393,16.463,-7.6359,-5.8286,10.532,44.569,28.811,-16.631,-7.4102,15.319,23.482,29.383,-9.7789,-37.257,10.895,25.092,-24.511,-26.327,12.112,14.312,-6.2274,-10.305,-7.7173,-15.284,-10.799,-4.7823,-38.75,-55.598,-9.2463,19.003,11.453,21.652,27.95,22.435,27.365,26.213,20.469,13.747,2.3887,1.1215,-10.973,-24.802,-1.8192,5.6781,-11.116,0.67084,-8.116,-33.284,-11.947,-4.7346,-10.776,21.532,15.267,-13.123,3.3162,-13.5,-37.554,5.4154,23.942,4.514,-0.06319,-10.485,20.329,54.57,-12.692,-41.584,26.023,16.824,-15.036,23.424,8.1918,-21.921,15.568,-4.0666,-47.891,3.0895,28.634,-13.266,-1.537,19.884,-2.8154,11.246,25.286,-28.859,-54.799,-19.83,-10.949,-12.532,14.351,23.654,12.232,6.3175,-1.862,-0.95677,2.0324,-8.0293,4.8018,23.036,2.6852,-4.7238,18.899,23.962,24.163,20.486,-20.573,-49.843,-20.763,21.939,24.155,-16.907,-43.794,-13.921,23.287,14.76,-25.193,-47.875,-18.113,14.534,-1.9747,-4.4454,28.687,30.136,12.762,5.7804,-2.0532,17.402,30.59,-10.85,-14.113,35.748,20.007,-30.31,-27.249,-6.2029,9.5551,8.304,-34.619,-45.939,3.5398,15.731,-10.179,-0.99184,13.411,-2.006,-10.133,10.259,32.355,19.692,-6.048,3.9362,8.6503,-31.522,-46.056,-7.0298,22.556,20.938,8.1902,4.9005,12.125,-3.8387,-19.952,12.865,35.705,5.0098,-20.626,-22.511,-9.2632,20.784,15.968,-22.68,-22.871,1.4102,8.675,6.977,-13.994,-33.928,-8.7996,20.815,10.768,-6.3213,0.40858,18.801,15.213,-8.2018,-5.8686,12.791,13.133,15.954,9.3795,-28.437,-30.957,13.877,20.369,-3.4127,4.0092,7.5064,-13.94,-4.8716,14.201,-19.669,-45.704,-3.0028,26.122,-1.4288,-14.025,3.1486,14.213,16.121,0.80942,-15.042,3.8167,21.705,9.8009,6.2911,5.9349,-20.341,-30.974,1.5514,19.229,-6.2197,-10.322,21.541,14.85,-15.351,-1.1039,4.5536,-20.757,7.5612,42.155,-10.408,-53.146,-10.628,23.252,7.6916,-3.6807,3.8901,11.114,-3.227,-27.963,-13.545,17.662,3.2362,-14.646,8.3656,18.57,2.7481,0.61694,7.2802,15.635,21.176,4.8847,-10.381,-12.402,-18.707,-3.6013,13.761,-18.736,-32.629,10.593,19.212,-9.2158,-12.419,-11.033,-8.2422,9.1558,7.3413,1.7537,22.323,26.771,2.4364,-0.71162,12.918,-11.442,-41.575,-5.4867,28.884,-1.8261,-1.3745,24.915,-17.477,-36.006,13.303,7.6079,-19.933,8.4105,20.571,7.6335,8.0775,-7.2739,-24.636,-16.564,4.0857,16.253,-9.7056,-25.399,12.804,18.013,-3.44,19.707,13.331,-12.908,10.696,-7.3055,-39.039,16.413,35.081,-5.4256,10.779,0.52172,-46.816,-1.6016,42.037,-1.5892,-9.4267,14.309,-21.802,-47.052,-7.2388,11,-16.106,-1.2042,43.936,22.925,-18.28,-0.31471,10.225,-3.5006,19.614,27.355,-8.9531,-16.37,-4.7042,-7.3832,4.4011,4.5743,-24.138,-18.15,12.304,0.9364,-18.899,0.47283,18.091,8.2146,-0.19934,-1.2665,-4.0737,-6.495,-9.0797,1.8051,19.221,4.3418,-13.282,12.22,30.559,14.344,-0.8541,-26.672,-49.546,-14.568,30.009,14.49,-11.724,7.9467,30.234,4.0584,-26.668,-11.872,-2.6737,-20.293,-1.2096,27.599,3.2954,-13.988,16.458,25.594,-13.587,-32.367,13.778,44.162,-14.393,-52.812,3.7313,28.567,-10.397,-7.3259,6.8685,-16.867,-5.2213,29.962,13.534,-11.92,-2.0902,5.626,4.0045,4.5944,-5.5602,-8.869,3.1297,-6.0064,-18.394,7.2877,22.569,-5.3741,-14.906,7.6032,7.3796,-8.844,1.4365,15.026,-5.0533,-17.603,7.3317,4.845,-28.693,-12.844,13.597,-7.6491,-1.8542,32.359,19.09,0.31281,4.8027,-8.9228,-12.328,5.6032,6.4461,8.8829,11.09,-12.298,-18.422,4.4816,6.6895,-8.8667,-3.7998,9.0864,-13.556,-38.35,-1.2644,27.954,-5.5099,-1.1308,28.013,-18.026,-46.763,2.1497,21.798,10.463,21.136,24.376,16.712,-1.2984,-23.829,-2.2138,21.35,-2.3162,-4.6406,13.986,-0.49756,-9.4064,-5.717,-16.967,-13.827,-4.1891,-10.678,-10.073,-8.694,-9.1238,5.7628,9.545,-1.3701,-4.8315,-10.791,-1.4478,26.546,21.183,0.35683,9.821,17.346,10.548,12.308,9.0761,-4.6112,-17.532,-16.081,17.881,34.159,-17.047,-50.202,-7.8636,15.305,-20.363,-33.195,-2.781,6.5591,-17.998,-16.705,17.777,14.882,-14.464,10.248,45.618,16.249,-16.603,-8.6507,-2.0867,10.824,35.619,25.903,-1.7895,-4.3817,-2.1464,-13.149,-17.065,-2.0487,6.588,-18.087,-37.492,-8.7902,26.625,21.816,-16.99,-49.788,-25.102,22.044,17.168,3.3885,16.998,9.6746,1.7309,13.455,5.4562,0.26512,1.1689,-17.533,-2.9637,24.889,3.3837,-1.6539,14.714,-8.1843,-11.479,7.3933,-7.6781,-0.12151,17.925,-20.775,-41.206,-4.5009,17.586,8.7185,-4.9929,0.14442,13.362,-3.7734,-5.0573,22.329,-10.587,-51.497,-8.6237,26.497,4.1978,-9.9079,-2.279,23.556,41.843,10.476,-15.651,2.3388,10.278,0.57485,2.2872,7.609,-5.9201,-39.456,-39.471,7.4909,25.831,9.1841,5.794,8.445,7.3858,-18.191,-52.945,-10.28,42.115,-11.493,-45.058,15.321,35.566,5.0775,-3.1384,-2.6649,14.607,42.304,26.352,-16.26,-28.931,1.0023,21.249,-15.403,-37.401,0.98436,15.256,-1.4126,5.9327,7.3211,-6.058,-12.941,-21.013,-11.873,7.1534,5.7875,3.2498,2.5907,-1.4321,-2.0663,-11.042,7.6475,35.554,-10.614,-27.741,43.338,34.186,-17.117,10.202,-12.272,-58.819,-3.3754,17.438,-17.639,5.6882,7.4218,-3.2638,41.614,28.7,-9.267,15.003,-17.424,-65.895,-11.543,21.061,-3.6845,1.6289,-6.378,-12.907,17.492,2.8045,-19.583,14.06,17.095,-5.9267,8.6427,18.03,19.703,19.457,-14.202,-13.385,20.897,-18.854,-53.498,2.2543,18.952,-22.44,-15.772,-0.46522,-2.6162,24.717,31.314,7.5687,10.929,2.4826,-15.988,2.8782,-9.474,-41.828,-0.38847,28.553,-7.5158,0.071702,15.533,-27.886,-24.363,29.001,26.481,1.8715,1.48,-1.5218,6.5266,14.177,-14.695,-27.409,5.2461,15.263,-2.9138,7.4223,14.229,-18.756,-22.602,6.9318,-13.917,-36.289,9.7546,30.927,-1.27,0.70738,12.414,-1.6728,7.9537,19.664,1.4548,-8.9945,-11.053,-8.0141,10.716,13.571,9.8058,9.8484,-30.891,-55.591,-0.39092,34.696,8.7554,-0.86716,-2.3087,-11.295,6.7556,15.25,-7.1241,-8.9869,3.5256,-3.2746,-5.2669,10.858,16.041,3.6417,-0.83843,0.65763,-7.9539,-2.2856,12.707,-5.7462,-19.695,1.4191,-0.2068,-9.396,9.3724,-2.8236,-19.249,18.415,23.947,-13.127,-2.9508,6.3684,-17.072,-1.1123,17.899,-2.0012,2.2185,13.745,-8.0302,-6.887,10.652,-15.799,-40.096,-9.2414,26.028,24.692,17.099,16.587,-0.20252,-21.351,-16.571,2.0687,10.951,5.0644,-10.869,-17.061,-8.4903,-1.0257,9.9113,17.451,0.24794,-13.188,0.84879,8.7634,-0.64183,-3.5063,1.0308,0.0018292,-5.8243,-3.3188,5.6083,2.3196,-2.2843,5.4213,2.3446,-6.2094,6.6817,16.493,-0.21163,-14.809,-3.6979,12.066,2.8173,-12.016,-3.9267,-1.1316,-10.351,0.56916,7.6339,-4.5626,-2.4205,-0.69948,-10.104,-1.326,3.7543,-6.2341,3.2924,16.24,10.057,0.15686,-7.7952,-1.6733,10.891,2.553,0.58158,11.527,1.6258,-1.0535,7.3738,-7.4233,-3.3228,13.851,-19.51,-41.565,-5.802,10.654,-0.29391,-4.0093,-17.786,-11.523,25.713,25.753,1.523,6.2714,4.82,-12.015,-6.4582,1.0104,3.7509,25.703,27.299,-4.0301,-11.216,-2.6178,-8.5216,-3.364,-2.0714,-20.089,-12.087,5.5155,-5.6353,-7.2137,2.2955,-7.3866,-9.5117,-0.10669,2.9074,10.439,11.665,7.7824,14.687,5.4456,-4.848,20.809,29.033,-11.818,-43.091,-26.255,13.159,12.286,-24.18,-9.1869,29.655,9.7849,-8.6898,3.7385,-16.537,-27.717,12.093,29.169,3.3017,-7.1453,12.887,19.167,-13.257,-29.36,-3.5672,3.5532,-2.9701,12.461,2.5998,-27.491,-10.743,28.01,24.852,-11.929,-21.5,12,25.61,9.1571,5.2879,-14.373,-38.041,-7.3702,15.041,-5.1209,2.8396,16.576,1.8979,3.0893,5.1655,-4.8865,-0.27263,-10.481,-19.811,12.264,14.324,-31.016,-30.554,11.736,23.847,7.7831,4.1004,17.93,14.85,0.94772,17.152,13.423,-44.853,-49.49,16.359,27.782,-3.8056,0.16032,-2.9501,-17.45,6.2687,14.251,-13.574,-7.9325,6.6628,-7.3786,1.4113,21.88,10.367,-3.1501,-7.3227,-9.3342,-1.2856,-3.6806,-5.326,4.5557,-11.056,-7.1919,37.788,22.995,-19.94,-1.2205,4.4791,-16.126,-1.4119,1.3596,-5.6443,6.9478,-10.061,-14.272,19.683,9.4108,-1.6986,21.735,-8.5074,-40.585,-3.4523,17.303,4.0848,0.99571,-3.1738,-3.0776,-9.9182,-24.63,0.73116,28.622,15.028,12.162,19.052,1.8245,-11.082,-0.83616,12.113,-14.204,-49.741,-2.5005,42.373,-6.465,-0.79885,49.329,-16.964,-63.387,-0.7873,2.5588,-23.815,8.9532,8.8597,-5.2676,16.22,12.301,9.8541,18.403,-8.0176,-4.4476,20.899,-3.0683,-3.1718,20.454,-15.908,-39.266,-4.9327,13.085,2.9087,-14.112,-8.382,25.877,8.6058,-31.512,-2.8186,10.341,-18.004,6.5639,20.556,-7.4708,15.313,32.579,-0.5336,-5.9282,-11.459,-25.811,6.4524,11.063,-20.126,-1.9956,0.55834,-28.532,-3.2065,12.838,-14.196,1.9624,30.356,23.497,15.758,1.5538,-5.4738,8.4772,-0.89365,-2.218,20.073,-10.394,-44.956,-10.855,8.5863,-11.091,-12.146,-7.8579,4.2793,19.881,-10.382,-24.412,25.46,26.742,-21.946,1.2573,39.11,0.85442,-23.681,2.3862,2.2715,-5.8145,9.5653,6.5546,2.0146,9.6675,-4.7022,3.7005,27.495,-22.868,-60.861,-3.1672,22.417,0.36364,13.289,-6.7313,-38.906,8.1018,22.756,-27.973,-9.4827,31.968,10.913,1.7421,14.65,3.7974,-3.6908,-2.2414,2.0556,19.963,16.469,-17.535,-31.959,-7.3581,23.58,11.096,-30.723,-26.047,12.169,16.686,2.2572,-4.1739,-4.5198,3.7515,5.0507,10.164,20.542,-17.677,-51.955,-5.6286,23.186,-4.9796,-1.9095,9.1775,4.2614,20.72,13.095,-11.226,2.5856,5.9022,-0.59105,9.2713,-9.1304,-8.8938,17.517,-14.44,-16.049,35.943,-6.8341,-54.607,-3.0604,16.632,13.591,29.555,-21.943,-45.264,14.374,6.1716,-25.265,12.177,21.199,-2.7336,-3.4419,6.8496,34.335,29.444,-14.968,-9.654,-5.0178,-28.182,8.9777,23.786,-21.383,-3.1383,9.6889,-35.178,-9.8181,26.308,-10.49,-5.8626,27.097,-0.11357,-15.379,9.5008,2.588,-18.609,3.6603,25.002,-5.2889,-11.737,23.156,-9.165,-51.525,-1.3706,26.001,1.832,17.803,14.234,-6.0026,20.053,-3.627,-47.713,3.3719,35.4,-3.2944,-5.1595,5.6988,-5.8334,-3.0067,-1.7158,0.75121,8.0935,0.82257,4.3113,-9.3736,-49.091,-22.218,25.439,4.6905,-2.9027,10.264,-14.388,-3.9663,34.104,11.858,-14.815,3.2634,17.61,19.218,18.683,11.486,2.3187,-9.0878,-12.434,-2.5503,5.3428,0.94958,-31.901,-61.28,-22.991,20.884,-4.7267,-19.493,9.6758,10.489,0.83777,15.674,16.815,13.733,30.097,24.32,-7.5926,-11.97,10.778,12.732,-6.8066,-10.449,0.96738,-5.384,-32.118,-36.201,4.8583,26.9,-8.4898,-15.968,18.437,3.7883,-9.5087,32.446,11.935,-44.854,1.0442,39.375,-27.925,-51.439,7.2013,33.419,16.06,-12.103,-22.087,16.221,39.266,14.898,14.617,15.996,-32.455,-49.213,-0.80009,20.347,-8.7328,-16.419,14.464,24.999,2.3998,-1.3183,3.7245,-23.318,-35.406,-0.36967,21.346,-0.49741,-24.399,-11.136,21.714,21.675,-1.676,-4.101,1.7262,9.3583,21.158,4.0129,-12.056,9.5496,11.398,-4.2524,6.244,-9.6322,-44.907,-21.463,20.247,19.308,0.31807,-13.393,-6.0526,15.454,8.8095,-12.685,-11.959,-1.0545,11.005,19.175,8.9525,-1.0585,3.7964,-2.7495,-29.097,-32.621,6.3867,26.787,2.4403,-0.90602,14.793,-0.69008,-10.945,-3.8445,-7.1446,11.83,29.734,-0.029538,-13.578,-0.48849,-11.287,-4.2157,15.3,-6.2436,-13.282,10.587,9.2473,4.3741,-3.5986,-35.936,-21.683,30.209,16.615,-26.534,-21.684,-3.8658,12.36,38.842,29.301,-4.805,-0.32688,5.7048,-26.098,-32.536,1.6333,18.729,14.998,11.585,8.5247,4.1696,-10.026,-13.14,4.6752,-13.848,-43.414,-4.1016,30.004,0.54066,-1.4976,21.692,3.5587,-10.576,-0.35728,-4.0417,-7.7965,-1.4844,2.7169,5.3929,1.361,1.9461,6.7559,-7.1559,-7.9287,18.546,18.139,-0.67736,2.7624,4.7603,-5.394,-9.6416,-9.4049,-6.906,-10.932,-20.414,-10.11,9.6842,12.01,4.9034,-0.62804,2.8339,14.8,9.4119,-10.143,-8.8305,8.1827,8.5278,-7.3828,-10.282,2.8955,3.6954,-2.2797,7.3069,12.26,2.3587,-4.2466,-8.8728,-7.7372,3.5708,3.8481,-6.2597,-8.8317,-3.8218,2.5755,-3.6487,-13.371,1.0085,13.313,5.3225,10.528,14.148,-3.404,-6.1054,-0.27967,-8.033,-6.1887,1.563,0.48347,0.87367,-0.5455,1.0045,8.1191,1.7042,-4.0994,2.2422,0.61908,-0.77846,0.61555,-5.8654,-1.3786,1.8302,-10.844,-3.312,10.164,-3.9318,-11.165,-2.6498,1.1932,8.0598,5.3712,-4.0828,7.9367,15.599,2.1163,-2.9444,2.3255,8.824,6.3398,-14.632,-20.299,-5.389,-3.6443,2.0958,10.746,-3.8959,-4.9422,6.8648,-6.6846,-5.706,11.827,-4.5092,-15.614,4.0387,8.0792,3.2804,7.6187,3.3135,1.2857,7.2627,6.0771,-0.00052643,-8.8806,-8.5211,3.9199,-3.8888,-15.953,2.02,10.838,-0.64741,4.8025,9.2941,2.8114,3.6938,-11.604,-29.644,-6.9322,17.815,9.3348,-2.1459,-5.7052,-1.4785,7.4775,-3.7176,-14.215,3.7898,14.197,9.5572,12.008,1.83,-10.032,2.5376,3.7476,-13.593,-12.743,-0.052163,10.238,10.932,-8.5165,-14.34,5.8073,7.505,-3.2099,0.58373,3.258,4.2852,-1.2019,-17.985,-5.9932,17.29,2.8079,-5.8306,3.4643,-14.404,-17.085,15.782,21.438,5.1656,-3.0109,-12.067,-4.084,10.219,-2.1419,-8.0823,6.0445,9.7239,8.4826,2.3622,-11.945,-9.7008,-2.9641,-3.6034,12.967,22.893,1.6502,-10.606,-3.965,-5.8752,-13.785,-19.898,-18.565,-2.2332,8.752,0.83819,-1.6208,12.403,22.028,17.369,9.4761,4.865,2.5515,0.13596,-5.0519,-4.8616,-0.78215,-11.166,-17.803,-1.6281,1.4986,-7.9239,4.158,11.076,2.869,3.6478,-4.9626,-12.208,-0.21492,-6.4989,-6.0804,25.098,18.753,-7.8656,-0.96098,-7.1597,-17.13,0.69204,-2.3767,-8.7025,3.7223,-6.39,-0.021046,26.035,8.5412,2.2518,20.114,-2.7432,-3.9934,22.312,-6.3148,-19.167,10.964,-14.88,-52.677,-29.089,5.1668,23.391,25.089,4.4084,-8.3853,-4.1038,8.169,17.465,1.8994,-7.3033,5.732,-0.63434,0.44927,18.334,-9.7741,-35.143,1.0152,22.071,4.7501,-0.57819,-1.8848,-5.4947,0.98824,5.4186,1.155,-9.9987,-13.814,-1.0451,4.4168,2.8763,4.9843,-3.1411,3.4301,22.51,-6.3113,-41.862,-12.384,22.822,13.195,3.8002,16.226,16.904,-15.818,-35.627,2.6922,32.609,7.6413,1.8257,16.829,-19.215,-49.043,-7.9021,18.113,-9.3846,-7.5585,13.768,-5.5555,-5.8169,30.518,18.599,-9.4301,5.956,0.3068,-23.528,-5.9644,9.6523,8.042,16.935,5.0548,-11.707,-3.4594,-9.711,-14.993,5.2575,5.357,-5.0362,0.70566,-1.1057,2.2591,8.5039,-10.731,-15.766,4.1005,1.8212,-7.9482,0.12148,8.0688,10.065,9.0323,10.011,12.728,2.5834,-6.4104,-2.0213,-3.5801,-3.7653,3.5475,0.2216,-3.4586,-4.9653,-15.264,-14.572,-6.4022,-8.4682,-2.166,11.549,14.932,10.899,-1.8055,-7.552,8.833,15.443,1.1122,-5.0466,2.1625,6.0258,-8.5733,-25.044,-8.8376,13.641,8.8386,5.2634,8.7333,2.7312,-2.7534,-12.08,-12.93,12.29,14.864,-13.684,-12.229,7.9369,4.4949,-8.5024,-13.322,-2.4331,13.103,5.2834,-3.8048,8.9097,9.7613,-3.5087,-1.6424,3.4915,-1.415,-4.1253,-2.2719,-5.2768,-14.128,-12.87,3.4188,11.535,5.7145,3.562,5.233,6.4156,11.551,12.833,0.14234,-12.591,-2.7059,14.05,1.9076,-22.449,-22.449,-11.446,-8.4961,-3.7678,6.6003,12.064,1.8391,-9.994,2.0291,17.749,13.509,8.5809,2.087,-10.497,-3.9873,4.4371,-7.0817,-5.2616,8.1093,3.6357,2.0408,11.519,8.0845,-1.7003,-6.8407,-16.467,-22.85,-10.922,3.4632,-0.80746,-3.8937,10.718,14.72,4.2033,5.2404,6.5816,-1.6347,-5.7113,-9.4187,-7.1808,5.169,3.9771,-2.8391,1.3309,-1.5968,-3.0262,10.277,13.942,6.7522,3.2363,0.31543,-2.4194,-12.481,-20.361,-2.2303,10.761,-4.8754,-13.136,-7.8697,-1.5872,9.4815,7.2061,-1.3785,5.1842,3.668,2.3099,18.287,9.3137,-11.917,0.38387,5.4056,-13.025,-9.8249,1.4003,-4.9205,-9.2023,-4.7437,3.9364,11.352,3.5097,-6.2403,3.9803,14.389,0.52506,-14.416,-3.0885,7.6255,-3.0036,-3.2634,7.2359,1.9642,1.3325,8.254,-3.6407,-14.357,-12.582,-14.348,-2.9141,17.095,17.024,11.996,9.6178,-3.7569,-13.61,-11.352,-2.6078,7.1686,1.5349,-4.811,8.6137,8.868,-9.5712,-9.7348,-0.36958,-0.10753,-2.1291,-7.9529,-8.756,2.0981,9.9839,13.804,7.5413,-8.6115,1.3471,21.311,3.4229,-13.926,0.65593,2.0942,-10.601,-5.898,0.14634,-3.2381,-4.7233,-2.122,5.9129,6.7406,-7.9736,-13.151,-3.1526,2.434,6.4985,8.7987,0.93609,-3.6389,0.95664,6.8499,10.466,-0.087045,-14.092,-1.6725,13.187,-0.29403,-9.1818,2.7487,6.6066,1.1817,-0.54712,-2.3737,-1.0616,6.1602,10.636,4.6901,-9.7891,-13.953,-5.1847,-10.794,-22.213,-9.9108,1.9821,-8.1665,-8.1279,14.767,28.394,14.176,-3.6596,4.6317,18.867,9.6074,0.9426,4.6137,-5.9477,-15.449,-0.058357,11.595,4.6627,-2.51,-5.9037,-1.9153,7.1019,-4.7787,-24.488,-8.0818,11.452,-20.628,-46.919,-12.195,13.541,-2.3263,1.9979,18.144,8.2069,5.8457,17.738,21.066,26.465,21.434,7.9921,23.034,24.439,-26.273,-54.026,-20.153,17.943,11.86,-34.274,-49.392,2.6439,27.72,-8.8606,-15.638,3.569,-12.176,-18.172,10.406,19.397,9.9455,15.197,16.86,2.8607,-3.618,-1.2216,-5.4877,-3.8124,14.089,21.186,4.1761,-7.7123,0.83323,3.9585,-10.207,-9.3557,10.477,6.5651,-4.6595,8.6347,-11.797,-55.502,-20.914,29.402,-3.0679,-19.215,16.232,0.81733,-21.3,16.138,24.839,-8.8649,-6.1182,14.659,16.639,11.371,-6.6253,-19.678,1.5885,20.844,8.9079,0.8674,9.3682,7.632,2.7777,10.033,0.75201,-20.063,-3.1842,11.859,-34.676,-64.083,-20.72,8.9001,-0.892,3.7993,6.3968,-1.4624,11.061,19.012,15.001,26.716,23.87,-1.7099,-7.6654,-5.865,-11.218,-1.3088,11.449,10.991,4.018,-5.524,-3.5137,-6.0312,-25.816,-8.8611,25.305,9.666,-0.36609,3.4712,-41.177,-49.279,4.2256,5.1242,-2.8922,25.842,10.611,2.3308,25.226,-9.0613,-16.769,33.465,10.071,-13.994,30.517,18.396,-17.706,-14.59,-38.142,-23.759,34.255,9.8957,-11.602,24.3,-6.8839,-32.232,26.056,26.254,-33.558,-34.985,3.8662,19.665,-10.262,-25.839,25.384,27.494,-30.798,1.0348,37.254,-18.4,-5.3553,50.672,-5.4266,-47.297,8.3664,19.184,-17.902,-1.0023,33.456,9.7185,-42.679,-37.958,11.874,15.569,-3.2776,17.436,19.077,-14.609,-10.833,9.35,-7.3969,-20.77,1.6714,17.98,2.0361,0.15327,31.815,19.831,-41.243,-37.59,12.766,-2.7423,-27.813,11.424,31.089,4.2598,-4.8798,-4.3515,3.4361,33.087,19.198,-32.378,-22.986,15.774,5.449,-11.223,-2.3876,5.5259,10.162,-2.1188,-27.311,-16.852,7.4154,-4.8811,-14.427,4.9394,7.5826,-4.6559,14.634,45.708,31.613,-11.153,-19.574,1.615,5.6726,-5.0474,-14.722,-22.679,-6.5973,17.411,-11.507,-48.122,-6.2025,31.417,-11.669,-13.571,47.444,27.305,-22.519,12.688,26.427,-20.821,-17.212,16.253,19.951,14.052,-8.0972,-23.376,-7.5095,-7.6525,-11.554,-3.0336,-10.913,11.56,30.114,-31.676,-36.425,40.896,12.928,-48.241,-2.8251,24.51,-7.7746,-3.3853,21.998,25.746,1.0623,-16.601,24.371,41.537,-13.71,-24.934,4.2383,-9.0029,-16.116,-0.16998,-0.16535,-2.6661,-4.5436,-3.3264,-7.6591,-29.35,-3.9326,37.321,-7.5983,-35.864,15.293,16.588,-0.87152,41.19,35.575,-28.355,-36.181,8.8449,25.999,-17.552,-48.368,0.0061849,34.911,6.156,-1.4701,4.7706,-9.7348,3.3431,29.287,19.37,-13.56,-25.968,12.597,29.958,-28.172,-43.867,5.7743,1.4462,-16.777,10.83,7.1115,-24.722,-23.416,2.4932,25.672,11.554,-9.8267,22.961,31.603,-18.429,-11.508,25.813,2.6138,-7.5913,16.6,6.25,1.2794,15.591,-19.974,-50.617,1.2211,38.766,-6.4007,-28.934,6.7965,6.6772,-18.831,-3.1191,11.839,0.98449,-4.7383,-23.202,-34.406,3.6576,20.666,-9.5874,2.0141,34.933,13.667,-4.5687,17.303,22.587,18.148,17.211,-17.069,-28.191,26.097,32.97,-28.17,-38.436,-6.7769,3.0189,5.8723,-19.501,-51.054,-3.8567,39.172,-14.113,-39.648,10.973,17.077,-12.687,7.5828,32.254,12.226,0.8544,10.169,-9.9105,-20.921,25.801,37.857,-14.859,-9.2893,35.316,6.9907,-23.299,6.6026,11.481,-12.499,-9.4987,-6.6613,-17.799,-19.057,-16.483,-17.142,-13.284,2.3772,14.92,-1.3976,-11.219,11.106,4.3666,-17.281,19.964,45.198,-2.3151,-21.142,16.965,23.556,0.75241,3.5121,18.007,8.2683,-10.797,4.456,21.023,-24.42,-54.67,-4.28,11.186,-28.224,-7.861,12.441,-30.534,-15.842,36.753,7.6343,-13.388,28.873,22.279,-13.376,-5.8492,-11.168,-21.025,16.223,31.956,2.6301,-4.1946,0.20949,-6.3695,6.9478,18.643,6.6708,-0.95565,-9.8967,-13.008,12.881,14.295,-10.606,-0.8531,-19.143,-66.482,-9.3935,54.324,-16.773,-46.119,28.461,27.087,-2.2446,31.243,12.976,-29.946,1.6333,23.78,4.3683,-7.4247,-23.279,-9.8729,31.412,16.256,-19.862,-12.893,5.6514,29.032,24.416,-39.782,-53.819,7.5507,19.933,2.0449,15.551,-6.0267,-36.527,2.7807,27.442,-6.6051,-2.5788,27.669,13.844,4.1543,5.7092,-34.831,-48.929,2.7094,21.117,0.91915,7.38,8.582,-3.7832,2.8702,4.0457,4.7067,14.432,-5.503,-18.354,13.996,28.293,10.907,-5.9886,-31.097,-34.382,2.1499,21.574,6.7575,-7.5176,2.0237,15.205,-21.244,-56.305,-5.5981,36.488,5.4887,1.6046,16.981,-3.9201,4.9674,27.56,-4.7164,-26.461,5.3386,30.605,14.861,-13.966,-6.5177,13.264,-8.4321,-16.629,4.3094,-16.095,-27.147,4.8446,-1.0882,-10.637,14.591,7.5738,4.3888,20.61,-21.116,-42.729,14.271,32.603,5.7826,-0.49762,-9.6019,-4.5034,18.699,5.3994,-13.988,-1.6962,18.626,30.786,7.6401,-23.671,-1.2501,20.692,2.7295,-9.7133,-28.288,-37.124,-6.872,-13.216,-43.14,-15.205,15.35,16.979,20.349,7.2012,17.181,52.38,27.997,0.28455,18.545,6.5886,-2.7475,2.0719,-45.02,-44.593,12.272,-24.373,-52.892,21.465,28.126,-20.07,6.9238,12.238,-23.57,12.983,53.247,24.206,7.546,11.711,-18.004,-41.69,-16.117,12.106,-5.3797,-33.424,-13.613,27.484,24.541,-3.8405,-2.5487,10.53,2.6221,-1.8299,9.9008,13.037,5.2055,-4.5611,-19.154,-25.708,-9.1103,14.798,16.28,-1.4308,-3.861,4.4566,-2.6994,-3.1989,4.9528,-4.6069,-0.16845,15.122,-7.4743,-21.3,0.19464,-4.6003,-15.129,2.1224,6.6814,13.707,32.594,15.062,-11.743,-8.4133,-1.05,-4.6657,-20.252,-17.26,23.468,22.314,-22.062,-8.1181,22.772,2.5175,-11.001,-5.5588,-2.1679,13.019,8.0352,-13.373,-7.2539,-2.6025,-5.5242,9.19,7.3159,-10.916,-10.788,-0.96502,13.399,14.831,-14.918,-28.186,-1.7409,21.774,16.419,-4.2023,-2.7565,10.025,-6.9862,-5.2597,26.381,10.321,-8.8409,12.988,1.2529,-7.7806,15.343,-24.221,-58.642,-2.4852,21.686,-1.7931,9.6681,2.0967,-22.108,-3.5372,6.1716,1.5634,15.995,4.7579,-13.02,6.6649,12.127,-0.051543,12.962,19.625,7.9,3.9713,-12.053,-31.709,-15.232,1.6725,-6.005,9.6563,26.688,0.38318,-1.9136,25.208,-8.9891,-48.748,-14.608,7.8787,-7.2905,1.584,2.3548,-10.11,9.0165,15.232,-4.3264,3.342,15.319,5.3316,2.1391,4.8686,0.67422,-3.8449,-0.50014,8.282,-1.9121,-17.005,0.1705,8.1815,-13.37,-8.3019,8.4781,3.1528,9.5753,14.212,-7.5682,-17.084,-11.064,-7.6278,1.58,2.842,-1.453,5.4465,3.6685,0.29236,7.8091,-5.185,-18.545,3.5246,15.848,-2.3128,-7.2009,8.6282,16.496,4.5584,-8.4146,-1.3057,7.5156,3.6533,2.524,-5.3601,-21.061,-11.431,12.486,15.205,3.8315,-3.4098,-0.95706,2.1178,-10.019,-18.617,-6.6427,-1.2446,-7.125,-3.1401,0.65318,-1.404,5.1846,15.36,19.43,16.597,3.4647,-10.431,-8.5518,3.4147,6.4825,-0.97142,-4.3491,-3.5606,-6.9223,-4.5133,1.6666,-6.6586,-10.05,11.769,21.863,-0.18038,-14.799,-3.1064,8.1923,4.6099,-3.3253,-7.5362,-8.7223,-8.563,-8.8184,-9.6053,-3.7993,12.353,21.838,7.2107,-10.815,-1.5444,13.517,2.782,-4.2929,12.545,12.494,-8.3939,-8.5572,3.4673,2.4062,0.74902,1.3026,-6.7012,-13.421,-5.7579,7.2839,0.45562,-18.651,-8.7929,13.991,5.5937,-6.1481,0.38259,-4.6768,-9.3993,3.1733,9.3489,12.737,13.155,-5.7091,-9.0011,11.526,10.91,1.8869,2.7953,-11.798,-19.347,-1.43,0.99628,-8.0652,2.2597,13.214,9.2151,-2.706,-9.261,5.4255,12.879,-10.598,-15.489,9.9053,10.477,-7.7536,-7.9191,-4.9602,-6.3603,1.4854,5.7115,-3.7381,-10.093,-1.109,13.058,14.715,5.5087,-1.5044,-7.3724,-8.2544,4.7469,12.946,4.2747,-1.1406,-1.9104,-6.2361,1.4115,8.3506,-9.0405,-15.899,1.1802,-3.5237,-14.136,9.9061,21.382,-3.6646,-10.59,1.774,-0.98606,-2.3944,6.2244,9.7191,9.0617,1.0397,-5.7894,7.1094,11.052,-13.846,-23.802,-4.8905,2.3375,-8.8729,-12.917,-6.9176,-1.9354,-0.31499,0.3396,5.3692,17.705,25.955,23.011,20.604,17.738,4.274,-8.7615,-15.941,-20.578,-15.345,-12.492,-16.714,-5.4529,-0.90053,-17.542,-4.3689,24.147,10.282,-9.9204,-3.9153,-0.79223,-1.7574,-3.349,-4.1027,9.7922,7.0478,-13.533,-0.28422,16.562,7.1182,18.548,30.8,14.564,17.308,22.151,-4.8378,-15.146,-8.0873,-15.932,-15.35,-19.009,-46.063,-46.956,-20.32,-14.288,-11.125,6.5597,6.2808,3.9027,33.335,49.195,25.595,19.628,32.247,18.875,11.278,18.12,-7.3937,-29.856,-14.827,-10.737,-15.361,-6.0215,-15.265,-31.01,-26.695,-24.33,-11.976,18.058,23.485,11.589,12.674,11.01,9.4224,21.155,14.412,-20.538,-29.114,10.647,34.196,7.1285,-18.437,-21.503,-18.121,1.0189,4.2995,-22.901,-6.9088,34.377,20.152,9.2376,33.704,9.7524,-28.279,-7.5077,1.759,-28.87,-25.383,5.6769,8.4115,-6.8465,-10.62,-3.7552,2.5827,5.5143,12.966,25.275,19.253,-17.832,-43.022,-13.74,21.718,5.0638,-13.898,15.865,35.955,4.3719,-15.365,13.686,21.678,-26.647,-44.018,6.9085,26.518,-8.0174,-2.7367,25.232,4.4227,-13.002,-0.89174,-16.423,-31.219,-10.563,0.086533,9.6686,24.061,-11.093,-40.57,4.8232,38.471,16.085,2.3869,4.2279,8.6006,18.139,6.025,-4.7259,12.961,3.9338,-23.616,-3.0974,13.905,-29.936,-54.922,-13.869,13.413,-5.9805,-5.0632,25.351,28.058,5.7481,-7.6299,-5.535,12.834,16.904,-8.4105,-5.9438,20.923,7.9826,-16.31,-15.49,-17.1,-7.8859,15.09,8.5106,-2.796,11.381,3.835,-22.727,-6.6641,24.102,7.5289,-8.4185,11.547,-9.9785,-50.796,-7.2589,38.692,3.7649,-8.3979,8.551,-13.277,-4.4921,28.928,8.4438,-4.6982,6.3116,-9.9391,0.99337,25.445,-9.594,-28.057,6.054,8.1928,-9.4942,-3.7364,-4.8069,-5.5495,13.195,14.44,-10.919,-22.475,-9.3236,2.7135,8.5169,13.456,0.14354,-14.916,7.2018,26.537,0.54849,-15.709,3.1299,3.8057,-7.0245,12.36,19.146,-15.696,-22.097,11.118,7.6222,-16.353,-1.3389,14.051,-3.0993,-16.957,-8.4951,8.2261,1.9508,-25.176,-13.963,28.75,32.64,0.28697,-20.826,-4.6291,26.974,16.337,-5.9517,4.468,-19.382,-49.379,2.2113,37.446,3.8466,-0.14188,7.9762,-9.7586,-3.2972,6.6233,1.1136,5.0089,-10.445,-27.497,0.56137,25.998,6.8155,-24.238,-17.212,21.763,20.637,-9.1283,-4.9981,-6.3768,-10.999,20.838,18.681,-9.8557,4.0101,6.6734,-2.193,9.6926,-13.3,-26.891,6.6429,1.6807,-14.404,-0.56423,-8.5558,-0.25833,27.947,13.372,-1.6472,-3.6224,-2.3321,23.625,-7.0842,-59.282,-0.88814,39.012,-7.0562,6.1399,19.782,-16.83,6.6454,15.942,-29.685,-12.031,14.947,-2.7241,1.1922,-4.2709,-15.921,11.503,12.451,-13.192,-5.3582,10.416,11.744,-3.8589,-12.114,22.722,27.84,-20.018,-21.86,8.4801,18.294,18.498,-20.129,-50.777,-3.4141,26.771,-7.3051,-30.193,-21.785,11.376,26.778,-7.6185,1.967,54.389,32.833,-16.408,-16.364,-7.8101,-4.8288,-2.8868,-2.3899,4.3565,-6.8802,-7.8557,21.268,12.072,-1.5656,15.911,-28,-67.947,-10.561,12.588,-9.6098,23.505,22.561,-24.006,-2.3312,25.569,3.7283,9.5678,30.971,20.063,9.6089,5.4434,-18.34,-36.017,-11.856,12.295,-16.067,-35.608,1.9725,17.023,-4.4228,11.043,27.459,-2.9575,-16.258,5.9319,10.159,3.3666,2.3669,-19.864,-32.013,4.4062,14.253,-21.419,-0.62267,39.43,4.346,-14.002,21.121,5.7907,-18.362,13.7,22.85,2.3461,-3.583,-23.894,-32.283,-2.5148,5.8273,-0.72448,12.876,9.9538,-3.6323,1.9898,0.61706,-1.6279,9.9608,-5.7098,-26.514,8.3363,32.503,-19.26,-49.549,-2.3273,26.544,3.356,-9.6169,6.9147,35.037,30.996,-23.627,-39.859,7.2114,17.453,-0.91617,9.2114,2.6476,-9.8881,14.406,21.107,1.2055,-2.835,-1.7455,9.2833,9.0556,-48.576,-79.977,-25.622,10.423,-1.0529,7.0418,14.326,1.2834,7.8872,31.052,47.076,44.644,16.884,0.5385,7.727,-15.921,-48.473,-23.519,4.4437,-11.422,-5.8537,11.277,-18.149,-29.02,10.851,18.006,-6.7525,-5.0709,6.4071,17.196,28.801,2.7738,-39.034,-27.423,10.962,8.6885,-3.0014,23.157,25.685,-24.014,-26.32,22.155,16.237,-3.6884,25.68,16.945,-38.037,-39.042,-0.90974,13.261,6.6013,-4.3036,0.67175,20.009,17.843,-5.0574,-22.959,-22.895,-1.0789,8.235,-11.388,-5.7971,27.726,18.301,-25.61,-28.849,4.9816,17.378,10.812,14.488,11.403,-5.2265,-6.0025,12.725,19.961,-9.4026,-37.754,-11.027,6.8226,-29.631,-15.676,37.685,16.292,-9.7237,14.849,14.574,19.275,28.456,-30.053,-53.108,4.9431,3.8691,-35.834,-10.375,26.406,14.753,-17.546,-9.1989,41.531,34.74,-21.902,-23.477,-1.4775,8,21.387,-9.3683,-33.257,9.7284,11.456,-12.209,24.844,24.642,-10.455,4.8185,-15.52,-52.494,0.50507,38.738,4.3092,-7.7817,-6.8466,-15.047,4.0524,15.63,4.0552,8.9172,6.7087,-27.378,-41.462,-3.9404,31.112,22.246,9.7797,13.475,3.9787,-7.6744,-5.9409,-2.0529,2.7164,-9.8987,-23.007,12.733,32.87,-18.259,-40.472,5.1613,33.607,19.239,-8.7062,-22.934,-5.1061,18.634,16.204,-14.226,-35.978,3.0371,38.914,-12.651,-45.176,4.9705,14.855,-13.348,13.061,32.059,6.0759,2.2175,2.9895,-21.723,-12.951,27.902,19.929,-24.062,-16.474,19.323,3.255,-19.543,0.8718,1.6127,-12.992,10.785
-21.949,-19.947,9.6204,18.035,-1.2416,-1.2109,3.7011,-1.2801,5.08,8.1144,1.2634,0.95273,-1.1614,-1.3499,4.6914,-0.68718,-5.7689,-0.73736,0.54518,7.619,14.695,2.3957,-8.271,-9.9121,-9.2004,9.5521,18.84,-5.5683,-13.586,-0.70002,-13.863,-25.688,-3.4754,13.461,4.2801,-7.5072,-10.902,-7.4578,2.3539,8.0928,-0.93027,-8.2781,7.035,26.344,28.04,22.461,15.14,13.962,25.406,11.159,-28.934,-31.788,-18.633,-38,-33.673,0.70452,-6.3458,-16.845,11.429,9.7302,-15.327,3.576,24.423,8.1511,1.7635,12.794,10.519,3.5515,6.2452,7.6789,-0.015528,-3.7712,1.0153,-1.1118,0.95911,16.689,9.9354,-12.821,-9.4983,-4.6307,-12.778,-4.922,-3.2337,-16.5,-10.096,-2.3427,-4.0531,7.886,5.4694,-13.457,-4.8,8.9338,3.2578,9.7252,24.332,20.028,3.6578,-7.7391,-7.3493,-5.2991,-4.5295,4.3092,2.5405,-9.2883,-0.27504,4.3105,-12.288,-5.7297,13.36,8.4566,2.3812,1.875,-7.5182,-14.157,-14.862,-6.43,10.14,6.6902,-8.2763,-3.6401,3.0277,-3.7594,-6.7724,-0.85667,5.0662,6.179,12.197,22.971,12.585,-4.2154,4.5454,6.0019,-10.59,-7.2907,-2.4794,-8.2371,7.1762,12.037,-17.271,-24.037,-7.8903,-14.658,-16.181,6.7171,8.3261,-6.7987,7.0467,25.458,12.738,4.9939,16.422,6.4012,-14.272,-9.5021,-2.1928,-10.587,-10.262,4.224,15.196,13.307,1.1161,-7.4026,-2.7321,5.1905,1.7487,-9.0841,-8.6409,0.7418,-1.4755,-8.548,0.37818,14.097,5.3149,-16.875,-13.807,5.562,-0.25388,-8.1976,6.7446,1.7781,-18.529,-5.8053,18.965,19.218,-1.7748,-17.209,3.8699,24.234,7.1577,9.3588,26.848,6.8532,-3.1813,2.748,-16.408,-14.568,-7.3751,-30.654,-8.7851,21.76,-15.184,-23.444,0.063758,-25.191,-19.231,20.893,1.0428,-9.3359,26.023,24.602,8.4461,15.319,14.477,13.085,12.882,2.2372,-1.8452,-7.8737,-14.963,-2.9853,1.6129,-8.8013,-4.7933,2.4112,-7.2054,-21.144,-15.51,6.4926,4.3422,-9.3933,11.048,21.36,-5.1592,-9.3584,0.28515,-10.579,-9.9021,-0.42277,-3.0613,-0.35618,2.7767,4.7342,14.478,9.0319,-2.46,2.8102,2.4556,1.7377,14.038,11.574,5.0108,14.112,10.574,-1.6639,-0.40685,-3.9451,-16.06,-23.075,-26.018,-18.17,-5.0739,-6.9491,-10.274,-0.34896,0.40531,-9.604,0.80645,22.473,19.031,3.7746,2.572,2.3353,3.9713,13.205,5.0679,-4.6692,13.518,17.611,-7.588,-11.217,3.4612,0.18619,-11.273,-10.945,5.5221,18.366,-0.10503,-19.91,-2.7294,15.543,4.25,-6.8352,-4.3618,-9.8885,-20.947,-15.478,-5.0697,-11.242,-14.36,-3.1793,1.99,6.7771,13.938,5.2464,0.75771,14.532,22.397,21.584,9.989,-8.9263,0.5908,18.604,5.0987,-6.4039,-1.0526,4.3147,12.652,0.27472,-12.77,14.827,7.5005,-37.563,-8.1637,26.871,-21.775,-44.637,-20.569,-31.905,-42.966,-30.974,-27.127,-13.112,6.5736,20.853,40.458,40.42,37.897,56.401,44.773,27.99,52.712,46.33,13.572,28.224,26.777,-27.714,-57.907,-63.092,-75.656,-68.889,-53.676,-58.434,-54.969,-29.464,-13.038,-1.4096,35.49,63.125,42.51,23.619,36.344,41.143,39.426,43.833,33.38,23.099,22.359,3.3528,-20.654,-24.226,-20.802,-28.388,-45.025,-40.333,-15.208,-19.166,-26.561,7.5451,20.904,-5.1386,-5.3256,9.8239,10.337,10.22,1.623,-7.054,-2.0267,-4.8152,-0.57712,15.528,3.8901,-5.5907,15.614,13.833,-5.7178,1.8814,11.737,16.054,27.406,11.134,-17.936,-6.9268,6.9826,-9.7801,-6.7287,6.7774,-21.167,-39.521,-9.9262,4.3399,-6.2219,-5.795,-13.091,-15.393,9.5473,13.372,-4.4871,1.09,9.3742,9.7295,19.393,19.073,14.682,19.022,4.1288,-14.324,-9.6395,-11.333,-18.487,-9.8147,-7.4434,-8.2007,9.5698,16.689,-2.6006,-9.9935,9.1995,25.732,23.685,12.117,2.4011,-2.8179,-21.553,-51.666,-44.995,-13.692,-13.262,3.5694,52.771,30.459,-27.266,-1.2408,34.691,6.7203,-6.8929,9.4737,11.707,6.8476,-6.068,-21.221,-18.745,-12.509,-0.78676,15.038,3.2615,-10.348,6.4329,12.74,0.86113,10.103,25.043,14.677,-1.5654,-6.7017,-17.253,-29.402,-22.57,-10.559,-5.3172,-1.5671,-7.6617,-1.4115,20.415,-3.5723,-32.368,11.384,39.535,12.943,15.537,11.994,-17.741,7.0597,31.371,-1.9116,-9.9614,5.4068,-8.7187,-20.577,-14.739,-0.66427,5.3206,-15.495,-14.298,11.54,-1.9914,-11.862,8.2869,-4.6203,-12.143,16.963,10.628,-12.802,-0.48052,16.787,24.716,17.57,-11.559,-20.968,-3.9184,5.3079,-1.0046,-15.035,-4.868,19.361,-3.938,-24.442,12.745,17.474,-10.161,15.664,22.611,-30.584,-32.241,11.085,4.0258,-16.088,5.4206,22.193,7.3214,-5.5155,-3.2647,2.0276,3.3775,-4.33,-3.4778,20.974,23.276,-12.749,-18.909,5.4591,-9.5324,-42.771,-33.182,4.0515,25.883,20.713,8.8257,5.2759,-2.5822,-4.2146,14.604,18.643,2.266,-1.3235,-3.9397,-8.8952,6.6379,12.02,-9.907,-10.742,10.471,1.3275,-28.02,-23.915,6.3401,13.969,-2.7031,-12.9,-7.4626,7.0532,10.297,-7.1136,-7.9363,17.063,19.368,0.30964,2.3861,9.3317,-10.085,-22.37,8.5671,31.039,-6.1899,-32.453,4.2085,26.125,7.1576,0.36886,-3.9331,-10.922,-5.3905,-20.334,-28.272,9.2239,17.311,-10.062,4.0966,21.002,5.0392,7.4469,11.65,-11.201,-18.256,-0.44115,9.4856,0.43839,-9.4267,-0.87466,-3.0037,-21.005,0.47231,25.831,-5.9501,-21.049,11.494,17.072,7.0234,17.312,12.063,-10.534,-19.979,-7.3716,16.275,11.998,-9.3746,0.92644,4.6539,-20.642,-15.775,1.4163,-7.0508,-0.1961,10.072,-7.103,-8.8543,1.6584,-6.3097,-3.8628,2.4549,-8.3998,2.4512,29.002,24.674,7.5107,5.4295,8.4476,6.9911,-5.564,-20.163,-14.916,-0.10624,0.95922,-10.476,-19.893,-10.801,13.921,24.168,10.38,0.1993,5.7219,1.2514,-20.254,-26.429,-16.593,-13.542,4.5399,30.845,14.263,-9.1968,9.9041,16.807,-4.5652,-3.8689,1.9218,-6.8039,-0.90535,12.364,12.887,3.8797,-5.4716,1.409,-1.5349,-35.918,-33.495,8.65,6.3499,-3.3411,26.934,22.636,-8.5622,3.3954,17.179,3.908,-0.083802,-3.3533,-17.264,-26.943,-23.633,3.7119,21.518,-4.1304,-18.078,0.65651,4.9528,9.8987,22.336,2.417,-13.215,7.8222,12.494,-4.5622,-3.704,3.3056,0.35612,0.7995,11.916,14.816,-10.137,-23.587,3.1201,5.9588,-20.604,1.1739,31.727,-1.8779,-35.251,-15.192,11.887,10.921,-10.804,-19.502,0.86229,9.3637,-2.8551,-2.4958,1.5775,6.5809,20.708,14.892,0.91944,3.5943,-10.207,-22.334,9.3556,32.455,11.983,-8.928,-5.8531,4.1781,-14.516,-43.34,-17.077,16.811,-1.948,1.4339,26.332,10.037,22.783,55.917,6.5852,-43.112,-20.1,-20.578,-46.816,-33.13,-12.956,-10.124,-6.8257,3.1976,21.419,21.263,4.2306,13.167,26.153,18.497,23.814,31.825,17.576,2.7862,-5.4007,-9.3289,-1.2858,9.3196,7.3988,-12.657,-26.398,-14.488,-15.944,-31.067,-20.761,-20.136,-32.739,-18.382,-21.133,-31.184,9.1614,31.433,16.111,21.494,9.5713,5.0335,52.327,42.945,-1.399,35.461,57.134,24.157,36.508,36.777,-12.248,-22.925,-24.986,-60.045,-71.912,-55.623,-41.527,-47.46,-61.851,-25.932,19.01,-7.7846,-24.74,20.041,43.754,44.075,57.475,59.349,54.115,46.836,28.108,22.935,17.388,-15.25,-37.558,-36.03,-32.727,-20.557,-9.8216,-18.209,-15.414,4.5963,-5.5327,-33.144,-16.04,8.4801,-21.538,-34.877,7.7351,18.799,3.4242,19.817,12.195,-20.052,6.6224,50.405,31.201,-7.1264,-0.48174,26.63,17.576,-14.105,-15.74,4.5623,17.931,10.569,-25.003,-28.553,20.64,21.07,-24.455,-26.529,-20.766,-25.459,-0.31993,3.2703,-20.155,-5.7476,13.239,3.9758,-3.2556,-2.5297,12.39,22.477,-3.4178,-13.839,13.335,21.804,10.033,4.7928,9.3967,20.345,10.766,-7.094,0.22909,3.5395,-0.62525,1.462,-18.301,-25.181,-1.218,-8.8347,-21.352,-12.034,-27.595,-19.792,18.555,1.8428,-10.656,23.587,12.217,-14.582,9.5707,32.116,29.594,5.9097,-21.702,0.14864,20.211,-10.357,-5.0045,31.717,17.06,-10.726,-9.3328,-1.644,1.4484,-8.0603,-14.164,-9.1577,-28.047,-43.508,-22.316,-16.082,-20.537,11.675,37.254,24.364,19.35,34.939,31.409,3.7407,-4.2954,12.779,12.506,-6.2943,-20.178,-20.219,0.10071,1.5937,-27.869,-14.009,18.674,-7.2155,-20.651,6.1265,-7.9389,-16.746,22.75,20.083,-14.2,-1.8139,11.419,-10.246,-11.188,13.306,14.583,2.7127,10.692,8.1336,-14.313,0.14882,26.946,1.335,-19.502,2.8714,-0.20121,-23.096,-6.5208,20.377,9.6349,-21.887,-25.827,3.3245,11.239,-9.0741,-8.2209,6.6647,10.227,9.0111,-5.1396,-15.323,4.6498,12.187,-7.6426,-0.62502,28.758,29.997,6.9162,-5.682,-3.1468,-11.305,-30.327,-25.435,-3.4291,2.2817,3.8527,10.051,4.1162,1.9907,11.391,3.9369,-8.9424,-1.9848,-2.6091,-15.187,-2.1703,13.935,-3.1625,-11.495,10.934,18.104,0.057864,-13.823,-5.8043,22.909,24.997,-15.52,-21.095,13.006,5.5837,-19.695,-14.388,-9.329,5.9922,29.026,-1.2581,-27.663,11.357,12.917,-32.634,-7.9994,36.63,10.257,-15.079,-1.8781,0.64033,-1.7904,-1.3907,-8.3314,-3.3753,1.7019,-0.39108,19.901,31.894,13.313,9.5958,-0.054392,-37.187,-33.128,-4.224,-20.542,-28.226,11.794,30.244,5.5427,-12.765,-0.44568,16.403,7.1755,-1.9077,14.092,18,2.1271,-4.0188,-5.6161,-2.0428,9.1466,3.7325,-9.4763,-10.538,-7.5879,-3.0996,-10.044,-22.944,-1.5495,19.985,-4.949,-17.566,7.0299,19.121,16.986,6.7775,-10.032,1.9078,17.181,-7.487,-19.45,6.9044,13.419,-9.3583,-19.409,-3.637,16.698,10.544,-14.839,-13.726,13.494,15.719,-9.7665,-11.232,8.6648,0.42902,-10.827,15.406,20.273,-16.532,-12.79,21.678,5.8919,-24.64,-12.72,-0.64874,-12.11,-14.489,-6.5279,1.0317,14.102,19.939,13.559,15.909,19.506,7.0875,0.34965,3.5922,-11.589,-30.612,-23.401,-10.096,-7.4412,-1.8313,0.92858,0.089226,16.681,27.01,2.3388,-9.4158,12.353,8.548,-11.484,4.4453,11.781,-14.912,-17.646,-6.4222,-16.903,-15.401,0.79382,13.115,29.495,15.879,-21.916,-11.933,15.733,4.8905,-2.5982,1.9321,-0.97869,10.447,11.805,-8.5527,-7.1137,-6.7182,-18.551,4.7081,23.026,-1.8784,-16.334,-15.269,-13.035,8.3807,14.788,1.3049,10.335,13.386,1.4638,6.7873,-3.4788,-21.769,-4.34,2.2039,-8.7725,5.3945,0.87195,-18.18,3.5081,12.198,-9.0523,-0.9259,5.13,-2.8491,17.037,14.793,-16.553,-3.3607,14.957,-3.9333,-1.518,13.844,4.013,0.73887,2.7474,-8.0049,-6.058,0.74172,-8.639,-15.654,-14.419,-10.043,0.34797,2.3209,-6.5751,-4.7083,7.0745,7.182,-5.4888,-4.7391,16.032,23.54,10.612,7.1696,14.076,16.071,10.176,-6.0576,-14.733,-7.8253,-13.945,-21.473,-4.0745,-0.081074,-19.999,-16.953,1.3216,4.1186,7.9949,19.036,19.782,8.7425,-9.118,-23.642,-17.844,5.3335,19.23,6.8641,-9.5386,-2.29,9.2324,2.2094,-0.92392,11.341,12.49,-5.9579,-17.054,-2.5714,15.148,9.5214,-2.27,-1.7294,-5.7602,-14.109,-9.1036,-1.2923,1.2899,7.5427,8.3629,-1.7851,-5.2864,0.021526,-3.1461,-11.107,-3.1866,6.8783,-12.622,-30.428,-2.0072,25.592,12.302,10.344,28.645,15.998,-6.8406,-3.6211,-2.8041,-12.449,-11.144,-6.636,-1.7784,10.377,14.119,5.4941,0.88784,-0.58145,-5.1144,-6.8282,-10.99,-24.808,-22.888,7.0914,17.733,-3.5143,0.11872,20.682,7.124,-8.4278,-1.943,-10.105,-15.417,5.9023,17.276,17.895,23.083,7.0615,-17.51,-15.484,-4.607,-4.9471,-3.2099,8.7717,13.52,-2.2713,-7.9098,10.899,10.198,-9.794,-9.8571,-5.5116,-8.6453,-7.1471,-14.604,-17.573,2.6276,13.99,9.0516,7.1293,5.8962,3.2154,-13.498,-24.644,17.958,47.639,0.11539,-23.426,12.524,17.942,2.0345,1.9379,-9.368,-17.152,-8.6188,-5.4424,0.43004,4.1497,-1.1059,0.14335,-11.068,-24.489,-0.27008,17.926,-1.7986,-11.901,-0.76062,15.611,24.429,2.1197,-14.833,8.7051,17.837,-1.8016,-5.2208,-2.9786,-6.4731,1.9625,5.1521,-3.7453,-1.8198,0.50165,-14.076,-23.274,-10.646,1.4679,-2.1347,-5.5392,3.5076,25.66,44.115,22.709,-17.596,-17.363,2.0021,2.7227,5.9265,4.9577,-9.3296,-10.316,-13.379,-21.911,-9.947,-14.41,-29.067,9.6528,44.053,14.198,-5.1608,13.218,19.298,11.791,2.0467,-7.4982,-7.7411,-11.448,-17.741,-9.1305,6.0634,17.98,13.193,-12.893,-16.66,7.9058,8.6305,-7.2382,-5.913,-3.0794,-6.1141,-5.9367,-4.7968,3.0085,10.525,3.8356,0.10108,10.282,19.354,16.432,-3.5138,-23.288,-11.155,14.207,8.913,-15.141,-21.711,-11.794,-4.7545,-8.3148,-9.4223,10.718,26.079,2.4339,-9.7032,27.32,35.095,-10.012,-22.281,-3.6865,-7.5735,-5.1573,8.6139,1.02,-4.9771,-0.11504,-3.333,-5.5725,-8.6412,-8.1814,5.1156,-1.4204,-9.6331,22.52,33.543,1.0633,-4.9104,3.3937,-6.9281,-9.4783,-14.331,-20.159,-2.7915,2.2068,-4.7154,11.827,12.158,-13.174,-9.7832,16.239,21.519,-5.5926,-25.92,4.5281,26.645,-4.4886,-3.5296,27.763,3.4249,-20.878,1.9386,3.9283,-6.5958,6.8285,4.2684,-13.915,-15.05,-10.204,-5.7112,3.3884,7.4947,0.20691,-7.4477,0.61056,4.406,-15.647,-21.148,-2.2381,5.5382,10.327,15.034,5.6163,6.1512,10.135,6.4103,24.096,24.223,-12.642,-4.3649,24.394,-5.4381,-31.042,-16.221,-12.403,-8.1032,2.845,-2.2358,2.204,7.5255,-12.379,-22.35,-15.432,-8.7862,11.159,17.074,-11.049,-17.056,12.227,23.598,7.4176,-6.5253,-4.4338,5.0187,6.966,9.9575,27.048,31.591,4.2948,-12.667,7.1647,12.205,-22.603,-34.132,2.5623,20.171,-14.717,-43.011,-13.155,28.451,12.776,-22.305,-12.968,4.015,-4.2259,-7.9961,-10.608,-17.493,-8.7891,-3.264,-1.0534,19.923,18.949,-6.6623,8.0754,37.335,25.294,13.591,25.319,17.064,-6.6686,-4.5291,11.512,3.498,-14.148,-8.1832,1.7054,-2.9306,-4.91,-16.07,-36.779,-30.277,-20.383,-32.82,-26.906,-20.896,-41.523,-21.179,25.106,13.133,-2.5807,27.775,41.087,46.163,69.37,53.336,21.674,38.171,55.291,40.519,16.965,-26.469,-62.963,-53.739,-45.204,-55.468,-51.185,-49.395,-49.105,-25.141,-12.835,-15.726,6.0236,23.623,20.403,31.755,37.67,22.856,25.091,32.795,23.125,15.186,0.46032,-13.974,9.2823,32.841,20.114,12.82,10.392,-13.491,-25.877,-21.16,-22.214,-17.184,-18.537,-32.492,-20.394,-5.8219,-24.523,-22.416,11.366,12.603,-9.535,-3.1816,18.606,16.304,-0.74795,8.8416,29.136,11.163,-11.738,4.5225,22.502,23.349,21.798,9.9425,3.0172,6.6913,-3.9,-5.0015,9.0447,-6.6394,-28.64,-24.297,-23.023,-20.479,-11.421,-22.984,-19.612,18.483,20.9,-16.456,-13.76,21.473,16.143,-10.272,3.6758,17.126,-7.7284,-4.519,24.603,12.382,3.7677,25.534,13.353,-6.7043,4.175,-1.6109,-7.2569,11.97,0.63617,-21.401,-6.6837,-6.6666,-27.99,-13.831,9.7897,0.78038,-10.213,-0.1963,12.207,7.2077,-19.984,-31.949,11.07,39.874,-14.537,-44.24,15.541,31.297,-10.416,10.606,36.7,2.4831,-4.7871,10.715,4.2199,17.612,13.163,-29.678,-10.684,34.602,-3.2406,-49.299,-21.564,11.775,1.6861,-14.565,-14.418,-18.407,-20.639,4.5392,19.305,-1.5167,-0.75175,23.789,24.13,17.321,14.004,9.48,21.106,7.6402,-36.328,-26.615,2.9077,-20.107,-20.692,14.719,2.4035,-13.114,14.363,9.9242,-24.692,-15.609,18.476,25.96,11.501,1.4786,2.9219,-0.58899,-5.8162,7.3872,13.241,-9.0928,-20.712,-8.7687,1.4434,4.5022,-8.7001,-24.54,-3.6195,14.6,-13.1,-20.1,18.565,30.835,5.6481,-8.544,4.4993,22.974,12.813,-8.0348,1.2086,7.2754,-12.639,-17.282,-7.4134,-2.2823,4.7652,-1.9069,-14.391,-5.2903,3.9982,5.6451,10.783,0.88423,-13.069,-7.226,7.5978,20.858,12.399,-10.999,-4.335,3.0849,-14.785,-4.69,8.3518,-9.8771,1.9145,15.791,-17.529,-19.652,11.162,4.6138,-1.5501,14.59,14.137,4.8153,-3.0441,-7.6814,-2.6692,-5.6318,-1.9822,18.2,11.042,-5.4939,6.7228,4.6132,-19.261,-23.887,-14.646,-3.1346,-0.70732,-17.981,-14.587,18.911,26.559,3.941,-3.9758,10.612,20.812,12.262,6.085,12.035,2.3048,-19.282,-20.546,-10.509,-9.3262,-10.295,-10.195,-11.107,-1.0225,20.887,24.953,2.9715,-9.0266,2.0993,15.102,13.917,-5.4403,-12.872,2.2376,-8.2923,-18.558,12.443,2.8423,-30.953,10.968,27.865,-32.928,-29.617,18.245,19.304,21.601,15.585,-9.188,1.638,-5.3932,-26.088,17.184,31.449,-13.1,-7.0663,4.5367,-15.993,-5.5479,-10.923,-30.245,8.7596,29.955,-0.34197,-4.5851,3.7928,8.1729,17.621,-4.841,-25.4,-6.1299,8.9946,19.551,19.971,-11.37,-14.058,6.174,-9.1985,-8.3313,10.72,-9.8932,-17.988,-0.2789,-8.2101,-4.5883,15.718,4.9189,-5.5904,5.1715,12.953,15.473,3.4882,-8.0533,-1.5311,-12.99,-15.656,25.214,25.845,-15.394,-6.5696,10.98,-4.6227,0.29805,4.2262,-12.588,-1.8627,3.9475,-23.789,-23.884,0.5439,1.7761,-4.6368,-0.59423,10.089,19.754,11.707,-3.5079,-8.8193,-7.7534,6.0895,12.543,-9.2303,-6.2918,30.88,30.507,-1.0364,-11.806,-11.533,-10.813,-7.8285,-8.0743,1.6148,8.2855,-6.4572,-3.7057,17.661,6.495,-16.231,-10.838,-9.5003,-22.96,-9.796,17.284,8.6911,-10.647,3.1449,12.87,-2.1986,1.7939,14.121,2.5147,-6.0604,-6.2064,-7.615,7.8393,17.142,3.3583,1.6706,8.1252,10.056,20.054,12.242,-10.574,-6.7623,2.7261,-4.4786,-15.707,-30.989,-23.793,4.0266,-0.77526,-11.93,-1.2091,-13.083,-16.064,18.963,17.298,-15.741,-18.038,-13.643,-6.9224,21.564,28.95,9.7662,10.282,25.529,24.327,11.545,17.361,38.192,28.64,-4.0392,-9.941,-3.1056,-16.626,-30.992,-23.42,-10.115,-29.749,-69.665,-55.718,3.0841,16.454,-14.292,-28.684,-20.159,-0.73428,11.012,0.61863,5.3427,37.12,51.024,53.995,69.067,58.935,31.586,39.032,50.347,33.237,21.344,-6.7457,-72.659,-105.57,-93.138,-84.924,-66.55,-47.87,-52.097,-27.88,10.141,8.8772,19.142,45.803,40.536,50.718,77.484,50.406,4.3243,-1.6732,15.839,24.824,12.418,11.742,25.541,-4.9484,-34.204,-2.6284,3.9838,-30.944,-30.265,-20.148,-25.033,-21.155,-28.182,-27.999,-0.1217,5.6341,-10.619,-11.291,-0.71792,9.0765,1.4837,-4.514,23.033,30.724,4.0101,6.6587,18.922,17.936,30.099,19.802,-4.0587,13.194,20.507,-4.6879,-5.0604,0.99154,-12.673,-14.327,-7.0138,-13.288,-25.03,-23.414,-16.323,-25.201,-22.143,-2.3093,-16.656,-21.934,20.327,20.634,-9.5839,14.824,39.246,27.202,18.504,6.9511,11.138,29.733,2.9633,-24.288,-1.221,7.2113,-7.7542,-1.4093,7.1384,-5.9362,-27.878,-25.881,-2.6319,-6.7895,-14.705,5.7135,-0.34358,-12.739,15.119,17.612,-1.4801,11.237,2.9775,-19.51,0.92173,10.458,-9.0837,-5.7801,2.474,-1.2672,6.5254,13.986,1.8603,-14.183,-4.3719,18.812,8.5508,-12.809,1.339,19.506,15.705,1.697,-18.544,-17.791,5.1396,7.3616,-4.8207,-9.5715,-5.6983,9.1926,-0.084091,-28.555,-14.651,3.7676,-8.7184,7.9435,19.841,-13.737,-4.8041,33.776,13.956,-13.235,-5.2159,-2.0142,3.5592,10.248,-6.0202,-9.7807,12.525,18.858,2.5287,-11.152,-8.8263,0.12031,-5.6478,-12.414,5.0586,16.498,-4.4628,-14.72,9.2866,15.209,-14.278,-19.955,4.2351,3.0495,-12.136,-4.9698,4.1935,8.1549,10.877,-8.6232,-22.856,-1.5178,14.093,15.459,24.073,11.262,-12.151,-6.444,0.58882,-0.48894,8.0112,-1.7754,-16.513,-1.8417,5.2054,-2.576,2.0326,-4.3718,-13.848,-1.5525,-1.0528,-6.9852,9.8949,14.927,1.7494,3.3782,5.7349,-5.5351,-13.432,-9.7039,-1.5752,-5.5899,-15.609,-3.3689,21.641,24.177,-1.1667,-16.635,8.7196,28.395,6.7803,-2.8029,1.1448,-14.297,-1.1122,21.758,-14.743,-44.249,-15.915,9.9333,13.167,-0.047589,-17.617,-1.2996,19.784,10.725,4.8952,4.6284,3.0345,6.956,-6.9075,-16.57,-2.7818,-6.4644,-2.3375,25.392,14.25,-8.0101,2.334,0.2972,-9.0768,-9.0503,-21.618,-16.413,6.2978,3.7333,-1.0098,5.7129,6.4349,10.47,11.96,9.5696,11.635,4.6607,2.2918,5.2141,-7.0608,-4.7795,-1.1001,-27.248,-23.23,4.0038,-8.2229,-14.492,1.8779,1.848,5.5774,8.1557,1.9253,12.402,8.5458,-2.8818,16.036,14.341,-8.1336,-2.2119,1.1125,-3.6258,-5.0604,-16.761,-1.2476,15.031,-15.198,-10.269,27.292,14.091,-2.5628,-0.96414,-8.3162,0.12975,-14.498,-36.12,11.741,22.887,-36.438,-19.088,29.173,18.781,20.747,16.281,-14.189,5.6358,21.995,-13.762,-24.764,-18.22,-21.636,2.8631,22.048,7.2997,6.1097,13.648,-2.5134,-15.338,-2.364,11.716,9.1154,2.6875,-2.0801,-5.3634,2.5275,3.4045,-14.899,-15.599,3.7619,7.8868,0.43233,-4.3683,-1.2802,4.4782,-10.395,-20.497,2.9186,11.048,-1.9841,5.9665,5.7088,-10.282,1.0014,15.153,2.1154,-9.1655,0.22547,21.739,25.688,-3.673,-19.409,4.8453,20.565,3.2259,-9.9598,-0.99449,-2.625,-21.287,-18.558,-6.3584,-14.835,-11.511,1.2063,-12.512,-10.721,21.912,21.968,-6.0937,-8.2734,7.1743,7.8771,4.0238,21.049,31.539,3.1379,-18.304,-7.0555,-0.061939,3.1868,2.0452,-11.702,2.2175,21.236,-1.2376,-12.681,-5.0624,-11.746,4.8841,15.227,-20.991,-28.833,-10.84,-15.521,3.8505,23.652,-1.7372,-9.9278,-0.28073,-2.5121,17.519,21.142,-14.593,-15.572,9.7492,16.17,19.186,11.399,1.2167,6.93,-4.2902,-13.342,6.5931,8.5773,2.6014,12.595,-4.0151,-23.698,-12.141,-11.096,-10.262,6.4291,-9.1736,-34.895,-17.29,12.786,19.354,11.496,7.4704,6.6307,-7.8236,-14.584,2.2594,4.9462,4.6651,20.133,1.0393,-22.428,7.7326,19.035,-9.5091,-3.2913,18.517,22.807,25.431,6.1961,-9.335,16.649,14.355,-32.563,-40.28,-12.032,-4.1073,-15.108,-26.4,-23.531,-3.4779,11.891,7.6648,-11.95,-22.845,-3.6322,19.468,18.892,9.6291,5.992,12.643,23.839,20.679,11.938,8.5581,1.6387,6.3901,14.778,-8.9922,-30.05,-9.1042,15.481,17.211,5.383,-8.0872,-2.4434,5.0292,-16.077,-32.763,-22.521,-16.34,-21.129,-24.733,-26.795,-21.052,-13.453,-12.499,3.5316,33.133,29.809,1.2968,16.545,63.729,64.042,33.481,32.263,35.292,15.906,-1.0365,-8.7765,-7.7953,-6.3888,-31.19,-57.015,-49.301,-41.448,-53.551,-58.546,-38.245,3.3964,25.77,4.279,-7.3343,15.584,24.689,17.704,27.538,36.82,26.039,23.156,38.859,30.155,-4.308,-2.5371,23.56,13.69,-8.006,-16.695,-29.377,-17.31,5.2672,-22.802,-44.949,-7.391,4.0581,-35.322,-40.009,-6.1875,9.844,9.9064,7.2072,-5.5229,-6.9056,16.73,23.886,2.11,2.0316,25.6,22.063,0.63262,4.9966,21.444,16.243,-0.249,-11.433,-19.963,-9.7895,11.075,-5.245,-20.645,20.097,32.794,-9.7807,-6.4712,8.5342,-32.509,-41.663,-4.5204,-0.20602,-8.6474,-9.5932,-14.415,1.9721,11.737,-5.8593,-0.14301,14.675,5.7028,5.7571,11.728,6.8892,12.114,18.49,9.5964,-0.029734,6.9229,23.339,5.0502,-38.49,-32.647,1.5861,5.5615,13.002,23.351,-1.5779,-17.05,0.38675,-0.56335,-23.838,-23.111,-1.5305,-6.0301,-18.582,6.7337,16.427,-11.76,-0.70938,21.339,-0.17361,-1.8628,11.466,-0.030828,9.8205,10.745,-26.263,-13.849,28.986,17.69,-9.4472,-10.185,5.4532,18.112,4.116,-1.2652,14.376,0.4534,-7.4949,13.395,-3.4814,-30.526,-18.397,-2.8074,11.618,13.198,-13.129,-18.4,-21.592,-39.802,3.6702,49.143,-2.0695,-38.273,6.2133,21.507,-7.4846,5.1625,40.74,18.553,-21.81,0.81608,16.03,-20.995,-3.1607,45.576,17.704,-12.831,10.52,15.524,-8.7201,-26.433,-12.638,18.455,-2.5943,-35.055,-5.4349,4.7077,-19.039,-5.3771,-7.1836,-24.066,0.95888,-2.0524,-29.296,-10.078,-2.1134,-8.7122,24.958,39.545,14.481,3.5228,11.938,28.268,20.34,-7.1233,16.296,41.56,2.1126,-6.7421,26.157,2.7858,-32.356,-18.781,-6.5625,-9.7849,-7.7077,-13.517,-31.94,-44.348,-32.095,-8.2645,-7.3616,-24.759,-28.409,-11.354,0.4706,-4.5208,15.359,51.515,33.947,16.476,60.345,59.449,15.167,48.886,71.45,-0.16104,-22.108,21.973,1.5455,-43.59,-41.171,-48.261,-72.876,-63.152,-40.238,-40.614,-43.867,-26.764,-1.8007,12.625,19.839,25.355,24.518,29.946,49.894,55.387,41.766,36.635,27.279,8.9793,8.3923,-0.58208,-21.422,-3.9381,3.9445,-34.756,-31.666,-5.2015,-31.928,-30.966,12.576,-1.4566,-27.567,-8.5108,-4.4646,-12.098,-4.2538,-4.1329,2.871,13.588,4.0141,1.7891,5.1919,3.3668,21.338,22.707,-9.3411,-6.4649,21.026,17.24,7.5305,14.173,23.309,21.354,-6.1888,-23.026,0.78982,3.4695,-29.916,-29.955,-6.0455,-8.5193,-16.722,-17.441,-23.413,-7.8259,20.173,7.1776,-10.931,9.1257,2.5543,-23.337,15.499,50.617,7.888,-15.831,14.605,24.876,13.829,2.5531,-5.6897,6.4429,3.322,-26.051,-17.61,6.2982,-9.9543,-16.698,8.3681,12.801,-6.7674,-14.812,-2.4975,4.7642,-11.216,-15.831,3.3908,5.6098,-0.30075,5.7363,-2.5459,-3.4373,22.221,19.629,-1.0927,10.615,9.5196,-19.76,-13.443,8.8058,-4.091,-14.457,3.0124,14.264,5.5877,-10.496,-17.414,-8.3699,1.325,6.7714,7.0163,-5.5654,-2.2714,17.531,0.47404,-15.519,24.586,33.634,-17.924,-25.733,0.51768,-7.7376,-10.731,-0.23079,-8.233,3.0926,17.835,-14.597,-22.742,22.328,20.15,-16.468,1.5838,21.66,-4.5673,-8.8114,13.591,12.175,-1.8448,-16.733,-18.389,10.96,13.192,-21.291,-10.743,19.021,8.0387,0.47043,2.0482,-8.5655,-2.8066,-4.5046,-19.154,7.0711,27.252,-7.2914,-27.739,-4.9296,21.013,14.684,-26.1,-26.488,28.849,35.976,-2.3488,-2.6806,16.503,17.911,0.60911,-21.493,-11.28,4.0844,-17.938,-29.533,-12.816,2.8393,15.821,4.6205,-12.748,6.9061,12.33,-5.6895,4.8288,3.3396,-13.232,4.5324,10.405,-1.0515,11.622,3.6209,-17.086,1.3579,19.567,18.114,11.411,-8.2186,-10.033,2.088,-8.0071,0.10857,26.033,10.834,-22.172,-39.899,-48.618,-37.396,-14.528,9.1479,30.218,18.787,-4.3286,3.9426,16.925,25.281,43.901,41.351,8.1067,-27.526,-38.133,-10.962,4.025,-20.589,-18.334,13.799,13.217,3.489,17.104,16.124,-5.8791,-6.7588,6.2709,-14.194,-38.401,-12.435,3.8322,-21.612,-15.076,1.2447,-16.265,2.6763,39.974,24.911,11.428,15.53,-5.5943,-20.708,-18.645,-8.8292,19.606,23.16,4.7115,16.794,18.607,3.1763,17.291,13.818,-10.571,-4.1726,-12.785,-33.213,-13.99,-14.22,-34.284,-8.0125,4.8977,-18.656,-5.6412,9.6615,-10.776,-2.5642,26.512,15.9,-6.473,1.3941,18.078,15.245,2.9059,-0.23065,-5.1137,-10.788,10.059,30.095,9.2042,-6.6386,12.089,15.848,3.9101,13.137,14.519,-11.925,-21.491,1.5375,13.21,-13.608,-40.176,-29.497,-24.796,-49.487,-44.483,-16.891,-22.852,-22.597,6.856,14.317,15.423,33.597,35.043,40.733,69.55,73.458,58.81,58.659,48.435,23.882,1.3583,-31.638,-64.432,-75.476,-77.818,-75.059,-58.584,-47.982,-49.7,-30.612,4.3971,10.392,7.8344,35.055,50.344,35.231,27.056,19.473,18.708,44.278,41.887,9.066,10.955,17.882,0.37125,1.6797,6.1394,-11.325,-20.654,-15.996,-6.9424,-11.827,-40.331,-41.052,-15.993,-18.342,-10.818,7.1713,-19.354,-23.955,17.95,13.153,-10.625,10.374,25.493,18.623,13.851,2.8039,2.5457,19.526,22.739,3.9037,-15.772,3.4525,45.057,28.211,-17.699,-8.3249,9.3454,-6.8878,-13.354,-15.946,-27.042,-21.403,-13.58,-14.576,-14.912,-24.959,-21.181,14.25,25.591,-4.7854,-20.333,-6.1468,10.781,26.852,35.001,19.693,9.4002,28.335,31.749,4.5137,-1.7339,4.5949,-18.01,-39.583,-29.198,-1.8297,15.425,-3.5298,-24.664,-4.4355,1.6624,-23.596,-6.1452,27.788,9.4082,-14.881,-3.4816,8.76,3.3301,-2.4623,7.3645,11.293,-10.464,-7.1771,31.605,25.281,-20.074,-25.724,-4.7748,2.8608,9.6087,14.299,2.0449,-13.359,-9.3955,5.409,2.575,-3.7299,9.8561,7.1511,-17.049,-13.332,1.5294,-3.4253,2.4533,12.399,-2.4573,-12.431,-4.3606,0.32049,7.4473,12.721,-4.589,-20.648,-1.9294,24.31,13.507,-10.55,-2.5177,14.169,12.113,8.2494,-8.424,-31.586,-8.6012,20.838,-11.03,-35.328,-0.887,19.085,6.5831,6.4099,1.4091,-11.942,4.608,19.897,-2.7762,-11.159,10.144,8.1902,0.48607,14.158,2.8985,-18.303,-2.8101,3.4482,-9.8567,-3.8331,-10.36,-19.331,6.5945,3.0329,-23.432,3.6373,24.048,3.1563,5.4289,4.3898,-9.6016,18.046,34.232,4.5663,-9.718,-14.339,-24.436,-12.507,4.3572,12.44,6.47,-14.374,4.2274,31.585,-12.344,-39.167,3.0262,5.4619,-19.382,-4.58,-1.3983,-1.8282,24.797,17.68,-4.4349,11.409,13.708,-4.4561,0.44774,2.1493,-3.1317,9.8253,7.0087,-14.109,-6.5727,7.9968,-15.81,-44.168,-24.045,17.717,16.522,-10.878,-3.2711,15.137,5.7316,7.075,18.163,-0.81496,-11.946,6.0924,11.908,9.4767,4.327,-11.03,3.1,23.593,-4.3001,-24.307,-9.1805,-2.2524,11.065,13.856,-17.928,-20.796,-10.975,-28.876,-9.0048,16.446,-9.5328,-4.4883,18.817,3.1153,17.673,33.998,-5.8095,-10.643,22.93,26.482,19.453,-7.2112,-29.529,-0.60404,-7.5662,-37.312,13.181,26.726,-43.728,-32.274,23.064,2.7192,-5.8329,21.413,1.6824,-22.905,-6.2947,0.11371,-8.1264,7.2294,24.372,16.91,12.533,11.186,-13.352,-22.693,2.8422,12.653,9.3526,13.202,-1.9781,-12.864,-2.1642,-11.647,-16.52,7.3892,2.7996,-16.318,-0.0016156,6.4811,-13.798,-7.8727,16.346,16.998,0.82381,-9.4712,-6.3402,3.4592,3.8308,-1.2338,1.2181,-4.892,-14.872,5.54,22.355,1.3155,3.78,27.34,2.3755,-22.223,-3.2563,0.67266,-6.0565,-0.72016,-7.6206,-3.3394,8.0804,-5.0963,-5.4682,-4.3552,-24.185,-2.8035,25.993,0.22605,-8.7552,8.7067,1.854,-1.6724,-4.6468,-6.2975,19.866,13.797,-13.23,10.59,10.643,-27.209,-5.4363,25.055,8.3018,1.2623,-1.012,-10.444,-3.6971,-2.6709,-0.79828,9.8722,-3.8059,-13.169,1.6075,-0.77743,-12.42,-15.873,-15.591,1.8685,8.7641,-11.884,-13.019,4.9083,17.499,35.675,37.353,6.6082,-19.355,-16.077,7.7749,21.15,8.5315,-2.9539,-5.9918,-7.9438,-3.284,-9.8323,-16.928,-1.0989,-3.0899,-21.112,-13.939,-8.781,-1.38,21.859,5.9893,-16.031,5.477,1.6902,-14.649,14.531,24.906,8.6177,13.19,-1.7235,-18.082,15.196,29.543,-4.543,-14.276,6.5551,1.2157,-23.476,-7.9422,26.181,5.054,-22.093,4.4224,7.5199,-27.172,-29.382,-17.086,-3.8682,19.875,8.4387,-12.459,5.2155,6.6753,-10.073,4.9556,18.298,13.084,11.599,0.44635,-7.9075,3.9198,6.1523,-3.1283,2.441,16.613,13.5,-6.0748,-4.607,11.233,-9.1909,-33.76,-13.241,3.2902,-11.136,-14.654,-0.04029,8.8508,0.70004,-8.8861,5.2251,22.217,14.347,-7.4952,-31.011,-30.013,2.6935,18.851,17.153,22.068,14.21,14.666,26.529,-1.7979,-22.827,1.7065,-4.5564,-32.648,-27.014,-14.786,5.137,26.537,7.9908,-6.4584,9.3875,11.593,6.3267,-0.35403,-6.3965,14.957,14.428,-26.137,-26.002,2.4436,3.2767,-4.2471,-15.421,-19.57,-3.8455,-3.278,1.4723,21.557,4.9304,-5.3459,17.2,-2.3361,-22.484,10.618,20.699,8.3919,18.176,14.374,4.6172,12.428,19.883,29.182,12.32,-33.145,-29.13,2.0416,-17.965,-45.336,-37.56,-26.476,-21.622,-18.039,-10,8.0583,12.449,-3.5266,-8.783,12.553,37.209,34.206,25.891,40.367,37.314,14.745,19.881,21.531,0.044748,-0.17048,-1.2182,-26.605,-31.715,-24.414,-36.58,-42.488,-32.943,-28.761,-24.912,-7.1471,13.838,16.249,10.118,16.738,22.127,16.486,8.1561,-0.86736,4.2786,13.666,-1.2666,-3.2574,27.271,34.329,12.255,-4.4263,-11.035,0.18902,11.365,-0.51272,-6.6784,-5.9897,-15.165,-14.237,-18.182,-32.02,-15.231,7.061,2.4706,-5.7732,-21.701,-24.405,13.811,21.392,-13.184,-3.0095,26.035,13.788,7.4595,27.465,27.6,-0.60815,-19.524,-1.4983,18.876,0.90579,-9.017,19.47,25.753,-1.0387,-10.231,-14.261,-34.454,-33.841,-9.5115,0.91366,4.0588,8.2216,-9.429,-25.674,-7.0639,11.139,6.2899,4.3742,3.0768,-0.93788,15.371,29.697,9.7026,-4.9115,11.447,3.294,-34.326,-22.989,21.984,16.959,-3.5617,12.354,14.113,-6.6719,-8.1888,-1.9485,1.147,-4.457,-20.206,-5.4252,12.473,-12.348,-8.5073,19.572,-4.5999,-8.4968,19.411,-19.027,-42.288,4.9848,5.529,-9.8318,22.762,5.6109,-30.969,14.106,48.514,16.324,3.7431,15.147,8.7121,2.1451,-2.995,-16.561,-16.519,-1.6475,1.4758,-9.513,-19.35,-17.332,7.1547,27.434,-2.2034,-36.895,-14.652,7.5216,-5.4302,2.7766,13.256,-12.311,-14.618,20.145,31.36,19.11,18.073,21.12,0.63173,-32.015,-24.296,10.747,6.5439,-12.95,-1.7638,4.8591,-2.1539,-0.59807,-10.32,-20.415,-0.74536,15.937,5.6097,-5.8889,-8.8563,-6.8328,5.8765,15.085,1.2772,-12.362,1.3549,11.556,-3.7153,-7.0335,8.4396,12.089,6.3296,-1.9905,-3.5337,15.173,11.741,-27.226,-32.366,-3.2372,1.3254,-11.282,-13.964,6.0671,36.753,23.416,-8.0454,13.717,28.292,-13.214,-31.06,-5.9138,9.9435,9.7514,-0.38613,-7.0512,-2.774,-12.126,-19.138,-5.188,-3.6802,-3.8414,7.7347,-13.695,-42.977,-20.217,22.331,42.422,37.148,11.462,3.1904,24.374,21.425,-11.284,-13.809,14.547,12.279,-12.179,4.8427,27.106,-9.0328,-35.761,-9.7207,-13.182,-52.617,-50.222,-14.25,1.5566,-8.1026,-16.418,-2.9767,19.702,31.127,30.426,24.153,22.398,13.057,-8.8229,8.7779,52.394,37.687,4.1662,16.914,13.471,-18.613,-19.76,-16.185,-32.382,-28.12,-9.0372,-14.484,-34.312,-36.525,-35.07,-46.372,-27.607,12.935,7.8987,-1.0606,29.849,30.17,11.848,36.254,53.195,42.677,40.979,39.424,41.74,34.771,2.7787,5.7171,12.285,-59.751,-109.45,-67.402,-39.421,-43.606,-25.324,-12.049,-17.593,-17.203,-6.2191,11.775,24.327,30.904,42.037,50.23,52.088,34.539,-5.8123,-18.789,0.69188,6.535,6.0439,2.9502,-9.7501,-4.068,-0.6148,-13.485,0.45574,9.1141,-17.431,-24.359,-19.502,-25.333,-14.951,-15.181,-17.066,21.05,25.228,-15.862,0.38736,36.482,16.454,-1.4651,5.1486,-4.8483,-11.963,4.4127,13.381,-4.7662,-20.473,2.5531,32.919,18.282,-11.734,-6.2694,13.711,10.941,-2.0392,0.55593,9.1763,3.3504,-13.983,-32.253,-37.012,-15.11,7.0541,-6.2265,-31.78,-21.311,16.82,31.395,19.242,16.715,12.009,-4.1923,7.4763,26.125,6.3105,-6.671,12.033,11.433,-11.645,-17.279,-0.32926,9.2046,-10.165,-22.979,-5.8346,-1.6347,-10.742,-9.0619,-19.656,-15.099,22.223,18.046,-7.297,16.951,21.884,-15.735,-7.6736,17.44,-2.3325,-10.739,7.5076,0.061182,-7.7968,13.933,14.807,-9.7581,-6.7185,3.4153,-3.4158,15.327,30.385,-6.6597,-26.466,-5.5376,-4.7477,-9.2964,-12.251,-32.848,-14.676,23.349,9.6297,1.6142,8.7664,-23.742,-14.727,38.281,15.43,-17.657,17.722,29.138,12.818,12.069,-19.058,-35.745,3.4473,6.4461,-11.428,20.489,24.593,-15.389,-12.764,2.1401,-14.388,-19.874,-12.409,-3.2292,14.757,10.3,-7.6955,0.080967,6.2689,0.50015,9.5882,15.456,8.496,-6.2073,-38.289,-46.023,-11.117,1.3627,-5.0483,19.094,34.878,16.542,11.2,28.056,29.675,10.423,4.9872,15.655,3.3319,-15.313,-8.2097,-12.625,-28.07,-16.917,-11.197,-21.902,-20.649,-21.6,-15.619,-1.0441,-19.934,-26.66,17.853,32.816,7.0334,4.1632,15.817,25.881,31.451,17.242,3.5641,0.028324,-2.0426,6.3529,7.1125,6.5871,28.475,22.159,-4.855,10.149,7.1621,-32.521,-23.716,-8.0985,-34.525,-25.858,6.5511,-14.713,-56.712,-59.615,-28.217,-3.2131,-9.9605,-22.814,-13.345,12.996,35.112,34.977,41.334,77.931,95.399,79.577,68.839,57.754,39.918,12.231,-40.501,-76.51,-79.334,-92.888,-94.201,-60.082,-35.543,-33.042,-35.256,-20.025,13.364,11.818,1.1567,36.547,43.043,15.761,34.21,40.503,20.65,41.493,37.963,3.3464,20.95,32.646,7.7197,3.7843,-8.9914,-31.19,-24.992,-24.013,-21.339,-9.8594,-24.646,-18.087,10.745,-14.994,-38.307,0.21776,21.833,-1.1544,-20.631,-28.539,-30.425,-16.703,6.3434,13.444,17.504,45.069,44.706,6.0856,10.606,32.294,17.231,16.616,18.533,0.80179,11.61,6.4859,-27.409,-10.24,5.204,-22.792,-23.88,-22.716,-33.313,-14.449,-18.935,-36.832,-11.599,-1.0357,-1.0126,23.151,12.225,-3.087,18.901,17.767,14.304,22.769,-3.4245,-2.7345,26.932,0.45967,-12.474,30.325,30.814,-3.6678,-12.327,-11.144,-7.1331,-2.8282,-6.3079,-7.9784,-12.492,-7.951,4.8387,-11.048,-17.686,10.693,-6.5664,-48.384,-20.128,16.873,1.0077,4.6191,31.626,19.972,2.3847,7.1796,-4.5024,-9.3284,22.843,26.958,-10.007,-16.158,0.77668,-2.1582,-0.94519,13.951,14.715,-1.0729,-10.38,0.32016,1.9344,-21.562,-20.498,10.609,16.814,1.0204,-10.828,-20.489,-22.274,-16.919,-1.4475,21.395,17.588,1.5595,5.3427,3.6215,0.52242,-1.6844,-27.636,-13.882,42.645,31.388,-7.6859,3.6404,3.7978,-2.9375,14.92,-1.4432,-27.381,-9.3876,11.382,14.347,1.0004,-18.715,-8.8323,-0.68466,-11.928,0.14641,-0.003463,-19.199,-0.019481,7.2984,-12.114,9.8204,22.052,-2.7614,3.171,7.2814,-10.515,2.5929,5.5167,-18.835,-4.3858,21.421,14.721,10.464,8.6262,-3.7686,-2.8955,-3.9447,-20.99,-11.988,14.427,-0.1228,-21.827,5.3975,21.511,-10.736,-20.579,3.3096,8.9603,1.4511,-2.3554,-3.5595,1.8705,-0.80317,-10.566,-2.7899,13.534,15.922,0.54181,-11.219,6.6544,19.073,-4.6175,-15.293,2.4988,15,13.275,-13.482,-30.968,4.3427,18.932,-13.059,-8.2929,4.2712,-17.986,-6.1128,17.586,-5.8953,-7.2247,28.923,19.299,-16.641,-8.0847,9.9226,-6.8829,-10.077,12.253,8.664,3.1237,11.657,-16.863,-33.522,3.1687,4.5873,-16.214,8.026,15.258,-1.8336,4.4584,2.1043,4.6176,21.917,3.6176,-11.013,-8.6383,-34.427,-20.882,27.411,12.349,-3.5056,19.259,8.0457,2.0652,15.582,-14.49,-28.754,2.4482,4.6019,-6.3963,3.0564,5.0643,-0.24643,-10.634,-17.468,1.4627,10.362,-3.6986,3.5733,16.363,5.2072,-6.3757,-8.297,0.083385,16.561,10.758,-12.638,-14.417,-2.7775,-3.8128,-6.1704,1.4346,9.4907,15.717,17.477,6.1946,-3.5219,-1.6964,-5.4666,-4.9008,5.8235,-10.154,-31.978,-10.514,12.208,1.3369,-9.411,-11.606,-2.9943,14.109,-1.5841,-20.582,14.814,37.972,7.5881,1.686,15.182,-10.04,-15.821,19.603,8.087,-31.28,-12.34,23.346,21.652,7.411,-13.686,-21.839,3.381,3.4948,-18.53,-2.412,1.5667,-23.523,-5.6556,16.441,-6.2697,-14.338,4.9215,13.745,2.2502,-16.823,-1.1315,28.416,12.538,-0.12985,10.316,-3.9984,2.2868,20.613,-17.101,-23.613,27.679,16.215,-24.866,-7.7328,17.809,13.318,-8.2035,-23.814,-9.3611,0.28955,-6.0433,3.6942,-2.9435,-18.122,6.9488,14.683,-16.989,-19.864,-4.1705,-1.8774,2.7968,8.9343,13.643,8.8576,-0.6405,15.429,14.984,-22.247,-9.9698,31.725,18.487,-0.20482,4.8271,0.6968,17.221,28.388,-19.289,-45.577,-6.6587,9.2032,-18.468,-25.423,-3.1427,7.1335,-10.24,-23.736,-7.0361,2.7902,-20.745,-17.937,27.057,27.849,-10.206,1.0509,24.033,5.2899,3.7362,20.715,11.472,5.357,9.0089,10.524,26.03,21.818,-5.1774,-3.3613,0.14719,-13.225,-8.8186,-11.444,-22.474,-11.003,-15.39,-35.894,-33.827,-30.245,-22.138,-1.9932,-4.1635,-6.9209,7.9629,9.5305,13.842,27.582,26.793,28.439,31.849,27.944,31.121,20.957,12.208,40.857,46.934,6.5701,-17.986,-28.663,-42.475,-46.037,-56.38,-61.476,-41.69,-29.78,-25.452,-11.871,-11.002,-13.138,8.0622,32.564,32.402,21.258,32.571,45.168,27.758,28.223,50.474,31.295,4.3026,5.298,-8.4538,-17.106,-10.274,-30.604,-31.748,-0.48193,-15.027,-38.827,-9.6841,5.4703,-26.722,-43.051,-12.974,20.58,14.987,1.9445,10.869,5.4707,-3.1614,15.623,15.269,-4.974,4.8271,16.107,5.5623,1.1643,-1.2507,4.7253,32.873,34.689,-2.5676,-15.795,-0.93364,-5.5076,-16.748,-9.1999,-4.6729,-8.1114,-9.0279,-18.537,-17.775,4.3777,0.54646,-16.897,3.503,16.302,-7.2046,-11.709,1.2634,1.6961,3.9981,4.5267,2.9951,13.877,12.744,-2.1006,4.3487,17.392,7.0379,-4.6893,9.8981,23.511,-0.40462,-23.35,-6.4733,-1.2046,-25.266,-18.419,14.856,16.365,-14.441,-25.708,8.4228,28.998,-6.7616,-23.009,10.768,13.036,-15.345,-11.567,-5.4486,-26.97,-20.698,25.31,37.953,10.724,10.127,16.759,-7.2906,-9.8887,3.972,-10.02,-2.9277,22.131,7.6692,-5.3421,3.9636,6.1499,7.1691,-16.437,-37.589,0.61364,7.4104,-28.275,5.508,23.934,-24.276,-7.7046,21.489,-15.15,-8.7736,23.327,7.0401,-0.5078,0.41199,-1.6422,15.611,-3.3044,-23.684,21.264,29.991,-13.238,-11.183,-7.6159,-29.831,-8.3264,32.76,29.062,-7.1633,-13.896,23.175,18.507,-31.543,-26.131,3.6526,-1.2286,1.2389,-5.6702,-22.536,8.6833,28.452,-1.6694,-13.091,-12.582,-11.075,19.374,30.84,9.3186,-1.9776,-5.692,2.3744,4.9309,-25.119,-26.052,1.3383,-13.649,-19.112,17.716,30.053,19.201,5.084,-6.0604,17.941,26.14,-11.482,-10.609,6.6381,-21.642,-18.543,17.657,-2.6575,-34.23,-14.474,7.7224,1.9988,-9.3206,-9.0543,5.8193,15.424,7.2344,3.437,12.873,14.782,5.3704,-1.6473,-6.9561,-7.9325,4.5604,10.449,-3.7343,-11.784,-5.5168,-0.19296,0.73322,-5.6998,-10.824,-7.3238,-5.4818,12.466,37.457,11.551,-27.913,-10.81,12.925,1.3663,-9.7368,-5.2865,9.1201,9.6482,-12.794,-10.166,7.9812,2.012,6.321,2.197,-35.734,-24.448,19.986,10.557,-1.5513,10.396,1.3314,1.5327,13.249,3.2446,-0.77604,-0.47474,-6.2152,3.9321,5.609,1.3766,17.552,10.339,-9.8005,6.2634,7.4181,-21.452,-20.763,-4.045,-4.8321,-9.6039,-10.858,-9.8089,-6.8943,-1.0169,3.4738,-4.2205,-6.3372,2.4464,4.6865,20.354,29.963,2.1875,1.9786,19.491,-10.636,-9.3501,25.899,-2.4911,-13.016,26.598,3.5574,-22.283,9.7504,3.5264,-19.11,-0.74367,2.2759,-14.782,-28.365,-34.925,-7.7245,11.057,-12.615,-19.236,-8.2838,-1.2257,27.13,39.831,18.103,9.3156,6.2797,2.5036,14.378,13.654,4.8189,8.4547,2.5276,-2.8811,-4.6446,-25.712,-25.202,9.1635,16.441,-0.9379,-5.7274,-8.8743,-19.155,-23.408,-11.568,2.7699,-1.5897,-2.0155,14.252,9.7003,-8.4257,-3.2877,3.7445,-7.8244,-10.393,7.2999,15.256,7.5021,18.996,31.109,4.3673,-7.4239,13.956,2.6461,-10.098,6.619,-12.948,-29.452,7.5204,11.652,-10.678,4.6931,0.25653,-19.938,0.3214,7.396,-6.6032,-0.18321,-11.162,-26.641,-8.0718,-7.6427,-21.575,-2.128,9.7947,1.8462,10.686,16.19,12.92,20.546,17.277,6.5686,11.451,15.815,20.682,28.634,13.252,-2.9228,3.044,-7.9207,-27.086,-22.913,-31.581,-45.868,-25.949,-17.763,-32.976,-18.702,-1.3334,-2.6799,14.063,23.327,14.567,32.691,41.447,13.947,9.292,18.827,6.1475,6.0576,17.532,7.8559,-6.8319,-10.185,-6.1472,-10.036,-29.759,-24.848,4.3645,-4.8877,-28.133,-10.35,12.412,15.829,10.724,-7.8415,-11.218,6.9118,1.1499,-16.209,-18.723,-17.899,1.6092,22.218,9.8749,19.761,50.926,19.935,-22.454,-0.93268,14.74,-9.0074,-20.855,-16.676,-1.508,20.236,12.18,-12.308,-14.839,-10.871,-12.986,-9.2078,4.4117,19.549,8.5236,-15.629,-3.7871,9.6285,-9.7312,-4.9016,13.644,-2.3305,-5.6227,3.5222,-15.565,-6.2396,26.014,6.2179,-13.952,6.5544,5.7032,-8.2806,-1.0286,4.236,10.986,17.365,4.9956,-2.7526,-11.376,-28.128,-3.7464,31.539,10.565,-11.548,1.9762,-2.5167,-9.507,10.302,1.1299,-35.84,-28.049,9.4652,16.562,5.3592,-1.4826,-9.5337,-1.4066,15.884,3.6558,-9.6244,6.7268,7.0206,-8.3843,2.4367,12.325,5.939,6.4792,1.0599,-0.44252,18.383,15.623,-5.1954,-8.41,-17.986,-23.917,-1.8761,-0.69959,-15.901,-0.38008,5.7408,-12.648,-9.2289,2.7379,6.2729,14.932,10.632,-2.0319,0.069982,5.0908,15.51,16.917,-20.418,-34.267,8.9492,22.776,-3.1654,-9.5929,-8.1479,6.778,35.46,9.784,-32.926,-11.128,4.4877,-20.877,-4.8313,28.739,12.43,-12.036,-9.0637,2.758,5.8257,-11.702,-17.307,13.043,19.492,-11,-14.927,-1.6449,-0.5137,13.979,16.277,-18.166,-18.487,23.251,23.235,-6.2741,-8.7278,-8.0218,-7.6312,9.5234,0.90628,-19.996,2.0845,15.272,-12.854,-15.17,9.5288,20.582,20.304,-0.87017,-10.934,26.487,28.281,-25.859,-29.343,3.4775,-5.1872,-20.232,-10.077,-2.0866,-13.755,-30.947,-7.9199,29.261,4.8996,-18.746,24.331,46.334,17.32,-0.53366,-3.6404,3.3225,11.495,-2.206,-3.8484,6.5544,-7.3103,-9.5166,-1.1369,-14.969,-9.9082,-1.0995,-20.987,-9.8714,8.9749,-8.6305,7.0282,22.896,-17.29,-8.4361,30.845,-10.223,-31.329,22.87,28.903,-6.2207,-8.3346,-8.7615,-11.273,-2.6331,-3.6997,17.281,52.773,24.657,-28.805,-19.7,5.7223,-6.1061,-8.3748,7.6687,-2.4468,-16.568,-5.277,-4.565,-11.666,6.2297,8.7299,-16.616,-10.495,11.176,5.2941,2.5838,2.6983,-11.93,-1.5033,21.456,10.48,-4.6987,-3.0213,-1.9886,2.5151,2.6838,-0.41679,5.7157,-6.399,-14.228,23.171,32.955,-7.2164,-11.219,3.8391,-11.974,-21.138,-15.566,-3.4566,13.907,-0.58514,-12.011,16.616,7.4347,-23.492,4.5901,20.242,-6.1922,-1.3324,-2.7628,-27.4,-4.9542,16.141,-11.601,-7.5513,29.602,21.813,-15.239,-23.664,6.1228,37.222,22.911,-12.409,-8.1383,10.078,-0.64947,-1.4947,17.812,10.237,-8.547,-10.245,-16.645,-15.723,-5.1361,-17.602,-16.538,0.62455,-24.21,-28.824,9.2743,-7.9709,-13.835,47.953,32.074,-21.807,22.927,46.898,2.5958,7.6578,21.765,3.3674,4.3228,-11.534,-31.073,5.8388,18.506,-26.286,-34.156,-1.4938,8.9554,-3.5624,-8.8651,0.59623,5.6548,4.8453,5.3058,-9.0217,-19.681,-7.9855,-5.5664,-4.2572,6.8408,-5.3723,-14.038,-2.1662,-9.6092,-3.7682,29.837,30.425,14.53,10.457,-2.14,4.3676,24.684,18.257,18.737,27.427,5.2509,-16.422,-17.51,-12.913,-4.4629,-12.338,-22.901,-11.673,-22.577,-47.631,-33.419,-18.131,-30.515,-34.265,-18.926,12.81,34.09,16.015,10.669,41.076,58.424,64.81,59.841,31.521,36.11,56.428,14.486,-30.894,-26.333,-38.557,-63.141,-55.016,-53.065,-59.159,-37.869,-23.915,-26.353,-3.3852,19.213,9.203,8.4732,29.498,33.067,19.846,15.642,25.428,37.42,28.083,8.7385,18.18,24.723,-11.312,-30.708,-8.0628,-8.2166,-22.838,-2.986,7.7526,-15.087,-15.808,1.7435,-4.6763,-6.7225,6.6056,-8.7934,-29.484,-7.4816,15.502,2.7681,-13.882,-20.209,-15.185,8.1106,16.925,0.39159,2.5417,23.709,31.326,25.102,5.2701,-13.674,-0.22436,18.772,9.8436,2.3694,1.0271,-18.488,-26.018,-1.0752,11.363,-11.923,-32.482,-14.707,18.687,19.607,-1.112,-0.74496,7.0872,-2.2652,-11.022,-8.6431,-0.51284,1.6255,-19.414,-31.145,1.2615,26.473,10.692,-6.2769,-10.159,-1.1858,21.471,24.132,15.121,18.82,-0.82133,-16.273,18.63,18.428,-25.768,-0.35544,38.847,-6.8067,-42.195,-13.601,1.2728,-5.7048,-12.987,-32.086,-29.177,6.1119,24.252,19.269,6.2595,-15.254,-17.649,-1.043,0.5314,7.9473,24.864,4.707,-12.329,23.366,36.203,-3.0182,-15.484,2.7784,8.0089,7.3907,-3.6139,-18.943,-1.6292,17.334,-2.0661,-15.073,-3.7558,-9.2903,-17.912,1.8796,10.324,-15.594,-23.415,-0.47737,8.5655,7.3956,7.7245,-10.137,-14.057,13.968,15.416,-2.7474,8.7428,13.552,-4.9249,-2.5067,10.164,2.4257,-8.7247,-0.40302,16.961,11.71,-3.3806,5.0004,2.8873,-16.258,-2.5919,4.7679,-24.719,-18.786,9.4433,-5.3804,-18.616,-0.59301,7.8369,3.5639,-0.072704,1.7862,13.278,8.0405,-16.93,-18.148,8.4934,23.185,10.05,-4.6249,3.452,11.061,-4.2417,-15.812,-2.2955,18.702,14.651,-18.001,-26.09,9.4333,24.145,0.42429,-8.1775,5.2041,7.8546,-6.1884,-22.45,-25.759,-9.6097,14.471,18.391,0.58664,-0.78498,6.5659,-9.4977,-11.909,5.3579,-5.1427,-10.465,9.4202,5.408,1.379,17.687,11.057,3.5689,8.4042,-8.5294,-11.939,3.9108,-6.0422,-8.1108,6.105,-2.6253,-2.4376,11.539,4.1023,-0.50377,-2.2476,-14.071,-0.98169,12.561,-8.1558,-14.66,0.34447,-2.2648,-10.098,-10.093,-6.216,7.6912,16.216,10.097,9.3741,11.33,0.27054,-6.1612,7.6986,13.059,-4.833,-9.9186,-2.3814,-12.746,-10.61,9.9255,-1.4857,-13.855,7.0097,2.143,-17.216,5.9187,19.48,-2.8323,-1.3777,14.342,7.7538,1.2347,-3.1178,-16.787,-15.791,1.7661,10.103,3.8665,-7.879,-10.588,1.0956,8.0904,5.5482,6.7884,2.7015,-11.064,-14.236,-4.7309,4.7397,9.7707,4.5258,-5.0453,-1.8995,10.541,13.398,-1.5048,-13.426,0.92255,14.561,2.7885,-5.8593,-5.2488,-6.4545,4.4082,5.2463,-11.632,0.22725,17.621,0.068468,-15.52,-19.97,-13.975,16.343,11.607,-25.237,-10.697,13.424,6.5809,16.381,7.4538,-20.02,0.7215,9.0175,-10.745,16.675,24.204,-16.359,-8.3522,11.179,-9.1695,-7.2513,9.398,10.358,14.638,6.5742,-5.8664,-1.7918,-5.1053,-3.2715,7.2015,-6.9838,-19.956,-21.457,-29.475,-7.0323,21.342,-1.5365,-16.084,8.3328,9.3632,-10.945,-12.864,1.4037,16.545,16.555,8.6136,14.278,27.44,33.535,18.562,-9.2654,-6.4037,17.101,13.539,-2.6116,-10.307,-21.031,-32.642,-37.648,-26.152,-13.335,-30.462,-29.49,13.538,14.44,-13.44,8.8654,27.995,6.2897,-2.8792,0.80868,7.2025,24.822,26.896,17.486,19.55,22.072,23.789,20.428,7.8484,1.9712,-8.3745,-20.636,-19.504,-35.432,-44.369,-13.755,-14.948,-35.254,-6.8728,-6.2896,-40.687,-12.589,23.041,13.419,18.774,27.272,24.582,33.196,18.442,3.9251,25.606,19.116,-5.5692,2.0593,-5.0391,-15.824,8.0965,7.3989,-14.007,-6.0943,-12.128,-36.806,-24.134,4.2376,6.3537,-4.1414,-7.4405,-5.3844,-5.2817,-3.2484,-3.1219,-11.32,0.61713,28.245,18.799,-4.7786,4.3736,11.208,1.0368,-0.16708,-2.838,-3.0084,9.9246,10.61,9.2441,20.79,8.4724,-16.53,-8.994,3.7518,-4.886,-7.4138,-2.3405,-5.3957,-10.784,-18.988,-17.984,4.0021,5.9457,-18.024,-8.691,13.189,-4.6204,-12.88,9.5026,11.719,7.9043,13.577,3.3284,10.043,33.232,11.477,-17.172,-0.99177,10.228,-1.4944,-8.7958,-13.928,-8.0255,3.1566,-8.1053,-16.219,0.6644,9.5613,-3.8493,-20.228,-13.973,18.027,29.31,4.0809,-8.1693,-2.3108,-12.058,-20.56,-8.0609,4.5389,10.026,14.356,6.206,-5.9188,3.0646,14.847,8.5117,7.5783,7.6071,-8.6847,-5.8388,9.5194,-11.033,-30.546,-10.719,9.1028,15.402,13.842,-1.0453,-3.5675,-1.1119,-19.527,-16.685,12.068,10.681,-7.1642,-7.9833,-4.0288,1.0438,-0.76125,-10.56,3.5454,28.351,22.663,5.0689,4.8463,8.2408,-6.575,-31.353,-27.146,7.7618,18.137,-3.639,-4.9405,17.499,16.654,-11.606,-24.609,-13.001,-7.2999,-6.3906,8.1955,17.669,9.3373,3.4086,6.4968,7.7798,2.4016,-4.9101,-5.651,-6.1501,-14.604,-16.773,-4.3861,10.053,16.833,13.258,2.659,-4.0941,2.6026,15.001,3.6909,-28.515,-29.351,4.3913,15.664,-3.3071,-13.507,-4.4705,6.1825,7.3728,10.025,17.997,11.469,-3.5718,-4.1975,2.41,9.6419,11.207,-10.604,-31.058,-22.152,-10.621,-4.8001,11.692,16.899,-0.23563,-8.9925,-0.10006,5.9086,6.1269,10.46,6.061,-10.593,-6.977,12.747,11.376,4.1734,8.0237,-1.0244,-15.716,-14.577,-4.232,3.558,-7.1893,-22.774,-8.5629,10.804,11.349,14.497,8.5738,-6.8563,-1.7881,4.7328,6.487,17.312,5.5645,-13.033,-2.3803,-3.8026,-16.93,-5.1366,-1.826,-8.9997,4.5269,12.428,3.502,-8.6648,-17.607,-0.38904,17.011,1.1537,0.77175,17.997,5.6816,-1.9132,10.999,2.4503,-16.448,-25.243,-23.889,-0.57789,15.315,2.2118,7.5706,29.004,10.207,-16.802,4.8579,20.92,-14.124,-27.93,-0.55168,-1.4486,-4.5573,24.752,14.618,-21.986,-14.414,-8.3079,-20.294,-4.569,6.365,1.1302,10.145,5.8308,-3.2091,14.98,18.076,-3.8142,-9.2107,2.5677,15.821,13.32,-6.2513,-9.4762,3.147,10.559,9.7702,-10.206,-22.645,-5.53,-4.2346,-7.843,7.5856,-8.133,-14.734,24.12,1.6936,-48.783,-8.8369,22.275,-14.208,-8.4727,21.372,11.742,8.1287,12.699,4.2718,4.9567,4.8374,4.7013,20.851,24.037,7.9256,-7.9187,-22.615,-18.047,0.89936,4.5898,5.3718,-5.3999,-37.158,-26.087,16.722,5.3256,-20.882,-0.89214,9.165,-14.3,-27.138,-19.152,3.0876,24.008,20.109,6.1256,1.6773,8.5159,29.487,36.734,15.067,6.1177,11.487,-1.5979,-10.056,1.6245,5.8974,-4.4132,-18.157,-15.57,-0.12619,-19.914,-47.136,-13.29,10.475,-28.451,-27.763,14.654,-0.30975,-25.914,1.982,24.611,16.901,7.3107,4.8677,23.234,35.795,7.898,-0.29561,33.999,32.334,2.7543,6.1891,8.2219,-9.475,-10.197,-9.1933,-13.804,-4.0005,-8.682,-25.995,-21.743,-29.106,-47.72,-26.269,-3.1649,-14.844,-18.263,-12.82,-7.8817,17.848,30.825,19.457,30.241,46.358,41.824,43.724,47.405,41.613,35.356,12.4,-18.173,-29.182,-37.077,-49.362,-58.915,-66.532,-45.509,-6.7967,-4.8732,-13.569,9.8422,23.487,6.9078,-2.351,2.186,-0.40407,-4.9511,10.417,32.13,28.64,20.773,29.603,27.499,21.144,23.652,0.22448,-26.458,-14.488,-14.94,-38.154,-17.595,17.99,3.723,-17.815,-5.8495,-2.5159,-18.665,-12.828,-0.92354,-22.384,-30.853,7.0118,19.97,-5.6087,5.3086,31.815,18.124,11.371,26.348,10.4,-9.4393,5.3025,11.634,-3.9908,-12.696,-13.1,0.17314,14.398,-5.3035,-22.108,-0.2972,9.6509,-0.16073,4.3086,-5.8249,-27.902,-13.821,5.8959,-6.7679,-12.281,6.3661,5.0733,-17.61,3.9352,52.763,27.659,-25.059,-2.3608,16.478,-10.26,-4.1441,-6.759,-23.908,21.401,29.509,-27.969,-14.21,5.7183,-19.138,24.566,44.461,-23.23,-21.574,5.1617,-23.386,1.7222,24.248,-19.279,-8.7172,11.066,-18.082,11.844,42.89,-2.9535,-14.577,10.403,-3.4062,-23.952,-25.228,-5.4675,9.0065,-12.362,-2.6161,28.655,2.3009,1.2905,36.552,-0.36265,-17.28,31.575,4.1921,-45.329,-9.3467,13.601,-5.5032,4.4128,17.83,-3.3869,-30.241,-13.235,24.837,2.1458,-30.266,6.6225,22.212,-10.599,-13.995,-11.326,-1.0199,30.421,6.095,-19.346,21.125,13.907,-23.149,1.9598,8.7777,7.8398,42.548,0.24911,-52.786,6.4198,25.266,-32.523,-19.241,8.8012,-10.617,-6.7291,-7.2232,-18.724,16.211,31.28,-3.7727,-8.1295,9.5043,10.687,16.469,12.326,-14.19,-24.447,-9.9844,1.692,5.8382,11.151,4.0568,-12.744,-1.0028,14.499,-11.992,-16.654,18.438,2.6564,-27.233,6.4835,27.796,5.5109,5.2153,10.339,-8.5564,-22.196,-13.399,11.002,10.165,-21.78,-14.411,10.591,-15.592,-24.289,20.995,32.953,2.5068,-10.377,2.3004,11.657,-4.3825,-5.5198,32.59,27.683,-24.317,-24.906,5.2699,5.7507,-0.03509,-6.5514,-10.923,1.3188,-1.262,-14.266,-8.3781,-3.9686,-0.6081,5.0978,-3.0693,3.9839,15.543,-3.9309,-2.0912,16.263,-7.7886,-14.109,13.894,0.97027,-12.805,10.002,9.4887,-0.24287,11.313,10.079,3.2455,2.906,-4.799,-4.5422,-6.2801,-20.588,-17.352,-14.558,-20.593,7.2257,27.484,1.151,-2.6544,17.345,5.083,-3.4429,10.769,10.713,7.1989,2.7508,-13.805,-6.0099,11.936,-7.9177,-23.587,-10.254,-14.114,-15.324,12.938,15.192,-9.3062,-3.4892,14.315,14.97,19.623,18.542,-3.9913,-13.472,0.016574,0.85888,-12.969,-11.893,3.1799,9.9679,6.7731,2.896,1.4186,4.3052,1.3948,-10.767,-6.3419,4.0112,-17.7,-33.492,-11.005,-5.192,-15.096,2.9487,7.6063,-3.4841,22.448,35.451,9.1662,10.961,15.338,-9.0021,4.4158,26.437,-0.78454,-7.1835,11.916,-7.1306,-18.682,-2.2554,-3.6283,-2.4288,-2.3165,-23.543,-9.5502,15.057,-14.287,-20.88,11.381,-12.573,-40.419,-3.1303,10.174,-19.23,-13.56,7.7363,7.9434,15.962,31.402,36.735,40.671,31.591,3.7926,-2.9384,19.023,22.756,1.448,-8.4135,-6.406,-13.473,-23.265,-22.81,-20.788,-27.558,-24.715,-10.809,-30.291,-57.859,-23.616,7.8637,-20.872,-14.721,27.077,18.937,19.704,52.461,37.546,21.59,50.227,52.848,38.406,47.021,41.04,14.213,-16.942,-47.941,-56.308,-55.825,-59.189,-44.838,-42.599,-59.336,-34.497,12.095,15.07,-2.4513,11.482,36.236,16.809,-5.8108,37.388,60.72,9.4535,-1.5001,25.909,4.5523,-2.4394,22.706,9.9768,-1.1786,8.9695,-5.5816,-13.553,-0.76878,-10.184,-30.963,-24.593,5.6387,3.8384,-39.642,-37.636,2.1091,0.38449,3.0682,17.477,-11.26,-6.1618,35.386,7.9618,-21.662,8.6064,14.385,-5.6883,-5.9641,6.9656,23.532,3.237,-26.817,11.941,41.678,10.299,15.897,30.844,-14.87,-36.849,-9.5147,-1.4133,-7.518,-8.1314,-10.448,-3.3211,8.0864,-2.9633,-30.38,-23.485,18.753,13.124,-35.394,-28.268,11.077,5.0406,-13.216,-6.6725,4.1737,16.522,33.355,37.796,27.603,26.119,27.6,0.35355,-17.669,4.9301,-2.9354,-34.88,-11.512,12.088,-10.969,-16.969,-8.8428,-8.9899,1.1628,-10.063,-33.139,-18.949,-3.7349,-5.3808,2.5238,-1.0503,-12.673,-3.3106,20.434,42.457,28.784,-7.8471,2.2875,28.008,19.222,18.876,11.41,-20.139,-5.1027,27.058,3.8379,-26.285,-24.967,-9.6131,6.5707,-4.9867,-30.05,-30.4,-21.322,-8.8,-4.8147,-28.857,-17.622,32.378,25.305,-2.0713,23.936,39.478,19.198,6.6113,-2.0843,4.6998,25.147,7.0623,-23.707,-17.307,-6.9554,0.42577,21.468,14.04,-13.655,-2.9503,9.5969,-22.224,-39.774,-14.997,-4.381,-13.333,-4.5899,0.28703,-17.189,-12.279,22.179,28.69,3.9204,-0.74709,12.204,11.571,8.9667,16.888,22.976,23.449,16.95,-3.3911,-31.593,-43.625,-22.532,1.8672,-1.0141,-3.0297,3.1807,-4.0789,2.3159,13.566,0.071471,19.073,40.741,-26.451,-61.539,9.4603,14.717,-42.624,-14.646,16.007,-19.156,-15.015,22.026,26.189,24.939,24.197,12.512,5.736,3.0072,11.754,16.504,-14.968,-29.827,-0.44839,4.0989,-8.2493,7.8577,10.767,-4.8915,-6.1099,-15.438,-24.227,-16.603,-31.291,-41.631,-11.681,5.2769,15.17,45.265,35.92,7.5595,13.114,1.8294,-2.6087,29.16,4.6346,-22.34,29.771,24.525,-24.402,15.662,20.796,-43.656,-25.277,-0.56043,-39.119,-28.729,-7.1745,-14.704,23.961,36.476,-14.296,-15.15,12.772,7.8641,5.9001,2.1901,-0.72843,9.0908,-10.169,-22.665,11.682,25.586,15.907,19.629,3.0317,-17.216,-4.644,3.5404,-2.9524,-4.1566,-6.5728,-3.1093,9.2646,10.815,-1.535,-14.15,-12.762,-3.4712,-6.9025,-15.447,-14.187,-4.0912,11.989,11.99,-9.3851,-14.705,-0.10396,11.58,20.22,15.893,1.3035,3.2467,10.526,4.6082,-1.1751,2.3894,14.42,16.624,-6.9555,-21.456,-5.8619,3.1487,-9.2837,-20.801,-18.012,-9.2129,-10.558,-11.905,-1.524,7.6815,21.878,31.297,8.105,-4.0711,11.801,-5.7838,-27.325,-1.2567,10.611,-9.5684,-10.959,3.375,20.175,22.121,-5.5621,-10.559,13.297,8.2321,-3.888,-2.1752,-13.496,-10.696,-0.032915,-20.292,-16.249,19.406,9.7953,-10.278,8.8607,6.2468,-19.38,-2.1241,27.865,12.161,-8.9704,10.995,19.546,-16.176,-27.358,-3.913,-7.5484,-10.489,8.772,-5.5169,-20.599,10.985,25.783,13.158,17.155,11.437,-7.1431,-10.996,-14.202,-9.5665,2.4312,-0.36431,15.096,31.082,-11.566,-36.116,6.4446,11.681,-28.275,-24.164,5.4286,13.903,12.342,6.1088,-5.3245,-16.714,-15.612,10.717,27.57,6.7051,-8.2979,5.502,14.143,7.2667,-0.2619,-5.7105,-9.9275,-7.6758,2.8126,7.6634,-2.2702,-13.655,-15.591,-4.525,13.334,12.236,-5.2961,-7.1593,2.7923,3.9154,-0.46832,1.3544,12.484,11.975,-6.6657,-11.991,-14.652,-30.113,-9.1564,27.37,7.3931,-16.902,8.7677,26.512,15.833,7.0157,0.60858,0.38429,4.4184,-1.8969,-11.712,-18.596,-14.419,0.29597,-8.9308,-26.452,1.0029,34.718,18.972,-4.9461,3.2209,12.273,-2.0512,-9.7467,6.8469,8.1741,-13.417,-9.6334,8.3544,-3.3155,-17.241,-7.1675,-5.108,-14.365,1.9603,28.009,13.23,-11.673,6.76,17.875,-8.2789,-9.4152,5.0953,-1.7299,4.8576,4.1834,-21.651,-4.0163,25.389,1.6458,-5.9924,13.488,-1.144,-7.2143,8.1605,-9.079,-20.985,5.7404,15.224,-10.478,-26.1,-5.5306,11.682,-13.908,-23.149,16.772,20.964,-14.734,-7.1701,18.441,13.951,12.911,20.072,10.1,-2.2915,-1.6832,1.435,-7.1561,-18.029,-8.9157,0.96058,-4.641,7.141,19.291,-7.7979,-20.942,3.7315,4.7833,-6.2537,1.4789,-9.7111,-12.269,19.932,-0.27591,-50.31,-10.657,44.922,8.1923,-30.921,-8.8161,9.4874,4.8698,5.8857,18.281,27.02,7.3639,-12.191,10.549,24.385,-2.2278,-3.1381,27.167,20.455,-18.471,-29.633,-8.6452,-3.2706,-20.964,-22.77,-11.981,-14.955,-19.534,-16.958,-7.401,11.457,15.585,5.8368,6.8267,5.2734,6.313,16.669,3.0005,-6.1943,7.8513,-12.768,-21.409,30.177,38.351,6.7292,28.553,45.375,21.72,12.544,8.4912,8.1558,2.7618,-45.03,-67.212,-47.254,-66.689,-66.055,-15.725,-16.952,-24.28,13.549,12.535,3.8999,29.274,20.66,15.633,46.265,39.849,31.216,57.791,46.884,16.749,25.032,29.273,10.21,0.97186,-8.1264,-42.822,-75.622,-66.675,-49.779,-55.918,-41.934,-15.776,-13.189,-0.49497,8.0759,-9.5748,6.5689,32.385,18.983,27.416,45.616,19.737,2.2511,10.876,27.156,54.311,39.187,-1.7218,8.9256,14.332,-17.374,-18.972,-11.836,-21.455,-21.846,-31.546,-35.913,-20.322,-25.893,-29.742,-20.949,-33.639,-16.006,28.857,23.062,15.26,38.183,30.199,17.218,26.54,17.672,5.5013,3.1761,-9.5802,-14.375,-5.2691,-1.756,-7.5089,-7.8678,20.524,39.678,9.5069,-7.0662,-1.0619,-22.572,-17.62,10.136,-14.429,-29.33,-13.057,-37.126,-38.711,5.8778,-2.1771,-23.37,6.5711,24.547,20.12,25.248,29.934,36.855,28.431,6.8517,23.141,34.179,-10.847,-38.206,-26.703,-29.35,-31.89,-23.25,-17.218,2.1379,18.978,15.847,11.081,-5.221,-15.516,13.254,18.998,-17.065,-9.2365,27.358,22.342,4.5049,1.2133,1.5721,2.2095,-20.921,-41.688,-12.453,1.9585,-21.515,-2.2288,19.322,-11.36,-3.7731,34.832,10.606,-12.617,21.327,33.835,12.622,6.4785,5.8999,4.4268,5.8569,-8.544,-24.696,-16.223,-3.6443,-12.338,-25.359,-14.181,3.4171,-12.704,-34.531,-12.56,12.007,-1.1395,1.6219,34.768,37.855,17.325,17.705,20.227,8.5496,-0.54467,-8.4301,-11.676,-8.4015,-18.281,-22.584,-0.2957,11.098,4.4329,6.2149,1.2741,-3.5891,10.366,-1.5591,-36.018,-26.03,0.067521,-9.7281,-6.6073,25.127,23.637,-2.9455,-0.70261,13.789,10.805,7.0621,3.5683,-11.845,-13.825,6.6068,9.5665,-10.804,-11.201,7.7237,1.9548,-14.093,6.1882,29.002,12.649,3.6708,11.61,-13.221,-35.771,-18.774,-16.746,-30.666,-9.8266,23.044,31.525,19.129,2.9914,8.5208,19.428,2.37,-13.904,-10.202,-11.192,-14.147,-11.13,-2.4227,16.557,18.511,-1.5628,-4.6027,0.49678,-3.2319,4.7793,9.218,-2.9339,-7.1514,-9.7547,-10.799,9.6163,17.879,-2.6517,-4.313,10.695,0.4383,-11.968,4.7188,16.241,2.1169,-5.7437,-6.3559,-22.255,-27.128,-3.8639,7.0149,-8.6936,-12.538,8.7704,19.583,8.3499,12.142,20.835,-4.2618,-13.436,20.045,21.482,-8.4854,-11.56,-2.6936,4.8042,-0.29967,-26.426,-4.2053,42.189,3.0958,-41.848,-5.9236,14.167,2.9814,6.6447,-21.321,-46.442,-7.0266,21.233,0.96651,-5.9861,13.86,22.058,-0.51431,-18.822,-1.8283,13.083,11.073,14.285,9.7829,9.4974,22.55,6.6097,-15.589,-6.0884,-6.8931,-21.333,-17.044,-0.56618,23.18,22.796,-17.444,-29.111,-2.347,1.1412,-14.971,-19.96,-2.0267,20.038,1.8513,-18.545,-2.4306,-8.6808,-12.666,33.544,43.472,11.672,11.573,2.6021,-19.635,-8.564,-1.7614,2.4475,22.203,5.93,-18.437,-2.7036,3.617,-2.5268,10.388,9.408,-12.819,-24.059,-14.917,0.80348,0.19428,-4.5208,-0.21088,-12.339,-14.895,12.437,8.1126,-13.298,3.3465,4.262,-22.954,-12.139,17.08,19.38,11.198,10.798,15.422,13.425,15.145,30.31,16.116,-13.241,3.2121,2.932,-42.042,-21.746,27.578,-11.797,-56.163,-25.005,-2.1428,-12.892,-1.8622,19.295,15.431,1.2933,4.4943,15.077,6.5575,-7.7553,-6.346,-5.5256,-9.5883,-1.7528,6.4104,1.7809,1.8826,15.051,23.096,15.712,1.2192,-11.969,-13.312,4.4515,22.906,26.877,24.761,9.8024,-17.603,-22.705,-8.4574,-10.066,-13.039,-2.9242,-17.388,-55.204,-51.857,-1.3488,20.223,-5.9512,-17.412,-5.5844,-7.006,-5.5046,11.263,20.377,26.594,34.161,37.886,53.627,61.351,37.683,24.108,26.174,4.2726,-19.357,-23.281,-32.102,-39.58,-41.833,-64.433,-83.34,-58.907,-26.02,-27.98,-27.106,9.7476,30.924,18.508,28.234,48.959,40.252,35.866,46.131,46.718,47.472,34.669,8.5241,4.2099,-16.974,-56.552,-32.044,5.6766,-15.198,-18.001,-5.228,-34.89,-32.74,2.243,-15.998,-31.418,-4.989,-9.9279,-22.634,8.224,26.281,8.8503,1.7061,12.575,22.922,27.977,29.535,23.422,5.4223,-1.7518,12.194,7.3735,-18.331,-17.589,-3.4807,-7.8443,-3.4618,7.1284,-9.058,-20.088,-8.109,-7.3288,3.8123,30.111,6.612,-27.776,1.0958,16.849,-22.129,-30.722,-7.1297,-2.6665,-2.9794,-4.2783,-6.1206,5.5865,7.204,6.1779,24.989,23.365,2.6127,6.5756,17.689,17.846,6.0495,-13.256,4.988,25.92,-21.61,-44.769,7.0337,13.532,-21.01,-11.45,-2.1762,-7.6461,2.0799,-14.528,-36.776,-11.647,10.402,4.8221,6.3121,5.0257,3.5974,23.964,34.108,10.184,-8.4891,7.062,15.846,-8.2106,-7.5733,11.741,-25.573,-45.904,17.619,30.368,-21.682,-2.3365,26.941,-2.7832,7.2415,21.803,-30.18,-36.205,15.794,18.776,3.2975,-1.8366,-30.542,-30.244,5.5003,-0.41673,-20.675,-3.021,16.96,21.306,23.692,20.685,13.434,2.0692,-8.0675,-3.1579,1.0278,-9.7637,-13.873,-0.72858,8.5858,-2.8004,-10.808,11.471,22.863,-3.0826,-11.407,-1.0928,-17.933,-23.572,1.2471,6.154,2.6117,8.0928,-8.6048,-11.757,27.003,26.788,-29.124,-40.651,6.4538,24.056,-2.5187,-12.831,5.3583,22.471
-16.847,-13.133,11.913,15.685,-3.4195,-1.646,5.7841,4.1335,9.6551,8.4578,1.1468,2.1907,-3.1593,-6.6312,1.7477,-1.4137,-8.5081,-4.1759,-0.8259,6.4219,14.045,6.4588,-2.1353,-9.3537,-14.683,3.2842,16.822,1.2218,-0.72864,8.5562,-9.7721,-22.633,-4.7422,5.6932,-3.5136,-10.732,-10.029,-4.5661,3.6897,8.6084,3.3968,-3.2606,3.7946,13.254,13.055,15.875,20.43,22.876,26.783,3.207,-39.374,-35.849,-9.1186,-15.852,-11.823,8.1528,-15.055,-32.261,1.1425,12.027,-2.5999,16.916,30.352,4.8288,-8.8843,-0.39924,1.9595,4.2876,13.001,11.52,-4.4874,-12.544,-3.3936,1.5206,5.8527,21.043,13.342,-15.538,-21.589,-18.813,-18.542,2.2623,11.487,-6.6126,-8.3699,1.3492,6.9082,21.632,19.23,-1.9483,-1.2278,2.4485,-11.05,-11.772,-1.4071,0.038708,-4.3859,-9.3252,-6.889,0.7104,7.2387,17.912,17.365,4.3012,4.9439,-1.4518,-22.896,-13.392,9.9693,6.8283,3.1358,5.752,-2.418,-9.1043,-11.414,-4.7093,12.215,6.3485,-13.096,-7.2147,3.2111,-1.5955,-3.7807,-4.2133,-6.9463,-2.5223,12.144,27.147,20.184,0.29186,-2.0271,-2.9422,-11.199,-2.6111,3.2695,-0.78108,13.767,11.837,-23.878,-28.962,-7.5327,-10.735,-9.3301,9.3016,0.16742,-15.701,5.3953,26.552,18.985,18.913,28.084,11.068,-14.065,-16.322,-15.558,-23.24,-17.97,-0.46975,7.8954,3.2097,-1.1484,5.0402,16.693,20.305,9.3529,-7.4858,-15.065,-13.627,-12.494,-7.7675,5.2492,15.237,5.7762,-13.863,-7.5627,16.226,11.829,0.19782,10.794,1.3378,-26.432,-21.719,-0.58964,4.2854,-4.1497,-10.808,5.779,18.777,1.8938,8.12,32.372,19.168,8.206,11.848,-7.9683,-17.142,-21.799,-40.571,-10.918,21.34,-10.34,-14.733,6.4056,-17.373,-8.7106,27.626,3.4853,-10.052,18.91,12.306,-3.4976,5.031,4.0471,4.644,11.164,6.8266,4.1572,-4.0598,-14.517,-3.2346,4.3519,-5.3689,-3.7381,4.1522,-2.3384,-15.592,-11.047,11.601,10.589,-6.4127,8.3051,16.113,-11.254,-14.499,0.07353,-9.0356,-11.034,-1.2173,-3.3727,-1.103,5.1988,6.0707,8.9559,3.0183,-4.3082,3.4577,6.868,6.5052,10.961,1.7726,-1.4997,17.413,18.632,3.2001,2.4045,-3.0508,-20.839,-27.079,-22.991,-12.417,2.6499,2.2216,-7.0666,-2.8886,-0.062781,-4.9192,6.9208,20.863,6.1651,-11.383,-6.0964,2.45,8.2682,11.414,-2.8989,-8.8599,16.7,27.669,4.2151,-8.3109,-1.0274,-2.425,-10.699,-7.7809,6.6898,11.701,-6.8821,-21.438,-3.6696,18.902,12.319,-2.9282,-2.4657,-6.4843,-18.99,-11.368,0.28559,-10.958,-14.821,-2.9896,-2.8954,0.56651,11.414,4.3254,-0.6983,10.834,18.349,21.241,11.479,-7.0092,3.3756,17.639,-1.2198,-13.901,-7.5972,0.45626,13.177,3.5228,-9.3602,18.421,14.349,-28.346,-2.0477,31.411,-17.159,-45.685,-22.705,-24.907,-31.002,-20.523,-19.841,-14.161,-1.6327,14.275,37.815,35.83,23.567,35.233,29.712,18.841,41.544,37.202,8.1999,21.049,18.914,-32.391,-52.074,-38.175,-39.384,-33.416,-19.943,-31.875,-42.398,-25.821,-15.432,-12.666,16.78,38.757,16.255,4.0002,25.173,32.636,31.403,38.66,33.351,28.498,29.649,7.6309,-19.427,-23.396,-21.13,-29.208,-42.671,-36.734,-12.448,-12.404,-16.091,14.307,21.67,-6.2524,-1.833,18.632,15.368,10.271,5.7701,-1.6427,-4.5936,-14.11,-11.714,8.775,7.5416,0.82422,13.261,6.2892,-10.772,-1.9401,5.947,7.3093,16.178,1.6851,-22.333,-8.7035,7.3491,-4.7504,0.61523,15.133,-8.7027,-25.134,3.9522,20.017,7.7632,1.7778,-11.854,-22.808,-2.7452,6.0716,-8.7931,-4.9232,3.3781,0.65803,8.6483,15.728,18.054,25.101,11.722,-12.666,-18.245,-26.029,-33.185,-15.219,-1.0719,0.48272,14.589,16.984,-5.1467,-6.9716,19.533,36.746,33.08,18.292,4.7005,0.31359,-13.928,-38.46,-33.137,-15.883,-27.078,-13.252,32.305,13.183,-35.417,-8.3607,31.077,13.255,1.0803,16.235,20.337,12.894,1.3778,-10.374,-18.679,-26.818,-18.076,3.611,3.9695,-2.3598,9.2134,13.72,6.745,14.455,28.366,23.911,8.7024,-0.46961,-13.752,-31.32,-27.523,-11.808,-10.032,-13.719,-14.484,-3.541,13.882,-3.8759,-23.916,12.867,36.405,13.61,14.968,14.282,-9.4371,8.0001,21.938,-11.828,-15.38,5.9075,-7.5656,-23.245,-13.244,7.2555,13.031,-6.573,-1.5755,25.746,9.0638,-11.433,-0.29285,-15.111,-26.897,1.8258,6.6985,-9.9305,-0.88591,13.504,19.427,11.685,-10.915,-10.026,11.153,15.771,4.3714,-14.534,-14.997,5.1495,-8.2327,-22.223,14.638,19.381,-15.685,2.8378,19.046,-21.592,-22.516,18.353,12.722,-7.1368,10.367,25.219,12.862,-2.2344,-6.8576,-5.359,-7.1515,-15.912,-12.084,11.526,13.478,-17.65,-22.32,6.3737,2.7346,-27.252,-20.369,13.704,23.451,12.205,13.296,19.751,8.777,-1.8806,-0.17431,-8.4416,-14.58,0.093897,4.9612,2.0053,18.68,15.967,-21.105,-26.477,4.5796,6.1426,-16.664,-10.592,13.377,11.722,-11.024,-22.748,-10.592,13.008,18.46,0.48591,-4.4476,9.1645,5.0058,-9.4757,0.86305,17.225,1.6658,-19.623,-0.055789,20.695,-9.3579,-25.45,17.246,39.442,17.771,4.4236,-7.3389,-19.097,-18.814,-34.006,-31.714,11.461,13.277,-17.183,1.1589,21.341,9.206,15.66,18.726,-5.5123,-9.4976,8.7491,11.605,-6.473,-18.497,-2.9018,2.196,-16.702,0.60873,26.687,-0.18319,-12.81,15.947,14.586,-1.7683,3.7779,-1.7914,-21.264,-31.777,-24.402,-1.3743,2.7872,-5.2177,15.052,25.854,11.361,20.747,25.191,1.6985,3.5469,9.6788,-14.63,-21.741,-14.551,-23.578,-17.652,-2.7542,-7.2311,-1.1926,19.036,17.868,2.4526,-1.4917,7.4616,12.54,0.19024,-11.181,-1.8967,8.943,1.8583,-15.114,-22.949,-7.4414,18.316,25.508,13.785,6.7254,10.499,4.14,-17.731,-25.43,-14.433,-8.1435,3.9655,18.49,0.23832,-20.859,-5.0524,5.9268,-4.8218,-2.9907,2.1943,-1.5076,3.5459,12.843,17.169,15.754,9.5599,12.932,7.2805,-25.728,-31.251,-3.6754,-9.2574,-19.527,5.925,10.004,-4.6067,11.943,22.54,8.3235,7.5368,10.213,-2.8658,-15.363,-12.411,6.5919,8.7594,-19.271,-25.88,-9.3546,-10.401,-1.6271,15.963,-0.92162,-7.7993,20.917,22.532,2.1298,4.8989,9.5176,1.9991,0.76558,7.6623,7.3259,-16.593,-32.773,-5.345,11.296,-5.9117,9.6445,33.402,-0.36572,-31.461,-7.1625,19.505,9.7273,-16.903,-23.49,-4.3795,2.3931,-8.1417,-11.668,-13.353,-4.5496,18.22,21.199,16.731,22.062,2.3992,-18.253,3.4,22.558,10.067,-3.8649,-2.8951,4.4721,-14.298,-45.535,-22.083,16.187,4.6205,5.0182,22.267,4.1444,12.223,41.708,6.2576,-26.535,-3.9067,-13.811,-47.987,-35.828,-7.7446,0.8343,-1.9785,-4.8318,1.6201,0.84668,-3.8293,16.974,35.332,30.434,34.432,35.061,11.95,-4.4576,-7.986,-13.141,-8.3004,8.2919,11.192,-11.298,-26.189,-16.667,-20.009,-25.953,-2.7974,1.4357,-18.321,-16.925,-28.647,-42.024,-3.3357,23.076,13.978,21.296,12.226,7.688,50,40.931,-4.4307,26.4,51.474,23.729,31.754,29.132,-20.12,-28.407,-17.664,-42.514,-57.755,-48.5,-37.917,-39.944,-48.895,-16.059,29.379,5.2819,-26.47,3.9992,30.999,32.777,45.579,51.566,42.627,31.071,14.255,9.1724,16.329,6.4849,-12.836,-18.16,-15.463,-16.089,-21.856,-26.259,-15.177,2.2848,-8.9357,-35.251,-22.712,-1.4859,-23.737,-24.602,21.621,27.175,6.9972,22.112,15.631,-12.09,18.929,60.525,30.458,-23.882,-29.474,-3.9459,-5.5972,-23.743,-8.3913,20.781,28.116,16.014,-12.382,-14.533,25.594,26.172,-14.928,-26.204,-31.151,-35.236,-5.9791,2.9678,-14.921,-0.69182,15.892,3.3484,-9.4636,-8.6409,11.272,24.078,2.4827,-4.7,18.171,21.064,3.8512,-6.6857,1.2921,17.942,7.1205,-11.085,-2.4651,1.7604,4.3512,10.586,-12.312,-16.81,8.4606,-7.6392,-22.492,-9.563,-29.275,-24.547,17.886,3.0623,-11.611,18.439,4.6246,-16.717,14.837,38.184,32.656,6.5524,-22.137,-3.7387,9.3244,-20.386,-3.8251,38.31,19.345,-11.149,-7.7011,2.7206,6.574,-4.0808,-13.079,-13.215,-32.625,-39.548,-12.886,-11.625,-23.167,5.9075,33.708,24.777,17.903,30.142,28.103,1.5139,-6.7026,12.111,14.386,-0.20306,-11.602,-14.613,2.8055,0.94272,-33.678,-18.477,18.015,-9.5758,-23.021,5.0484,-12.626,-22.596,21.976,25.586,-4.7414,5.7722,14.872,-8.6169,-12.756,12.753,21.978,6.7389,-0.21778,-5.5473,-18.944,0.17582,29.875,9.857,-10.945,5.5156,-0.8021,-26.137,-15.446,9.8056,4.7197,-21.417,-22.465,7.5784,15.024,-3.569,-3.8914,4.4882,7.6293,10.663,-4.0925,-14.329,6.6449,12.092,-6.6238,0.67477,24.301,26.213,10.49,0.06361,1.528,-9.1793,-33.611,-31.068,-8.0435,-1.5807,0.74242,7.1464,3.3662,3.3895,7.3156,-3.9507,-8.4039,7.1416,7.4562,-6.0386,3.9058,15.134,-4.9835,-15.84,6.3663,16.984,-0.075148,-15.356,-6.7182,21.683,24.154,-9.178,-9.6347,17.32,0.94901,-25.634,-20.195,-14.439,5.2386,31.319,1.2323,-28.393,2.6979,3.6451,-32.014,-4.5017,35.422,9.5178,-13.298,1.9171,8.6238,7.3845,5.1761,-4.0917,0.47506,8.0725,3.1569,11.496,17.559,3.7706,5.7198,1.7158,-31.341,-28.098,-1.4654,-23.32,-38.625,0.99971,25.527,9.0708,-3.1806,3.7391,10.695,1.248,-2.1015,20.339,27.586,7.2231,-0.80229,-1.3023,-6.6844,1.156,9.193,1.2871,-7.1518,-6.067,-1.4182,-11.758,-27.837,-11.127,9.5354,-8.3896,-18.16,1.2935,10.304,10.834,6.0587,-5.8564,9.7264,29.896,9.1161,-5.9151,10.867,7.465,-20.147,-27.437,-2.3515,25.352,14.721,-19.51,-18.088,11.139,9.3475,-16.285,-14.299,5.1574,-0.8254,-5.4992,24.835,31.559,-10.799,-23.12,3.8995,1.0383,-13.376,2.4473,9.4226,-9.9104,-20.042,-15.471,-4.8998,13.37,22.709,15.986,10.601,5.1493,-4.7972,-0.73819,11.239,3.9347,-9.9092,-6.6529,-1.1559,-5.4705,-9.2467,-13.232,-12.096,7.6423,16.907,-6.8615,-14.562,9.9121,10.413,-3.741,11.687,16.018,-9.2554,-13.572,-5.6029,-11.713,-7.4627,5.2198,17.738,31.657,8.4327,-31.608,-17.254,11.92,3.9297,-1.5122,0.35871,-3.3073,8.0143,9.111,-6.1967,-2.1575,-4.4538,-14.999,6.5604,16.567,-7.8885,-15.245,-12.95,-10.107,13.178,17.249,2.1084,10.762,9.365,-4.7588,5.5091,-0.13727,-18.336,-2.6871,2.6983,-6.2827,11.677,6.7121,-17.878,-1.7459,4.9029,-13.967,-1.5123,6.387,-1.7572,17.991,13.497,-21.512,-8.9291,12.626,-1.4758,3.4667,16.539,3.0782,-1.9716,-0.153,-8.637,-4.1841,3.4338,-3.0466,-8.6568,-13.181,-12.584,2.5181,10.455,3.5658,0.7394,2.8376,0.17932,-7.4435,-6.5062,9.4307,13.829,-1.8894,-5.7794,8.7093,21.118,18.192,-1.1825,-10.52,-3.7536,-14.82,-23.71,0.98038,9.4594,-12.735,-10.021,8.7667,4.9962,-1.3242,6.1149,10.728,4.8488,-6.3601,-13.62,-10.481,1.0545,11.176,6.3248,-3.6471,3.9475,13.296,2.7058,-6.3183,1.3031,4.4557,-8.6708,-17.828,-3.3184,15.153,11.126,2.6847,3.7487,-4.8001,-13.603,-4.635,0.7805,-2.5838,3.8774,8.0583,-0.24259,-0.19911,9.5723,4.5376,-12.634,-12.599,-0.48118,-8.9813,-19.014,4.988,23.857,5.958,0.28337,17.243,7.2502,-17.167,-14.992,-2.9966,0.99307,5.8094,4.2524,-3.8332,0.097209,10.67,13.611,14.771,11.565,-3.3473,-13.558,-15.435,-24.974,-20.756,11.133,17.477,-12.907,-14.251,10.994,10.056,2.0575,6.52,-4.0467,-16.137,-5.7024,6.8954,14.908,21.91,10.905,-10.561,-15.811,-7.2618,-0.98309,4.7159,16.238,16.991,-2.4362,-9.2461,5.043,4.1488,-8.3545,-9.131,-7.5472,-4.4507,-2.9286,-14.621,-15.92,-1.7927,1.4909,3.6087,10.327,9.6504,6.4489,-10.743,-19.476,23.98,46.65,-2.5804,-24.018,4.0861,7.5974,2.7359,7.0818,-4.9402,-12.032,-8.7081,-7.9041,4.8469,10.671,0.36832,-1.9447,-14.796,-28.874,-4.1985,16.176,1.4012,-4.9462,5.3997,17.018,19.397,-4.178,-17.118,6.4521,14.511,-0.82719,-4.2698,-9.5351,-13.563,3.8467,12.47,2.939,5.0109,8.2402,-5.9801,-14.396,-4.8923,-0.010419,-7.9282,-15.193,-13.711,5.977,33.093,25.038,-7.6145,-10.583,4.0002,7.9713,14.953,13.07,-1.5351,-4.0994,-14.202,-32.143,-24.691,-23.185,-30.133,8.3161,44.753,22.162,1.1439,11.517,15.787,12.593,8.9913,2.4288,-0.061074,-7.565,-20.057,-18.087,-4.9298,5.5623,3.8322,-9.7971,-8.0798,11.298,11.375,-4.4733,-6.4511,-2.0793,-5.3637,-9.7941,-7.1652,4.7099,14.579,10.186,1.5627,3.6705,13.338,13.462,-4.2231,-15.171,4.0783,23.549,6.7115,-23.7,-30.752,-18.434,-7.4678,-8.27,-9.8987,9.4782,25.539,3.9572,-3.3578,34.25,34.13,-14.346,-22.142,-1.6454,-4.1965,-1.5122,4.1106,-9.0354,-8.8684,2.7487,0.33985,-5.2337,-13.286,-12.506,8.0026,9.5489,3.6428,26.804,25.461,-8.5627,-8.1511,6.1834,-0.88365,-6.4835,-15.886,-20.954,-3.2763,0.0772,-6.1692,10.652,11.07,-14.726,-16.527,8.0377,20.753,-2.9181,-26.575,4.4958,32.151,5.6383,7.2421,36.42,10.216,-19.105,-6.207,-9.8414,-17.059,3.1552,7.1474,-6.262,-6.3906,-6.1294,-11.207,-8.1166,-0.39623,-2.4102,-8.8997,0.54116,5.6695,-14.731,-16.917,8.587,18.276,19.611,19.859,5.3678,1.5964,3.2829,-4.2965,11.39,18.282,-12.737,-7.5751,21.995,-1.3687,-28.566,-15.691,-3.6413,4.8939,11.646,5.2795,6.3031,1.8603,-23.178,-33.554,-26.291,-14.953,6.7703,10.019,-10.369,-5.7923,21.38,33.261,26.018,9.5509,-0.013523,1.3453,-6.1332,-9.377,13.515,26.345,4.2839,-9.0892,7.8997,9.9375,-18.904,-25.985,6.1648,20.399,-11.55,-38.417,-14.812,18.56,1.288,-31.087,-18.309,5.3092,1.9735,-3.0033,-4.6627,-6.4511,4.2096,8.8299,8.8934,26.192,24.042,-3.7176,1.2484,22.313,11.395,0.84136,10.214,3.3719,-16.03,-11.138,8.9388,9.1026,-0.3247,6.514,8.9481,-4.0167,-11.243,-24.373,-38.483,-18.804,-4.8561,-27.056,-28.092,-14.413,-24.302,-4.7663,34.762,18.229,-5.4311,16.694,31.575,38.34,53.146,29.697,-0.37601,20.805,41.123,29.536,13.927,-17.431,-47.049,-38.92,-30.988,-36.064,-27.61,-32.383,-43.4,-23.088,-11.536,-18.217,2.1668,17.965,9.1647,19.528,30.649,21.787,27.742,34.149,20.5,8.3393,-9.1486,-16.024,17.589,35.42,12.31,6.7218,10.134,-7.0981,-14.334,-16.522,-27.095,-21.373,-19.79,-33.112,-18.682,-0.56444,-18.3,-20.709,11.382,19.853,-0.32164,-0.77309,18.302,13.515,-8.7834,4.1557,32.211,13.898,-14.373,-0.34222,17.819,16.223,15.01,12.026,9.1606,7.1438,-6.3194,-10.856,-1.6098,-9.1331,-19.97,-16.52,-18.492,-18.776,-13.827,-21.126,-10.088,28.349,30.244,-5.541,-8.0051,14.934,2.9161,-19.5,-1.6678,14.558,-4.4899,-6.063,11.525,3.2569,2.2568,21.448,13.556,3.4769,16.552,9.8431,-2.572,5.218,-6.0972,-23.731,-11.791,-9.0479,-22.1,-7.7527,12.6,2.9981,-11.025,-4.1274,10.71,8.5735,-18.694,-29.414,13.414,40.021,-9.8043,-36.682,13.492,25.357,-9.5959,8.7505,27.038,-8.1018,-15.297,3.4732,2.9282,16.574,16.288,-17.109,1.024,41,4.1017,-41.788,-16.524,14.981,2.2199,-17.528,-20.672,-24.313,-22.483,3.7596,18.122,-3.9629,-11.389,9.4437,19.508,19.062,14.032,12.767,30.744,18.31,-30.349,-26.208,4.4695,-13.793,-15.656,16.134,3.2123,-14.354,8.7145,2.8393,-28.073,-16.48,12.94,16.901,7.354,2.6823,7.022,7.0921,0.78179,10.093,17.046,-6.0397,-23.777,-12.562,1.3574,3.8663,-9.8821,-24.304,-6.2416,9.2554,-15.962,-22.51,15.554,35.326,19.525,5.4925,12.017,23.599,8.8741,-12.985,-3.5503,1.0336,-20.959,-25.283,-12.48,-6.0219,0.48558,-2.0397,-5.1083,11.194,19.591,12.907,11.284,0.68853,-17.24,-19.284,-3.9156,16.286,10.232,-13.636,-5.433,4.0555,-12.373,0.32904,17.693,1.3739,9.8829,18.994,-17.939,-22.812,6.8703,0.43499,-4.9634,11.119,8.7912,1.1041,-4.0033,-15.64,-17.65,-12.914,1.466,25.484,21.783,6.9338,16.84,12.663,-14.265,-20.31,-7.77,1.7266,-4.4676,-25.123,-22.439,5.2908,10.98,-2.5202,-0.52316,15.857,24.427,13.986,4.3136,11.733,10.257,-8.371,-14.104,-8.8726,-17.577,-31.414,-29.02,-13.469,7.0929,30.933,37.238,13.682,-5.9515,2.4716,20.117,21.23,0.077968,-8.2974,6.7067,-7.2852,-28.137,-9.5547,-21.809,-48.652,3.6924,34.117,-17.939,-18.822,20.913,17.675,19.513,20.075,2.2341,11.414,2.7171,-18.392,14.741,17.067,-28.646,-17.083,3.5409,-7.9425,2.5902,-7.1764,-26.888,11.177,30.815,3.1629,0.62482,8.6385,14.571,19.946,-14.464,-42.298,-25.132,-14.636,-1.8911,15.63,2.8115,5.9905,20.367,-3.5857,-4.3834,20.373,4.0403,-4.267,11.729,0.73179,-0.65042,11.154,-11.265,-27.085,-12.263,-2.1344,1.5495,0.92587,3.5032,11.317,-8.1285,-15.63,26.829,30.673,-11.207,-5.7647,10.62,-5.5582,-4.8631,-4.9807,-19.052,-0.91363,9.7523,-16.091,-14.089,9.8437,7.4474,0.10379,3.965,9.1271,12.83,4.1566,-9.6697,-13.696,-11.208,1.9219,7.3932,-11.192,-4.407,31.791,29.472,0.10161,-8.2288,-9.2133,-9.8908,-5.221,-3.0108,4.9684,3.2192,-19.817,-14.046,20.945,22.21,3.1002,4.3299,-3.2432,-29.608,-28.268,0.51202,7.8704,-0.42865,7.6716,4.741,-17.365,-10.231,14.535,17.543,16.878,14.746,3.1123,4.3016,1.0822,-19.308,-19.477,-3.4805,9.0238,23.172,16.84,-3.4073,-1.6407,4.3503,2.0958,-2.7953,-19.706,-14.629,14.407,6.8705,-13.494,-15.015,-35.793,-38.719,4.0881,15.002,-6.5119,-7.1616,-6.3504,-0.1621,25.636,30.226,16.652,21.508,31.445,24.229,8.7573,12.751,32.916,19.806,-21.181,-30.879,-15.86,-16.509,-26.894,-23.024,-8.3278,-21.43,-57.624,-43.366,12.723,24.389,-0.75296,-10.897,-8.379,3.7066,13.891,3.5206,3.3687,23.276,28.739,34.224,53.457,45.614,20.908,25.778,34.817,22.775,14.618,-6.7069,-55.515,-79.028,-71.302,-67.386,-51.075,-32.167,-34.089,-17.386,8.9189,5.7717,14.609,36.15,30.464,39.373,63.509,41.95,3.0501,-3.2135,10.833,18.658,8.1789,9.1274,23.563,-4.592,-34.912,-7.2978,2.7888,-26.482,-24.359,-8.7628,-10.787,-15.808,-28.274,-25.219,0.93296,4.2569,-7.3212,-4.7338,1.7299,6.2541,-2.055,-6.786,20.739,29.799,5.8288,9.5641,21.065,14.647,19.897,11.716,-7.6256,6.1183,12.183,-8.2232,-8.2428,-3.1882,-12.068,-8.121,1.8056,-2.2587,-11.743,-13.305,-15.128,-26.718,-19.091,0.40565,-16.077,-19.924,20.121,18.913,-8.4265,10.516,25.864,17.743,18.289,8.0999,9.2137,26.475,0.47589,-26.735,-2.9495,12.095,4.0467,8.4443,9.9468,-9.3804,-36.4,-35.779,-6.413,0.85321,-2.2696,9.9776,-4.0642,-16.843,10.669,16.25,6.1139,22.17,11.328,-16.674,-8.1074,-4.5148,-18.041,-11.392,0.30442,5.3575,10.653,7.9667,-2.1885,-10.191,4.1245,30.653,19.173,-6.6945,5.3133,19.701,10.219,-6.9951,-29.054,-27.2,0.060476,4.836,-6.5123,-11.431,-8.5309,9.0611,3.4237,-24.083,-5.4669,17.305,-2.0605,4.8995,14.06,-21.854,-15.472,29.43,22.164,0.24591,1.4435,-3.3582,4.6438,19.904,5.5658,-4.4979,12.261,15.784,-7.0906,-31.343,-35.553,-21.063,-9.1142,-0.019786,17.789,20.242,-6.7186,-17.619,11.394,26.757,4.7857,-1.3685,11.432,-5.3575,-26.777,-15.343,0.21148,10.68,18.793,-0.69214,-19.744,-2.9765,10.78,10.905,21.028,14.952,-8.1114,-13.112,-11.104,-6.6397,8.7093,6.3437,-5.4157,3.0016,2.9171,-11.545,-13.073,-17.2,-20.845,-2.7405,8.5321,7.4776,17.433,15.805,-0.062766,5.5873,19.874,13.639,0.9046,-0.78539,-1.0034,-13.438,-25.827,-15.22,7.9774,9.4598,-16.709,-27.355,3.7332,24.847,8.8934,6.443,13.278,0.027696,7.3506,20.522,-11.866,-35.972,-15.068,4.746,9.3507,0.44587,-12.73,1.7209,19.81,10.055,-1.9636,-2.4946,7.3667,11.861,-12.692,-24.844,-8.6399,-12.479,-6.3153,28.208,23.417,-1.5616,2.2116,2.5974,-1.1342,1.4546,-6.9392,-2.9893,8.7012,-4.2284,-15.284,-10.614,-6.4204,-0.48034,-0.11306,-0.63119,5.9724,4.3924,7.575,15.361,6.4905,6.4741,5.0631,-20.339,-13.466,14.405,3.1348,-5.5495,4.7013,-2.3526,-9.1893,-11.661,-9.876,7.1173,2.239,-9.2804,9.6666,9.0628,-7.9465,1.4774,6.5486,7.5898,11.291,-2.1627,4.835,11.448,-22.816,-19.507,14.793,4.4801,-1.2648,5.6912,-9.1129,-7.3889,-14.303,-24.427,25.527,36.419,-25.217,-19.456,20.792,13.436,17.154,11.749,-19.521,-2.5288,16.61,-13.619,-28.321,-23.64,-19.951,8.0226,29.19,16.652,6.5704,5.65,-4.8285,-12.247,1.3054,19.508,15.782,0.32827,-8.385,-11.239,-4.4966,0.10028,-9.2495,-9.0224,-1.1579,-5.9708,-7.0102,2.8843,16.679,24.743,2.7362,-19.162,-4.2508,0.36997,-10.712,2.8292,4.5195,-12.501,-1.7253,8.6328,-5.5443,-7.0596,10.943,30.079,28.485,-6.2714,-28.94,-8.0727,11.651,2.8647,-4.8657,2.0167,-0.78948,-13.678,-7.4871,2.3268,-6.6132,-2.8416,7.0127,-9.2922,-12.163,10.8,10.079,-4.5416,-0.38739,5.4444,-2.0839,-6.1524,12.224,26.254,2.254,-18.084,-6.3651,0.38459,0.74142,-0.93096,-11.303,5.4562,25.465,2.7355,-8.7473,0.41981,-4.4118,14.705,26.683,-14.233,-29.483,-14.29,-21.49,-6.1935,15.796,-3.7326,-12.325,-6.5921,-8.69,14.415,22.501,-6.0559,-2.2944,18.26,13.819,9.1614,0.55613,-5.5155,6.1642,-0.80009,-9.867,7.1182,6.7563,1.389,15.885,4.8003,-13.3,-2.7568,-4.7324,-14.723,-9.0365,-20.779,-36.206,-17.032,9.8418,14.426,8.1154,12.424,19.32,5.2379,-4.3037,6.013,-0.19614,-2.4499,16.621,1.3046,-18.735,9.8063,16.76,-12.314,-9.6188,6.4906,14.351,22.599,2.3743,-12.951,13.955,9.8471,-32.794,-32.117,-2.5819,3.9979,-4.4247,-15.142,-15.974,1.4246,17.094,13.169,-9.7232,-25.166,-6.8913,14.179,7.981,-0.6379,1.2665,8.3763,21.139,23.47,14.656,8.209,-2.6688,-5.2951,6.2028,-3.4193,-20.603,-4.237,16.951,10.836,-5.4152,-13.399,-3.334,9.423,-5.129,-25.466,-19.561,-8.9012,-10.496,-10.779,-7.4731,-4.829,-6.3383,-15.597,-11.553,14.209,16.172,-9.6297,5.8943,52.893,51.741,23.713,27.089,33.626,21.048,8.3233,-3.4834,-7.0107,-9.1118,-36.602,-56.286,-38.769,-28.76,-40.995,-43.414,-25.704,6.4854,22.744,4.7035,-0.14678,22.879,24.235,7.3439,8.5084,15.234,15.405,28.92,48.373,35.156,1.7695,1.0005,14.542,-3.0538,-23.514,-28.477,-33.478,-13.96,10.178,-16.574,-37.44,-2.298,10.534,-20.895,-23.233,1.5133,10.041,12.197,7.1575,-15.582,-15.892,17.886,28.554,8.1132,6.7825,20.233,11.993,-5.3372,-1.2696,16.956,19.049,1.106,-17.935,-29.966,-18.979,9.7346,6.3424,-4.5072,29.58,34.215,-14.665,-18.855,-5.8268,-35.296,-32.912,1.7814,2.2468,-3.4835,-4.3246,-8.9592,10.78,18.589,-2.638,3.7579,16.081,1.7675,1.7781,10.284,4.8828,8.6503,15.451,4.4673,-12.124,-7.8981,14.438,3.5781,-32.726,-22.282,6.4241,2.6773,9.8671,20.762,-1.0418,-5.6449,14.077,0.2788,-31.195,-26.955,0.8242,3.468,-6.2459,11.583,14.502,-14.354,-7.4444,11.294,-4.3559,0.19322,15.13,3.3669,9.9788,10.172,-22.934,-11.46,28.122,17.589,-10.979,-14.437,0.50562,8.554,-9.4838,-10.476,11.858,1.5333,-5.2177,16.619,4.4568,-16.264,-1.8294,10.903,18.862,15.218,-16.098,-30.5,-35.687,-44.041,5.2266,50.609,0.35539,-38.095,5.0501,23.568,-5.0171,8.5112,47.739,24.351,-20.095,-1.594,8.5941,-31.421,-16.948,30.341,9.3789,-14.666,10.513,18.93,-2.4103,-16.939,-1.1419,24.484,0.74704,-31.353,-9.4998,0.48798,-12.467,1.646,-3.6013,-20.4,-0.2176,-3.9194,-29.946,-16.552,-4.2099,-0.11081,31.771,43.708,17.313,-1.3051,5.0592,21.893,10.415,-13.533,13.482,34.367,-7.874,-19.905,12.294,0.2267,-24.172,-8.4957,2.3444,-6.9957,-7.3522,-3.6823,-11.396,-20.488,-13.726,1.1114,-0.81399,-22.025,-34.412,-17.867,-4.1436,-16.083,-1.1229,37.71,25.644,12.661,54.646,52.718,14.315,48.679,67.562,-3.6847,-30.501,5.6229,-11.958,-48.85,-39.487,-34.161,-42.501,-27.474,-15.775,-27.798,-32.132,-16.022,6.6975,23.191,23.32,10.675,-0.1512,3.2222,19.8,28.128,26.298,32.913,30.029,12.66,11.883,6.221,-10.406,9.4908,18.137,-24.02,-28.345,-7.7495,-38.067,-41.345,1.6588,-3.8189,-19.926,-0.62838,-1.9418,-8.6907,5.1945,7.2763,11.902,18.12,-0.32169,-9.6485,-5.9281,-7.6301,12.687,25.376,-2.5,-8.5442,15.224,13.066,3.3956,15.567,29.599,25.81,0.20718,-15.564,0.057344,-4.1198,-39.355,-38.089,-5.6866,-1.8508,-14.483,-18.484,-20.485,-3.0041,23.302,13.764,1.2155,15.804,-0.83095,-27.08,12.375,45.354,8.3806,-13.348,6.7655,13.617,9.0101,1.5609,-3.9891,8.2925,1.3227,-27.127,-15.155,9.9144,-3.3301,-9.894,7.4518,5.0791,-13.266,-14.973,1.0164,7.202,-7.3284,-9.4813,5.9622,4.3378,-1.7973,2.8937,-3.5035,0.42358,23.912,15.821,-5.5723,8.0958,11.167,-14.166,-12.748,0.97199,-9.8223,-11.18,8.4607,16.115,5.9486,-11.502,-20.692,-8.3866,7.5781,11.966,4.7319,-12.201,-6.2838,19.541,5.6298,-12.845,22.478,28.141,-23.815,-27.935,4.085,-1.5746,-7.3731,-0.57205,-7.9222,7.0399,25.14,-6.3934,-21.66,11.822,8.9154,-20.169,-0.57339,21.245,0.19865,-8.919,4.9953,5.8572,-1.4184,-8.0812,-1.8048,21.22,8.5613,-30.52,-14.249,25.72,19.122,-1.1899,-12.95,-20.67,-6.3728,0.53991,-9.1299,8.0664,20.14,-5.7982,-17.619,2.413,22.81,12.547,-32.51,-38.589,16.296,32.702,0.86184,0.40601,23.946,30.388,12.983,-11.17,-8.2792,-0.098237,-19.937,-29.927,-18.032,-8.1559,-0.29907,-10.23,-19.706,8.4618,25.664,11.621,8.1841,-1.3902,-11.462,7.0249,9.3641,-0.65286,15.72,13.719,-8.5252,-2.7903,10.939,13.691,6.2839,-12.137,-7.7455,6.5005,-8.1867,-8.8139,15.338,10.468,-14.269,-28.152,-31.772,-27.513,-25.22,-14.43,9.2553,8.8482,-1.6593,14.448,29.036,34.62,48.454,45.393,19.309,-6.7952,-14.827,2.9915,2.8867,-33.88,-40.27,-14.07,-15.978,-22.509,-3.6674,0.90648,-14.371,-8.6558,10.917,4.8768,-2.0734,24.73,29.796,0.052142,8.1417,22.866,-6.0499,-10.371,8.7344,-6.4466,-12.374,-0.69483,-14.41,-25.345,-22.013,-13.042,16.408,26.727,10.617,19.76,23.682,4.934,10.415,13.184,-4.2381,-5.118,-10.778,-19.667,-5.4744,-13.409,-30.565,-5.1004,8.6908,-3.9782,9.3936,8.9319,-21.408,-12.315,17.349,8.1207,-10.321,-2.6636,12.177,11.996,1.5328,-2.0922,-3.3895,-6.1525,8.5217,21.053,2.7072,-4.1488,20.585,24.628,6.345,5.3807,5.2927,-11.05,-15.518,1.9964,12.298,-6.9569,-29.069,-21.386,-17.179,-37.847,-35.541,-14.955,-20.434,-20.675,0.80868,7.1792,12.41,26.411,24.067,31.605,56.282,54.444,43.033,47.517,39.136,20.83,5.779,-25.175,-54.523,-56.457,-52.678,-51.131,-40.98,-39.641,-46.373,-26.818,5.5852,8.1198,5.1292,28.819,41.643,29.412,20.359,10.665,12.447,36.795,30.238,-2.8079,0.048915,11.325,1.9258,6.9638,11.987,-4.3481,-13.39,-9.2375,-4.5541,-13.1,-34.001,-25.748,-2.5989,-12.528,-14.464,-0.051183,-17.333,-17.077,16.73,7.5477,-14.463,5.8686,20.703,15.146,10.405,-1.304,-0.98324,19.331,25.025,4.5149,-17.467,0.21076,42.482,29.632,-16.802,-11.509,9.4955,-0.82227,-8.1248,-14.836,-28.211,-20.991,-10.051,-8.444,-3.571,-13.715,-22.518,3.8457,18.673,-5.6678,-18.383,-8.7879,1.2943,22.291,36.765,17.086,5.4474,28.297,32.875,8.6576,4.0077,8.2313,-11.622,-33.046,-31.745,-9.8733,9.0747,-7.7145,-27.64,-6.2349,4.9102,-14.773,-1.3911,25.081,6.7962,-14.041,-1.2632,9.9848,2.7948,-3.678,4.1359,8.5832,-5.0518,0.58853,29.017,16.934,-21.976,-20.231,2.3247,6.7464,7.4249,7.0275,-2.8676,-9.8387,-3.8469,5.8064,-0.6644,-12.583,-1.0909,9.5193,-4.2867,-7.8708,-0.97379,-7.6713,-0.18734,18.047,5.583,-13.703,-8.5105,1.0565,9.2659,13.417,-6.8072,-25.602,-2.2033,30.194,19.481,-7.7444,-5.0226,6.7194,4.6025,4.2448,-7.5669,-28.563,-8.8319,20.327,-4.9895,-25.524,5.2159,18.803,3.8691,7.6973,5.2516,-11.93,1.8577,15.824,-13.659,-27.048,2.0754,13.397,9.8662,18.544,3.5215,-17.319,-1.4579,6.126,-4.2272,-0.068452,-13.675,-25.312,6.6724,12.658,-9.5535,9.7563,17.389,-6.7929,0.098223,3.2628,-4.2602,26.958,31.854,-13.594,-29.183,-20.7,-14.867,3.8647,15.359,16.222,5.4837,-21.782,-6.0524,26.027,-13.498,-41.162,-0.35702,6.2469,-10.699,8.8641,13.958,12.842,32.415,17.092,-12.811,-7.6749,-4.277,-7.1144,1.6201,-2.7012,-3.2637,14.819,9.6696,-8.2729,3.2639,14.721,-9.9135,-40.26,-34.671,-6.4584,-1.7224,-14.136,-1.3195,16.46,8.6799,9.6049,23.329,17.111,14.529,26.012,18.79,4.293,-8.2088,-24.324,-9.4852,11.064,-16.002,-35.131,-17.159,-5.8492,12.472,25.528,2.6161,-5.0158,-6.0003,-28.49,-7.844,20.667,-3.6848,-2.9545,11.573,-11.644,3.9127,29.793,-2.2972,-5.4172,25.04,19.734,8.6854,-8.6043,-22.401,4.8505,-5.224,-38.264,6.1866,20.548,-37.539,-15.559,37.555,10.597,-0.04374,24.457,0.33486,-24.72,-8.6417,-5.2389,-13.819,0.20719,10.236,-2.174,-1.1823,9.9237,-4.9927,-12.346,11.061,16.359,8.7442,15.597,6.0441,-6.6413,0.3335,-9.612,-17.37,3.5273,1.6697,-14.201,1.0127,5.4292,-14.846,-6.6739,20.78,21.107,-0.2439,-12.552,-6.6146,0.85787,-3.4561,-4.8119,3.185,-2.5453,-13.701,1.2252,12.744,-1.9009,6.7503,25.074,-1.4461,-19.695,0.79079,3.5678,0.26261,8.0164,-3.599,-6.6088,3.5795,-5.602,-3.2091,0.33109,-16.792,3.5693,29.269,2.134,-7.3094,6.8531,-6.8213,-11.688,-8.1035,-7.7759,15.65,9.0907,-21.601,1.7128,12.783,-20.586,-7.337,19.747,8.1426,7.432,7.5932,-6.8658,-1.9383,4.6346,5.3383,12.561,2.983,-7.1896,1.7375,0.98617,-9.6354,-20.841,-27.536,-7.3807,10.903,-0.96877,-5.8485,1.7257,6.749,22.029,25.48,0.24056,-18.559,-10.859,10.027,17.201,2.4279,-5.4377,-0.25169,4.1304,7.4015,-4.1767,-15.239,0.69064,3.9863,-11.305,-6.8502,-6.399,-8.634,7.7818,-1.1794,-14.884,8.3324,5.4782,-15.506,7.5194,21.085,7.245,11.005,-0.40441,-21.342,1.0508,21.161,2.238,-5.0621,8.5494,-1.5743,-24.874,-3.8989,35.725,17.525,-13.831,2.2831,-0.33409,-33.421,-31.923,-15.337,-1.5204,18.517,6.1319,-12.332,10.969,20.315,0.84925,1.6071,7.512,5.6713,8.5866,-0.96464,-13.723,-9.3525,-4.1599,-0.089668,13.289,24.8,15.976,-9.4659,-11.581,9.43,0.2166,-18.915,-5.665,-5.2675,-28.588,-22.334,6.7381,19.41,8.9736,-6.2245,-0.83877,13.731,11.886,-0.55253,-15.389,-15.122,8.1995,16.178,7.8081,10.791,8.1664,8.3246,15.675,-10.136,-30.458,-7.6714,-4.4975,-19.227,-9.9278,-3.6841,6.0678,22.987,6.8747,-5.224,15.677,19.84,2.8636,-14.016,-17.07,11.109,20.199,-12.101,-16.886,1.9308,-0.091892,-6.7525,-14.772,-15.906,-0.8802,-3.1834,-4.9241,9.2141,-3.8607,-5.8588,25.045,14.516,-5.3304,18.747,21.365,1.3062,2.5298,-2.2751,-9.7285,-2.729,6.2676,22.173,12.833,-28.479,-23.87,11.383,1.5584,-19.969,-17.4,-13.717,-10.196,-8.1086,-7.86,0.95518,-2.4247,-22.947,-24.222,3.499,30.201,33.199,31.814,42.072,33.011,12.334,20.346,22.957,-3.1917,-17.16,-25.031,-38.909,-27.741,-11.981,-23.561,-32.042,-19.973,-6.4037,3.5814,15.305,20.481,8.2719,-2.8662,7.1501,17.957,13.979,2.0593,-12.083,-8.8377,4.4738,-4.0898,-4.4622,23.586,28.964,7.0496,-5.1427,-6.3964,2.6548,12.073,6.2857,1.0824,-6.2259,-20.622,-18.174,-14.782,-21.357,-6.3018,11.475,7.0722,-0.11612,-13.171,-14.163,17.422,19.532,-15.345,-11.893,9.0206,-1.9186,-3.9931,18.505,23.398,3.4269,-8.4874,7.4137,20.627,2.384,-5.6977,18.313,19.571,-7.9556,-13.619,-12.826,-33.366,-34.206,-7.0662,4.1871,9.0267,20.282,3.0597,-19.948,-2.834,15.134,6.9202,5.6967,5.1642,-7.4529,-4.0958,4.295,-10.36,-11.789,18.252,15.773,-27.172,-24.023,19.273,20.241,8.7287,28.427,26.771,1.1392,-8.4022,-11.358,-7.9875,-12.056,-32.718,-14.423,11.401,-16.553,-13.099,24.712,5.5357,1.8811,30.764,-9.1159,-35.395,8.2264,6.4653,-9.9386,15.8,-6.724,-40.774,-0.12722,28.651,7.7459,8.3863,23.247,20.081,14.064,6.7227,-5.763,-9.4779,-3.0288,-3.2943,-13.999,-20.72,-15.662,4.4919,19.853,-7.5836,-37.185,-11.242,10.383,-3.916,7.2275,18.452,-9.0964,-11.912,16.046,17.463,3.705,5.4901,15.721,6.5279,-23.513,-18.785,16.886,12.949,-3.5574,12.072,14.558,1.8847,0.48125,-15.017,-26.764,-6.3485,5.7649,-5.1344,-13.454,-16.322,-10.581,5.5151,14.6,7.8145,-1.0418,6.5337,16.601,6.7131,-1.4568,3.9909,2.9214,-1.3785,-7.2365,-10.485,9.4214,12.387,-26.702,-33.761,3.7502,19.192,10.718,3.2993,9.9026,29.874,14.117,-20.475,-0.50111,20.037,-15.801,-34.05,-11.854,1.7278,3.4903,-0.78486,-3.0951,3.1245,-4.9283,-11.433,3.0186,4.7147,3.1539,13.329,-8.2189,-38.274,-20.952,10.989,25.435,27.619,12.57,6.7344,25.087,19.583,-13.264,-15.663,7.7842,4.1247,-7.8297,19.352,37.054,-4.2034,-34.98,-18.648,-21.8,-48.302,-42.69,-13.253,1.0396,-8.2428,-15.921,3.2522,26.924,29.187,23.185,19.856,21.208,16.632,-1.8405,7.6104,40.278,22.056,-12.582,7.0768,18.97,-9.6122,-14.612,-5.8461,-22.626,-27.748,-6.8192,-6.2745,-28.885,-33.203,-29.59,-38.409,-19.547,15.105,6.0541,-1.4008,25.79,21.268,3.2337,23.804,38.205,33.923,33.25,26.466,29.534,27.035,2.8305,16.683,24.736,-50.246,-92.153,-44.34,-24.633,-35.782,-17.215,-6.0763,-14.505,-15.53,-8.7948,5.8283,17.213,19.961,28.74,38.488,40.32,23.219,-12.542,-20.257,2.2324,8.8918,10.903,11.158,-6.4202,-7.4482,-0.29805,-9.7972,0.65218,8.8224,-16.21,-20.221,-7.4445,-9.5315,-2.622,-11.246,-27.973,6.6582,26.177,-8.9747,-1.4464,31.506,10.961,-7.7386,6.4596,3.6563,-6.5736,0.72769,0.79691,-17.537,-22.297,9.4934,36.454,13.226,-19.838,-11.428,15.165,21.842,9.5232,-0.80788,-0.81252,-5.3867,-19.454,-26.503,-19.1,-1.3266,13.308,3.5343,-17.05,-6.1477,26.218,27.367,2.6475,-5.8547,-9.6607,-17.962,1.4677,22.068,-0.0043154,-15.289,8.3165,16.742,-2.8389,-6.5182,11.692,16.298,-6.9792,-21.893,-10.674,-6.0642,-6.2336,0.56678,-10.045,-9.2365,20.092,11.878,-9.0288,21.571,25.783,-20.712,-19.091,8.545,-3.9042,-6.9857,8.0847,-3.8166,-7.3867,15.159,11.242,-9.0092,-2.7261,1.6981,-6.8301,10.485,24.554,-3.48,-21.111,-8.072,-4.5898,-3.0191,-5.1599,-22.779,-6.5274,26.3,12.336,-1.0877,2.2722,-22.267,-12.265,34.901,13.523,-23.649,3.2079,19.999,13.158,14.934,-13.386,-29.956,3.4438,4.5485,-10.556,20.479,21.681,-16.638,-9.3123,8.429,-8.9725,-19.135,-14.783,-2.3093,18.237,11.151,-9.6495,-6.2043,-4.0314,-4.6542,12.498,21.019,15.748,-1.0076,-39.74,-46.157,-3.9959,10.175,2.8716,23.896,30.735,5.845,-1.3696,15.003,23.915,11.898,-0.79336,4.7639,1.2243,-14.556,-9.8231,-5.3848,-13.087,-4.6895,-2.1599,-17.622,-21.493,-18.968,-7.8346,5.5138,-19.635,-34.68,7.6163,24.476,-1.8927,3.2968,26.569,30.676,25.202,12.225,4.0665,7.2234,8.3027,8.056,-2.1708,-10.3,10.673,19.458,4.8099,11.992,2.8573,-32.169,-20.017,1.2398,-20.714,-21.756,-3.5114,-24.727,-52.614,-45.017,-15.006,8.9365,3.3943,-13.7,-9.5659,8.024,19.618,24.127,38.547,67.918,78.88,61.379,45.146,38.976,35.342,14.605,-32.525,-60.493,-60.146,-75.321,-82.053,-51.988,-27.05,-27.337,-32.414,-16.144,14.234,10.788,4.0422,38.019,36.963,2.1822,18.499,34.332,23.615,43.016,37.541,-2.0102,8.9504,30.401,17.944,8.5525,-11.313,-33.467,-27.867,-24.551,-19.955,-11.866,-27.261,-19.531,9.6272,-9.791,-25.834,12.019,29.448,3.1573,-19.282,-27.728,-25.941,-9.6298,8.6667,9.3465,10.707,33.809,32.058,2.1548,12.356,31.649,16.145,12.624,7.5292,-8.6457,9.6454,7.8883,-23.889,-4.9603,8.7374,-21.024,-20.748,-17.856,-29.246,-9.6444,-7.3681,-20.922,-2.1563,-1.6315,-7.7409,14.594,6.2481,-6.9725,14.1,15.126,14.342,20.384,-6.5709,-4.3344,23.073,-2.9912,-13.393,23.302,22.025,3.0646,4.3938,-3.0507,-5.8743,-0.86276,-7.6563,-12.636,-15.292,-8.8887,6.1201,-7.4963,-17.544,6.2402,-7.698,-41.888,-9.9351,26.902,7.7903,2.8745,22.331,10.947,-6.0007,-3.3259,-10.607,-7.5939,26.211,29.994,-4.4776,-7.2693,11.308,2.9668,-5.8817,4.4336,4.7856,-11.081,-16.369,0.11562,6.0578,-12.456,-9.9631,15.482,14.601,-4.4275,-13.489,-15.427,-11.203,-8.0441,-2.1991,13.207,9.831,-4.0068,2.5777,5.8151,2.8491,-0.62731,-24.462,-16.185,34.12,30.54,-2.8695,4.9968,6.3507,-1.0752,11.54,-1.3741,-23.035,-8.617,9.8024,13.225,0.7653,-20.579,-17.126,-6.4369,-5.4171,8.8342,4.5358,-15.489,-0.70405,4.6608,-11.554,7.9884,19.428,-1.0611,4.3803,9.2893,-6.2512,1.9488,3.5541,-17.475,-6.0311,19.141,15.247,6.6662,2.1166,-6.1607,-2.8818,-3.1922,-20.117,-11.114,18.148,3.2377,-22.139,6.9917,25.929,-8.2064,-20.317,1.8975,8.2792,2.6745,-5.7787,-11.525,-1.8029,-0.32669,-8.5128,3.4705,19.456,15.351,-2.0254,-9.4626,13.49,27.378,-1.5821,-20.565,-7.8657,3.5528,5.8973,-12.625,-27.865,-0.085531,10.3,-13.905,1.5521,18.88,-3.0212,4.9554,17.443,-19.805,-25.647,19.736,23.301,-7.2513,-1.3276,12.01,-8.7174,-12.881,13.614,14.3,5.5288,6.8302,-23.917,-37.599,3.772,8.7638,-14.078,6.232,13.78,-3.3543,4.3815,9.3262,11.7,19.938,-0.68551,-14.825,-12.866,-32.385,-18.826,20.317,9.6347,5.9632,29.108,12.511,-0.063812,6.7535,-21.285,-30.203,2.416,5.7952,-5.9445,3.0284,8.2358,1.9656,-10.165,-12.7,8.0877,15.713,-0.06906,0.67702,10.322,2.2912,-9.8965,-11.711,-2.7791,7.3692,3.5512,-7.7945,-9.1003,-1.7517,1.5883,-0.5872,1.1404,8.041,15.719,18.971,7.6748,-7.5856,-10.138,-10.332,-3.1572,12.191,-2.9655,-27.256,-7.7229,14.04,2.4873,-6.5741,-6.5281,1.6855,16.093,-4.8748,-30.197,2.093,26.258,1.55,5.1465,22.077,-11.423,-25.141,15.009,15.833,-18.075,-6.8077,18.415,16.499,9.9729,-5.4006,-14.719,2.6823,-3.569,-22.669,0.49465,9.7543,-13.357,-2.5097,9.3836,-11.157,-10.287,8.879,9.8653,-8.9265,-28.778,-5.3469,31.076,14.09,-1.466,8.6799,-4.409,5.9654,30.542,-4.6469,-17.358,23.214,7.6603,-29.294,-8.9451,15.554,9.0446,-13.319,-27.125,-8.73,3.9702,-1.4746,8.2708,1.5417,-14.747,10.153,22.549,-5.532,-15.158,-9.3776,-7.6497,1.3372,6.1397,6.2782,1.5622,-5.3081,10.005,9.9814,-21.495,-8.1172,26.472,11.992,1.4129,10.866,5.1686,20.788,30.913,-16.832,-40.284,-2.6291,10.411,-13.216,-21.455,-10.44,0.17992,-5.374,-17.312,-7.0551,0.24639,-21.679,-14.597,30.559,25.761,-11.42,4.8687,24.261,-1.515,-4.3042,15.595,8.846,2.5173,5.6313,6.3317,20.451,21.42,0.68106,-1.7299,-1.7042,-11.778,-7.564,-8.5664,-15.105,-7.3896,-14.3,-29.005,-23.647,-19.233,-11.943,2.9847,-0.8923,-5.3574,0.15405,-2.8532,7.0275,26.271,25.196,19.284,16.297,16.528,25.868,17.399,6.8987,28.257,32.915,6.4073,-3.9925,-8.8877,-22.123,-33.808,-53.693,-56.336,-28.304,-14.178,-14.576,-9.2913,-15.966,-21.48,0.19104,27,28.568,14.324,17.818,30.429,24.796,30.057,47.661,32.177,9.6493,4.0018,-13.164,-18.882,-12.19,-30.793,-28.721,1.2094,-13.07,-33.131,-2.2165,14.462,-12.433,-24.289,-2.2235,14.873,2.953,-10.622,-7.1063,-9.5069,-6.3036,18.652,21.856,1.6632,4.916,16.702,12.158,8.067,5.9682,9.9025,28.814,26.059,-10.266,-25.024,-10.2,-10.898,-16.826,-6.5297,-5.6756,-11.117,-6.3421,-10.183,-8.3588,9.6112,1.1625,-12.519,10.097,16.231,-6.9675,-5.0218,7.3617,5.2883,1.6642,-10.049,-13.315,7.3269,12.316,1.6885,11.953,21.119,2.8357,-11.462,7.9185,25.94,0.07926,-23.061,-1.2534,5.2201,-20.849,-16.798,8.8359,3.8773,-25.817,-31.714,10.999,38.185,0.089523,-19.876,15.113,18.184,-10.488,-4.4399,6.9077,-11.272,-14.213,12.222,13.682,-11.94,-7.1678,10.964,3.1303,5.0109,9.1414,-12.518,-5.5082,19.329,4.4663,-3.2982,12.645,14.818,12.154,-14.66,-41.63,-6.9685,5.1339,-26.844,4.4551,25.755,-19.08,-9.3364,15.122,-17.704,-9.5453,24.503,14.65,7.9926,1.8353,-4.0782,18.752,5.006,-24.368,6.8325,16.632,-16.165,-8.6571,-4.8892,-29.378,-9.1708,32.972,29.306,-4.7651,-9.5717,22.113,18.054,-21.596,-18.66,-2.6085,-11.418,-2.5469,0.67969,-12.927,4.9993,14.358,-8.1075,-11.283,-9.4796,-7.6225,18.457,25.757,9.2813,5.9171,7.0187,16.29,14.964,-20.393,-24.978,-2.6998,-24.17,-32.907,4.8663,18.626,9.0719,-1.2282,-8.0353,19.699,31.175,-8.4992,-9.4452,15.507,-7.4144,-8.8493,23.999,2.2183,-30.916,-9.5796,9.7938,-2.0781,-13.739,-14.596,-1.7744,9.7587,-1.8819,-8.1692,10.697,18.138,6.5655,2.0791,-2.2376,-5.0681,10.984,17.883,-1.3781,-11.621,-4.1825,1.2418,-1.2341,-11.727,-15.097,-9.0372,-9.5836,8.0631,35.619,9.3988,-30.756,-11.126,17.973,10.741,-1.7053,-1.3056,11.239,13.467,-5.121,-5.0021,3.0248,-8.9391,-4.0232,-4.0631,-35.132,-21.582,20.724,10.874,-4.0281,6.455,1.8476,3.134,15.632,9.5077,1.5081,-2.5485,-6.44,-0.47417,-0.70625,2.7115,20.003,10.882,-6.0979,7.006,3.6329,-21.796,-16.297,4.6647,5.0859,-5.6691,-13.446,-17,-14.657,-1.3784,5.2455,-10.407,-14.459,-0.68866,5.5182,27.297,42.933,12.369,-0.14696,7.3934,-19.327,-11.202,24.037,-3.0702,-11.064,27.302,4.3531,-22.911,6.6373,6.5382,-10.716,3.5007,4.1216,-11.047,-23.836,-30.511,-6.6041,5.1791,-26.957,-37.9,-17.363,5.6492,41.207,54.747,28.625,11.122,6.9657,6.7628,18.697,16.965,-1.1485,-12.179,-19.106,-16.509,-11.657,-24.431,-22.136,7.9168,20.365,12.37,10.226,5.396,-10.542,-21.205,-12.425,-0.19453,-3.2373,-1.3049,10.57,1.7971,-14.016,-3.6044,11.5,2.9555,-10.031,-2.3733,7.7474,4.2978,15.226,29.118,7.442,-6.5803,7.3946,-2.7057,-9.7541,7.9268,-9.6561,-24.812,8.1513,10.905,-10.245,6.9948,10.022,-9.4032,-1.2222,0.26935,-10.005,-0.52258,-5.3711,-17.798,-6.6746,-10.847,-23.595,-6.5709,5.0279,2.8341,15.199,19.208,10.448,10.215,5.0439,2.4088,16.907,24.281,25.7,27.882,9.149,-7.2076,-1.6941,-11.607,-26.659,-23.434,-37.505,-48.762,-18.117,-0.96989,-11.759,-2.2157,3.5135,-3.1474,14.146,20.533,6.9348,21.714,30.279,7.4764,8.4022,19.512,1.94,-6.2223,6.0566,5.7918,-4.517,-7.875,-2.2716,-5.1578,-22.506,-15.299,12.095,2.283,-23.555,-15.561,3.5336,11.65,7.9551,-6.9588,-2.1301,16.411,4.8722,-15.577,-18.474,-16.974,1.3106,18.885,3.9294,6.3825,30.461,7.9273,-18.869,8.2229,23.941,0.75604,-13.603,-14.295,-4.5299,14.196,12.366,-1.0481,-2.1011,-8.4885,-21.745,-22.193,-5.4625,17.986,13.936,-11.255,-3.4056,9.7785,-11.533,-10.363,12.357,3.4177,0.51232,8.7173,-11.345,-7.7641,21.586,6.2629,-9.7755,13.153,13.361,-6.6948,-9.4157,-8.8532,-0.58718,10.189,1.3097,-5.193,-10.581,-22.7,1.9814,34.335,10.542,-12.194,5.9228,5.0277,-6.577,10.381,6.9225,-27.913,-26.186,7.5919,14.823,0.50335,-9.4605,-13.98,-2.5397,12.179,1.7163,-3.9464,12.913,9.1924,-6.3628,0.98473,5.1089,0.62526,4.6803,-0.93376,-1.2217,17.619,12.927,-4.9108,-1.8837,-7.4668,-14.836,-0.26124,-3.8765,-18.388,-4.2404,3.1375,-9.0036,-6.8171,-0.82255,2.4557,12.89,13.923,10.583,11.919,6.0619,8.0311,5.5306,-29.944,-38.306,5.4351,18.587,-4.69,-10.991,-9.5696,9.4656,42.778,21.724,-19.6,-3.7771,4.319,-27.443,-15.276,23.714,14.207,-13.638,-15.465,-1.634,7.4306,-2.1468,-4.6527,19.511,18.828,-15.528,-22.454,-8.3908,-2.5892,14.586,16.896,-17.581,-19.483,20.194,23,-3.2497,-8.5039,-8.3758,-5.3769,8.123,0.42397,-9.9977,11.27,13.991,-17.18,-20.43,6.0296,25.62,25.09,-4.2974,-17.499,17.339,21.726,-20.262,-20.426,6.0285,-4.2947,-20.628,-12.983,-2.5819,-10.628,-26.052,-4.4404,29.396,7.1158,-14.801,21.117,37.857,12.888,0.67337,-2.7203,-1.1313,7.3709,0.94461,1.225,10.275,-4.488,-14.04,-10.449,-19.749,-11.111,3.3513,-9.7042,-5.3194,2.8593,-13.652,10.729,38.172,0.92869,-4.4703,21.449,-22.619,-46.737,7.2104,22.601,2.3045,9.1173,0.62114,-14.171,-4.2555,-3.4554,11.379,45.029,19.886,-28.645,-13.741,9.0298,-8.3583,-8.5361,10.013,1.5638,-9.9406,-2.1973,-4.7363,-9.3822,8.1281,11.171,-12.158,-14.066,0.10033,-0.32989,1.5873,-1.6774,-18.505,-4.9658,23.706,15.314,-0.34361,1.916,-0.95414,-1.6294,5.038,8.0376,7.4081,-7.602,-11.719,22.076,29.018,-7.5638,-12.282,0.7431,-12.351,-18.553,-10.644,-0.18343,10.773,-4.2279,-14.267,9.2468,1.1467,-22.87,4.0325,20.354,0.13787,1.69,-3.9704,-22.446,2.9617,21.419,-6.3364,-4.8422,27.976,21.269,-13.592,-23.016,2.6826,26.572,8.5979,-21.479,-7.9453,16.151,1.7408,-9.1088,10.117,16.218,7.878,4.2394,-10.751,-20.745,-18.024,-27.603,-16.469,7.3883,-17.686,-27.781,5.7117,-6.5576,-2.0599,61.307,37.62,-21.81,21.484,39.992,-11.468,-4.786,14.386,-4.8624,-0.37278,-5.9846,-24.986,6.1682,20.572,-20.919,-28.299,4.6677,11.474,-5.481,-12.987,-8.6361,-4.8574,2.0485,8.7726,-2.904,-11.764,-1.3942,1.4877,4.7842,12.282,-3.3314,-11.587,-1.0973,-9.9253,-5.9268,22.83,23.26,11.919,7.9661,-7.4905,-3.243,14.593,9.0382,13.85,23.427,-0.40078,-18.405,-13.466,-8.8776,-0.81807,-4.0352,-13.443,-3.1038,-9.0608,-31.832,-21.069,-7.0183,-21.998,-30.469,-17.899,6.9188,22.49,8.4965,3.0149,26.217,43.549,52.298,46.521,20.735,25.901,44.136,9.2796,-25.641,-18.191,-27.6,-46.423,-39.114,-42.436,-48.08,-24.282,-13.079,-18.077,4.2522,20.754,3.3702,1.5944,23.2,27.282,16.033,8.2562,9.0487,18.112,16.558,10.755,29.221,32.131,-13.187,-35.818,-10.976,-7.2887,-16.17,8.597,18.765,-11.596,-21.899,-5.9482,-5.1925,-2.8009,8.3851,-10.407,-35.541,-16.286,13.041,10.814,-1.5069,-9.6434,-8.8754,11.124,19.931,3.0609,3.7078,23.934,27.161,16.675,-0.80468,-20.463,-13.921,5.9427,5.6531,3.2072,3.0739,-15.507,-22.86,0.64857,12.6,-6.7946,-26.057,-13.769,19.329,24.086,-0.74278,-2.9713,9.6976,1.2842,-5.8613,2.9,8.2907,1.3681,-22.008,-34.512,-6.2039,16.9,4.1953,-5.0383,-4.5137,-2.1261,10.905,10.271,3.3154,15.873,11.196,2.5826,29.357,20.418,-26.899,-9.2986,25.216,-8.1892,-33.172,-12.043,-4.2893,-8.0491,-10.404,-23.485,-16.766,14.004,26.632,21.132,10.027,-10.682,-18.037,-8.2742,-8.6561,-2.9795,14.266,2.0533,-10.336,24.066,38.736,-1.4538,-17.017,6.2093,11.983,2.0294,-9.4676,-20.832,-9.5642,8.9015,2.6832,-1.7979,9.4435,4.1671,-8.596,0.92118,6.0646,-13.097,-16.86,2.6184,5.2979,-4.9195,-11.264,-23.479,-16.156,15.669,17.014,0.36335,11.379,14.985,-1.1902,4.3092,17.949,10.523,-2.2572,-0.92071,9.4653,5.2409,-7.2842,-1.5444,-3.0712,-17.564,-3.8827,3.1528,-23.881,-18.087,12.362,3.0728,-11.841,-0.19903,4.8524,-0.38318,0.43568,10.123,22.732,13.204,-16.777,-24.54,-0.88408,16.833,6.4043,-7.4758,1.154,8.6675,-5.8092,-14.135,4.35,29.227,25.322,-9.058,-22.049,1.5546,6.0101,-16.809,-18.953,1.3317,11.732,2.2795,-13.285,-15.77,-0.41757,19.29,19.601,0.40896,-3.6799,1.1713,-13.726,-14.963,2.9363,-3.6637,-8.3663,6.8166,5.7446,10.652,26.901,12.169,-2.9715,-1.1463,-14.204,-12.08,7.4607,-0.03786,-7.3367,-2.0788,-11.447,-9.0151,8.1304,9.7975,5.9101,-4.9732,-15.772,2.9064,16.195,1.4335,3.4379,16.472,7.5801,-7.8855,-17.973,-19.267,-8.1317,-3.6526,-6.081,2.6971,9.4298,0.84096,-1.7215,15.056,22.952,6.7623,1.7141,9.6365,-4.5738,-13.926,-1.3616,-10.684,-19.775,2.7677,2.0709,-14.515,7.4639,19.655,-3.5732,-1.9088,15.266,6.9549,-3.1566,-7.3641,-18.49,-15.395,3.7435,13.344,9.6721,0.70948,-2.1896,6.8638,9.0172,0.49451,-1.1472,-5.2031,-17.179,-17.047,-7.7313,0.52856,10.854,10.454,0.48805,6.1369,20.448,16.168,-7.1632,-20.354,-1.871,16.415,4.1676,-10.331,-14.567,-14.977,2.991,12.332,-2.3004,6.1431,20.546,1.3159,-17.381,-25.522,-18.037,19.873,19.557,-20.891,-12.017,8.2094,-0.55001,12.711,13.444,-6.8427,8.9788,5.0918,-20.423,9.7669,22.352,-13.638,-6.1411,6.4894,-17.633,-11.861,10.537,16.234,23.249,13.29,-4.0099,-3.3235,-7.9475,-7.429,2.4711,-9.0788,-17.937,-18.087,-29.255,-11.749,16.968,0.52343,-10.98,11.79,14.712,-1.3439,-2.1458,11.409,24.963,21.581,8.3647,5.8859,9.7838,10.812,-1.9685,-23.322,-16.729,6.5148,5.5178,-1.4085,3.4702,1.3416,-10.304,-18.527,-8.4412,0.74833,-24.036,-33.012,1.5847,3.0397,-19.465,3.4773,24.033,5.3262,-7.3763,-4.4665,10.394,31.18,26.728,12.097,14.505,19.519,21.855,17.708,5.354,-0.17143,-7.5349,-14.303,-13.869,-35.754,-47.981,-17.149,-14.089,-30.824,-5.0948,-3.7496,-32.243,-3.2411,33.02,24.54,22.238,21.856,17.04,27.592,16.996,-1.6458,9.292,6.3963,-8.3611,-1.7683,-6.6094,-9.4582,13.012,8.0227,-12.809,-1.3559,-0.1733,-25.063,-26.091,-7.8303,-3.8326,-7.0918,-2.0711,3.0937,-2.0664,-7.4202,-9.3733,-10.437,10.666,38.679,24.811,-1.9718,3.2896,8.0603,-1.9615,-6.4311,-13.108,-10.38,11.395,15.983,7.5902,12.525,2.5093,-18.095,-5.8984,10.88,-1.778,-9.1648,-0.46477,-1.6136,-11.622,-21.818,-18.098,8.0118,14.312,-8.462,-5.6032,7.2533,-7.8379,-5.5445,15.598,10.492,6.4471,7.4623,-9.9671,3.3918,35.443,11.501,-22.009,-7.7818,7.359,3.1371,-3.9288,-11.311,-4.4265,2.7313,-10.856,-14.094,2.2215,10.142,3.3584,-12.583,-12.235,17.815,27.243,1.7238,-6.5988,-0.39701,-11.731,-18.998,-5.6988,6.7737,8.63,5.5164,-4.9211,-15.144,-4.7232,13.317,13.79,12.038,8.5019,-11.39,-10.708,11.269,2.2351,-12.694,1.3788,9.4375,7.2047,5.6047,-4.3377,0.13352,6.862,-14.821,-17.446,7.0748,1.7157,-14.617,-10.433,-5.6354,-0.4368,-1.3717,-12.782,1.0581,26.019,18.385,3.9623,11.532,19.017,4.4056,-23.178,-24.494,5.4831,12.444,-6.9266,1.8495,29.436,22.644,-14.494,-36.97,-32.886,-24.114,-12.453,9.6249,19.05,6.3227,1.6,16.035,27.493,22.861,11.56,3.1015,-10.006,-26.041,-23.768,-6.1308,3.4775,2.6085,-1.9208,-8.3682,-7.743,7.7202,21.531,3.5248,-30.819,-25.395,14.8,30.495,14.296,-0.85387,-5.4712,-7.7216,-9.5612,1.5442,21.15,18.126,-1.5995,-7.3045,-1.8656,9.5757,16.802,-4.8529,-28.292,-22.154,-16.692,-16.121,2.1143,10.938,-3.1546,-7.1691,4.4837,11.03,13.075,18.098,13.083,-3.1884,-2.8158,8.2039,1.0016,-4.0987,3.7595,-3.6997,-14.446,-7.7816,2.9326,10.467,1.8793,-18.5,-12.962,5.4962,8.4704,12.043,7.2705,-9.3584,-8.4807,-5.1306,-6.4802,6.3143,6.8446,-2.252,4.6428,-3.3848,-16.294,0.19287,8.9715,4.0413,13.391,16.506,8.0892,-4.8903,-20.84,-10.168,4.884,-8.3342,-0.46494,19.61,0.05336,-8.9518,11.082,4.5387,-14.608,-19.69,-18.095,1.5698,17.201,5.5248,7.4948,21.855,1.8405,-19.581,3.7725,19.314,-11.111,-23.461,-0.15352,-0.76653,-2.1471,26.384,19.337,-13.893,-8.3016,-2.2793,-11.344,1.2117,2.3254,-12.577,-9.2916,-12.906,-13.33,16.21,25.574,3.6277,-5.573,1.9633,15.934,18.483,2.6201,0.91915,9.1562,3.9609,-3.6541,-17.729,-24.122,-4.2644,-0.99932,-8.4377,4.6702,-4.0877,-7.1977,28.871,8.066,-43.14,-11.047,18.08,-14.695,-9.9084,17.959,8.2172,2.3126,7.4262,5.3878,8.6755,4.8028,3.0117,20.43,23.686,9.2751,-3.4509,-20.802,-22.194,-3.6919,2.1071,3.0533,-4.069,-30.435,-21.412,16.016,5.4013,-16.413,5.9911,16.248,-9.6786,-27.622,-23.343,0.16904,24.795,20.905,1.4223,-9.6303,-4.2005,23.408,40.039,23.27,14.909,18,0.097569,-10.884,-0.68646,-3.8968,-20.609,-29.385,-16.433,8.3848,-4.579,-35.932,-14.502,8.1838,-20.132,-17.68,18.217,4.4883,-18.749,1.7283,20.057,16.613,5.6015,-3.3547,13.821,28.166,2.417,-4.8855,26.067,27.037,10.197,19.583,15.321,-11.305,-20.089,-20.593,-18.14,-4.7087,-11.332,-27.304,-18.147,-18.128,-29.297,-8.092,9.4392,-7.1789,-16.893,-14.272,-3.8615,24.378,28.986,6.2535,12.33,32.525,34.108,37.297,38.725,28.765,20.122,4.2181,-16.34,-25.432,-31.295,-34.446,-37.25,-46.038,-32.805,-6.1718,-12.931,-21.526,9.385,32.015,17.442,7.1087,14.062,4.6633,-16.708,-7.5077,15.887,11.444,11.817,34.094,31.87,16.244,11.105,-12.596,-26.09,-0.39933,-2.3176,-32.512,-13.593,22.374,6.6068,-17.544,-2.598,9.8365,-2.4031,-1.5295,-0.69209,-36.261,-50.291,-6.6163,13.511,-7.0405,2.1064,21.893,10.995,9.2892,23.248,18.8,15.535,26.725,22.742,4.1294,-8.8186,-14.018,-6.6047,0.65412,-17.255,-31.29,-13.358,-2.7431,-7.9297,3.9903,7.1596,-13.981,-12.828,4.411,-2.6197,-7.0309,12.049,10.85,-12.228,6.4232,46.701,20.837,-25.799,-6.9983,10.954,-5.7997,2.9002,-1.8622,-22.351,13.2,25.877,-14.169,-1.8916,6.6648,-22.313,10.961,20.455,-41.293,-25.694,13.89,-8.8142,10.431,23.735,-25.465,-14.682,11.992,-11.711,21.405,56.004,6.5323,-11.388,8.8418,-15.057,-33.767,-15.52,6.9215,7.5475,-15.363,-3.9799,23.824,-1.0334,-3.5502,27.013,-7.5649,-22.89,26.796,6.0081,-40.33,-5.3901,18.306,-0.55273,11.218,24.22,-5.6938,-36.961,-15.754,25.41,5.0016,-29.342,-0.056284,16.164,-7.6494,-2.4886,7.1808,13.915,34.432,7.3818,-23.252,5.3214,-0.6919,-29.92,-5.3604,-0.35152,-3.5543,31.576,0.51001,-44.885,14.108,38.258,-19.315,-15.99,10.239,-5.6616,-3.0385,-3.0757,-16.09,10.711,22.654,-7.7841,-8.3153,9.8672,8.2957,9.1343,4.5024,-13.078,-12.136,3.4459,7.6343,5.7154,8.9362,4.7838,-5.9792,4.2255,8.964,-27.042,-33.268,7.7026,-3.144,-35.464,-4.5743,19.343,5.5424,19.477,32.534,9.3326,-4.6344,10.15,30.221,14.735,-29.443,-25.815,1.8529,-21.841,-32.001,4.876,6.2076,-16.047,-3.3578,20.553,22.595,-2.462,-15.015,16.438,21.369,-19.292,-18.505,13.284,18.278,11.551,-2.1795,-8.9338,9.1576,4.9114,-18.286,-12.958,-5.2192,-7.0121,-3.2608,-7.6661,-0.90051,11.757,-0.78896,8.3387,29.68,-1.6374,-21.626,-0.12054,-11.04,-18.477,13.009,13.891,-3.5016,4.434,8.0964,9.3347,16.09,7.0926,-4.1988,-13.985,-23.701,-12.09,-4.8157,-9.2815,13.832,23.257,-8.032,-7.7062,15.637,1.4852,-13.011,-4.6342,-2.2126,4.6161,9.7983,-3.26,0.56518,14.946,0.40764,-9.7623,1.6445,-6.1073,-13.418,6.9227,5.7298,-20.634,-14.04,11.687,13.615,9.4688,8.8391,-4.197,-7.2639,12.311,14.777,-8.589,-16.912,-3.5428,5.7257,7.1551,4.9779,0.56251,1.0235,-2.0544,-8.7462,5.1546,17.578,-5.7907,-19.719,-2.0144,-5.4008,-19.67,-10.905,-17.364,-27.467,3.7388,23.228,8.803,16.284,22.072,3.5134,15.856,35.435,16.66,10.624,17.724,-6.7766,-22.912,-14.521,-13.88,-6.6335,-6.3241,-27.486,-15.304,4.6937,-21.859,-18.093,23.175,0.30295,-36.624,-6.2824,15.619,-2.8715,-0.8855,13.341,13.873,17.564,20.556,17.385,19.592,14.635,-4.9553,-9.6636,11.158,22.227,8.1362,-0.78881,4.3595,-1.1648,-14.931,-16.761,-16.342,-24.91,-21.987,-10.997,-31.259,-52.441,-17.746,7.6841,-20.631,-11.449,29.651,20.848,20.876,50.056,28.926,8.7321,38.609,40.413,21.045,31.621,32.902,9.2031,-18.366,-39.311,-36.804,-33.986,-43.557,-33.644,-31.904,-50.421,-27.09,15.798,11.294,-7.5371,8.4282,30.175,12.082,-5.6507,33.379,50.209,-1.1926,-9.2192,23.581,6.6408,-1.0443,23.028,10.708,-0.7476,7.575,-11.154,-19.849,-0.44802,-4.9066,-26.23,-18.953,15.515,17.015,-28.332,-33.783,-2.1724,-6.9117,0.1682,19.376,-13.048,-13.768,26.718,-2.0807,-29.72,9.8364,20.687,0.30305,3.2156,18.58,33.347,10.55,-24.673,6.4119,30.432,-3.1893,4.7612,25.08,-16.843,-37.869,-10.405,-0.17459,-4.6569,-9.0453,-14.094,-3.5138,10.525,2.4479,-19.105,-14.048,21.456,17.897,-26.418,-21.685,16.092,9.8985,-13.523,-13.506,-6.1663,4.3442,22.484,31.342,22.638,19.106,20.477,-4.6922,-19.616,9.0387,8.5499,-18.763,1.2805,10.693,-23.647,-23.584,-4.4498,-2.3129,9.286,1.3054,-25.631,-21.398,-13.151,-14.707,-3.8223,-5.4887,-12.817,1.765,24.474,44.201,33.594,-1.6433,4.1866,26.067,16.404,14.309,3.5307,-27.557,-9.4271,20.725,-3.6606,-25.65,-17.978,-5.2151,9.1063,-0.17173,-22.016,-20.032,-13.611,-6.1344,-3.0463,-27.62,-21.118,23.249,14.347,-8.5627,23.843,41.216,20.468,8.3126,-0.55893,6.3929,28.078,9.9949,-23.47,-21.064,-10.502,1.5752,23.123,11.953,-17.1,-7.443,5.1215,-20.097,-30.11,-4.0092,2.9619,-13.28,-10.978,-5.3126,-18.94,-14.649,16.537,23.136,2.4466,0.82151,14.045,14.162,11.674,17.706,24.961,29.936,27.179,11.62,-15.13,-39.998,-37.872,-20.025,-18.821,-15.377,-1.2439,-4.0216,-3.1976,5.977,0.88467,26.116,52.796,-5.143,-40.884,17.698,14.083,-50.601,-30.366,4.2459,-20.739,-13.419,23.495,26.124,21.98,24.842,18.352,9.7384,6.4506,17.377,18.729,-15.106,-26.495,0.70001,-5.6698,-26.125,-7.3031,5.0775,-4.0951,-2.0433,-6.8959,-17.223,-18.213,-33.307,-34.26,1.8494,19.412,26.274,48.853,31.592,-1.4536,2.9388,-8.3648,-15.584,18.202,6.6338,-12.459,34.54,24.206,-27.684,11.018,24.165,-31.464,-12.748,10.87,-33.246,-35.979,-22.477,-31.875,8.2101,33.339,-4.0916,-7.0881,15.003,12.26,12.675,8.6249,7.6544,20.484,-2.8233,-29.011,-5.695,7.9328,0.45454,7.5888,0.83777,-10.939,3.458,12.363,6.0495,4.7563,4.6336,7.8648,15.284,12.763,-3.1177,-22.718,-28.592,-19.394,-14.769,-17.448,-18.351,-8.5153,13.681,18.255,-0.42738,-3.6752,6.7371,12.31,20.079,15.207,-0.81953,1.7167,8.7438,4.8038,3.1541,2.1926,7.6042,13.806,-5.1883,-19.243,-0.70925,6.2555,-12.154,-22.434,-19.659,-13.431,-8.101,-4.8276,0.30503,6.3848,16.026,19.521,3.5183,0.29095,14.595,-1.1878,-19.306,2.1424,11.363,-10.613,-19.582,-6.2016,17.224,21.607,-4.7053,-6.3171,20.942,21.538,10.34,3.3624,-15.559,-16.676,-8.9873,-25.84,-18.262,13.078,1.9297,-14.807,4.854,7.4148,-9.0547,6.1395,28.248,11.458,-10.195,6.4903,14.38,-20.633,-28.593,3.3358,4.7295,-2.9934,8.8946,-7.9317,-19.798,17.632,33.519,13.056,6.8859,-2.8357,-17.856,-13.364,-10.682,-8.9654,0.38501,4.9673,26.948,40.092,-7.5059,-37.469,0.34001,7.3848,-31.397,-30.499,2.206,16.171,12.09,2.046,-8.1256,-13.871,-5.8789,19.551,30.025,7.1693,-11.135,-2.6302,8.487,5.385,-1.3323,-0.68311,-0.93335,-4.727,1.0629,8.0493,2.6346,-4.0957,-7.2505,-5.9767,1.9214,-1.638,-13.965,-10.283,-1.8701,-3.8275,-4.5372,3.0551,16.562,18.729,4.6413,1.4817,-2.4236,-20.815,-6.935,18.599,-6.5739,-26.282,3.6669,20.267,10.018,5.069,0.95587,2.486,9.9347,5.85,-1.221,-3.7598,-2.8335,0.30266,-16.148,-34.04,-6.0032,27.753,10.924,-11.462,2.0068,10.946,-5.4526,-7.1865,13.453,11.721,-11.076,-9.2206,6.1027,-3.1268,-17.194,-9.1079,-3.2778,-12.594,1.0946,32.99,20.395,-11.29,6.8414,24.455,2.7093,1.2887,8.1215,-8.9791,-8.2018,-9.9293,-30.994,-9.1625,17.032,-7.0659,-9.546,12.246,2.52,2.652,15.248,-3.3795,-10.609,10.81,9.7781,-13.68,-21.41,-0.81386,13.494,-11.51,-21.294,15.212,19.129,-13.965,-5.4867,21.262,16.837,10.296,12.182,2.6308,-6.9025,-2.8028,2.0312,-10.05,-26.36,-18.341,0.73256,10.04,21.935,17.589,-17.862,-26.488,2.295,7.8262,-0.40648,2.1022,-11.546,-7.8279,30.992,16.538,-32.963,-6.0166,36.648,0.93472,-32.769,-11.167,3.211,-5.0004,-6.3197,4.2595,14.79,4.6929,-7.0798,11.4,18.931,-5.524,-0.96333,34.645,34.533,-1.4517,-16.688,-0.067697,3.9508,-18.78,-28.237,-18.586,-20.356,-27.407,-23.357,-10.607,3.8271,5.3713,2.2978,10.386,13.157,16.106,25.618,13.294,3.9617,12.377,-10.786,-22.747,16.445,15.581,-15.035,12.071,40.185,28.353,22.294,17.228,13.231,1.9125,-44.967,-60.786,-34.993,-48.545,-48.583,-8.3719,-19.946,-32.679,7.2777,12.575,3.6989,26.46,19.029,10.704,37.367,34.043,27.21,53.98,44.853,10.611,14.031,19.91,1.602,-5.0607,-4.4313,-32.177,-62.62,-49.483,-30.763,-41.6,-35.504,-15.936,-15.407,0.041667,13.886,-2.8492,4.8682,21.788,5.7682,14.14,38.111,22.141,6.4571,11.305,24.498,47.803,34.084,-3.088,4.1226,8.4975,-20.486,-25.963,-19.463,-23.344,-21.601,-25.151,-20.316,-3.7094,-6.9736,-7.8215,-5.9596,-21.735,-0.81308,38.311,23.388,5.6759,11.268,-6.2009,-12.961,3.9907,1.4789,-3.0404,0.13534,-6.128,-4.1016,6.1741,10.575,9.9219,9.7255,29.914,43.085,11.355,-8.9352,-0.91929,-12.028,-8.1241,7.9681,-18.614,-32.235,-19.452,-42.458,-43.437,-1.4629,-5.6668,-23.678,4.7599,24.713,19.804,22.119,29.684,35.896,21.59,-3.8301,6.6444,19.552,-8.8764,-25.278,-9.7927,-1.7074,-1.2543,-6.1498,-13.679,0.18671,17.886,18.538,13.82,-7.7156,-27.74,-8.2191,-0.049642,-26.279,-16.519,13.372,1.0055,-17.854,-11.075,5.8974,22.073,9.3939,-9.9294,12.479,17.845,-12.165,2.9639,19.041,-14.78,-3.4125,35.353,3.0426,-26.782,1.3444,9.4606,-4.4133,2.307,9.0404,10.621,11.47,-1.9117,-12.266,-6.0515,-4.2621,-19.027,-33.977,-21.013,4.5378,-6.887,-30.113,-8.724,18.492,11.452,16.103,40.298,33.888,8.6956,6.2376,13.058,9.5212,2.4812,-7.0563,-14.361,-16.452,-25.242,-25.605,-3.5783,7.5756,3.7003,10.231,7.4355,-2.2073,9.3096,2.7991,-28.558,-20.481,1.6162,-14.439,-14.282,19.494,23.868,7.5431,11.696,16.874,12.064,11.545,5.2112,-9.7691,-11.232,1.2266,-0.30771,-20.416,-23.574,-4.3315,-5.5984,-15.893,10.937,33.248,12.412,4.1377,11.427,-13.29,-26.014,0.82723,5.4417,-13.442,-7.4594,14.256,23.569,9.1331,-12.56,-4.5918,13.333,1.5321,-14.697,-13.61,-9.1895,-3.85,-0.8915,4.9411,18.909,12.986,-6.1046,-3.6997,-0.43667,-6.1872,2.2416,6.3221,-1.8728,-1.6678,-4.3897,-6.3883,7.8546,8.0747,-7.5074,0.796,14.442,-3.0927,-18.83,0.15944,17.063,6.5999,1.3158,3.2524,-13.134,-19.982,-0.69057,2.8527,-15.18,-15.525,6.0641,14.275,0.14122,3.9933,20.874,1.0896,-13.156,18.456,21.415,-11.156,-11.571,2.2701,6.3498,-0.61711,-24.467,-4.2221,42.356,5.969,-41.818,-6.7003,18.55,9.0432,10.628,-17.809,-43.804,-9.0207,15.413,-0.80287,-3.4541,11.556,17.388,0.26562,-18.359,-5.621,11.534,12.063,12.216,2.9067,0.38776,16.28,5.5994,-11.25,3.5592,3.0764,-14.799,-12.962,-2.385,16.853,20.983,-17.393,-31.999,-1.0188,9.0486,-4.0916,-8.6466,1.8536,14.901,-5.2515,-28.082,-10.024,-4.3432,-7.0128,26.76,32.292,3.1235,4.2474,4.2479,-4.8273,5.9932,0.7834,-4.464,12.111,-0.97572,-16.312,2.8815,3.9816,-2.412,13.262,10.056,-7.1097,-9.2459,-7.2167,-4.8948,-8.791,-13.768,-7.5368,-12.167,-9.9203,18.356,14.651,-8.9507,4.4822,4.7711,-22.118,-14.548,8.3011,12.769,14.64,12.748,7.4215,4.8473,10.227,28.281,18.939,-13.665,-3.0993,6.0124,-28.638,-12.711,34.111,-2.1231,-53.017,-29.863,-2.4767,-8.0849,-1.6634,13.819,7.2079,-8.7913,-2.4698,14.119,7.7971,-4.1857,1.2779,1.2393,-5.8288,3.0078,11.764,3.249,-1.3772,9.4835,16.802,10.208,0.44981,-7.928,-13.179,-4.6327,10.895,18.121,19.008,8.6699,-10.698,-12.156,-2.2501,-7.7106,-10.965,-1.1277,-11.624,-42.736,-41.555,0.6368,18.27,-6.5489,-12.209,4.0953,-1.6047,-6.4226,6.7228,11.474,17.04,26.57,27.971,42.771,51.878,25.346,9.4188,12.499,-6.2123,-20.013,-12.973,-17.602,-22.918,-24.356,-48.463,-66.26,-41.38,-10.666,-13.456,-19.696,2.3503,17.565,10.888,24.898,44.208,30.003,17.193,23.389,30.772,43.909,37.889,7.313,-6.2982,-25.785,-49.555,-14.454,20.068,-6.595,-16.921,-11.609,-35.216,-22.168,12.235,-10.292,-28.908,-5.5412,-5.4409,-12.999,13.656,29.731,10.32,-7.1677,-1.287,12.148,18.116,22.616,20.801,2.268,-5.4574,8.3532,4.9241,-11.661,-3.9915,6.3733,-4.7732,-7.982,-0.4522,-8.0027,-14.093,-7.8107,-8.0957,2.0557,20.897,1.0092,-21.512,8.2033,21.907,-13.498,-22.737,-3.151,-1.6477,-5.4868,-5.2258,-3.3006,3.6733,-0.065769,0.38295,18.864,15.351,-2.9538,4.288,18.585,22.94,11.482,-14.168,-4.1049,17.49,-17.764,-31.683,17.429,18.124,-19.835,-13.171,-6.6076,-12.838,2.749,-5.1642,-28.778,-11.727,8.3714,3.2322,1.1206,-1.9132,0.13247,23.703,34.481,14.325,1.0557,11.564,8.9322,-15.848,-7.9505,16.07,-18.009,-40.988,11.082,17.199,-31.971,-9.1307,26.534,6.5923,15.355,19.111,-34.545,-35.46,17.307,24.673,15.657,6.0994,-26.673,-22.63,8.4135,-5.9231,-24.132,-5.5196,10.987,17.708,21.091,13.069,4.3138,-3.5981,-9.3888,-0.75692,6.8162,-0.4303,-6.8692,-1.5691,5.6474,-4.9705,-16.97,3.6497,17.854,-4.8257,-7.6175,8.1726,-5.4107,-9.8574,9.0074,6.3228,3.8883,11.514,-9.553,-19.266,14.214,15.531,-31.298,-37.307,8.0792,22.778,-4.3834,-12.724,5.0916,19.14
-25.115,-20.835,10.542,17.304,-2.2384,0.70918,6.6594,0.80667,7.6028,10.26,2.6754,3.4526,-0.31488,-4.5435,1.9409,-0.96407,-6.5681,-2.1959,-0.14668,8.0389,16.849,4.3512,-10.165,-14.947,-13.802,6.0314,16.127,-5.008,-9.7419,1.9752,-13.259,-24.784,-2.3751,15.375,7.4755,-4.9504,-7.0367,-1.537,4.0534,4.9551,-2.8395,-7.9269,7.4891,23.907,21.515,18.251,15.957,14.128,24.166,8.3592,-36.632,-38.994,-18.757,-32.5,-24.869,6.9647,-7.8213,-19.716,10.812,7.5606,-15.029,9.8378,30.494,11.074,3.3491,13.524,11.44,5.4786,8.9819,8.8904,-4.8337,-12.028,-3.2332,-2.2207,-0.91746,14.46,6.5936,-17.173,-12.309,-6.6985,-13.92,-1.657,2.3013,-14.134,-9.5912,1.042,2.2676,14.339,10.632,-11.428,-7.3265,5.3621,1.5517,5.9912,17.282,16.093,5.1811,-5.9949,-7.3259,-3.7807,-1.4831,5.6723,2.6799,-7.7572,0.89658,1.8963,-16.54,-8.1598,12.64,7.341,0.66111,1.1118,-6.2804,-12.346,-14.924,-7.2682,11.501,8.8925,-7.566,-2.6294,5.0655,-1.7218,-3.5393,1.3673,1.6258,0.52515,11.093,26.569,17.121,-3.4763,-0.37864,1.4029,-10.241,-6.2328,-3.6282,-8.859,7.471,11.138,-18.522,-23.942,-7.7516,-15.29,-15.655,7.862,7.7341,-7.4901,7.8658,26.035,13.283,6.8826,18.919,8.7922,-13.32,-10.849,-3.0497,-9.522,-9.1212,4.6923,12.907,6.4966,-4.1677,-4.9935,3.345,8.929,3.123,-9.7306,-12.966,-5.5091,-5.0726,-8.4663,1.6012,14.986,5.7432,-16.429,-11.132,11.726,6.6919,-3.3504,9.3583,1.3494,-22.96,-11.653,13.508,13.128,-6.0832,-17.499,3.64,22.765,7.836,11.424,28.889,10.215,1.2,8.9553,-9.2544,-13.9,-14.359,-37.553,-13.422,18.602,-14.611,-20.686,2.6743,-21.055,-14.705,22.201,-0.36769,-10.179,26.485,23.303,4.0817,10.186,8.9604,8.2301,12.74,5.6542,1.1687,-4.5923,-12.048,-2.6907,1.4957,-7.7696,-3.4794,5.5697,-2.5769,-20.07,-19.268,3.4775,5.3495,-7.9189,10.617,20.309,-7.363,-11.895,0.014987,-11.071,-12.433,-1.9812,-3.4051,0.6824,6.7523,7.1753,12.358,6.844,-2.1742,5.385,6.9109,4.4637,12.204,5.455,-1.933,13.328,15,-0.37439,-1.0702,-2.6953,-16.074,-22.303,-21.301,-15.272,-5.7044,-6.6731,-9.6441,-1.0366,-0.46894,-9.6483,2.2181,22.719,14.327,-2.9237,-0.0043635,4.166,5.6388,12.451,3.737,-5.5931,13.814,22.147,-1.1252,-9.2184,1.6674,-2.0345,-13.742,-11.707,6.8795,18.296,-2.2422,-22.36,-3.3712,18.757,8.2667,-5.5092,-4.0083,-10.772,-23.539,-15.542,-2.9253,-10.852,-14.319,-2.7479,0.79058,6.0106,15.201,5.6718,-0.69214,13.517,23.198,22.609,9.2035,-9.887,1.0133,17.055,0.75582,-8.5835,-0.84999,2.5148,10.037,-0.48669,-12.917,16.835,13.091,-33.061,-5.1362,32.28,-18.828,-48.098,-23.035,-29.318,-39.29,-27.918,-25.29,-13.649,4.1959,16.813,36.783,39.379,36.176,52.484,41.391,23.44,46.182,41.509,9.6333,23.254,23.114,-27.643,-50.706,-49.361,-64.012,-61.166,-44.796,-51.229,-51.435,-25.285,-11.129,-6.0754,28.709,56.813,35.387,18.079,34.073,39.911,37.079,40.04,29.613,20.385,20.428,3.2415,-18.865,-22.905,-20.254,-27.841,-45.543,-41.28,-13.882,-14.766,-20.676,12.044,21.824,-5.6346,-2.098,16.271,12.831,8.5658,3.9173,-2.598,-4.259,-11.132,-5.3255,10.747,1.1194,-3.9279,16.617,12.563,-7.8211,-3.3971,5.7139,13.003,24.007,7.8651,-16.543,-2.5693,11.502,-6.4867,-5.9225,8.8814,-16.325,-36.505,-6.7941,10.855,-1.5897,-5.6663,-15.529,-20.222,6.3294,14.954,-2.921,0.41068,8.8867,8.8147,17.576,16.962,11.71,16.917,3.9297,-15.786,-14.104,-16.773,-21.389,-8.3291,-4.3187,-5.9522,11.463,16.811,-4.7253,-11.064,9.9332,27.54,27.563,16.263,4.1847,-1.2826,-15.918,-40.97,-34.764,-10.41,-16.509,-2.6408,46.131,24.563,-35.91,-12.893,27.898,4.797,-9.9448,9.361,16.539,10.42,-1.903,-14.343,-17.508,-18.727,-6.2114,14.663,7.4918,-4.3673,9.8162,13.835,2.3233,11.206,25.927,18.032,4.11,-1.9414,-15.716,-31.029,-25.68,-14.633,-12.291,-10.394,-13.169,-3.2262,19.063,-2.8311,-29.616,11.269,37.82,13.839,17.984,15.725,-12.432,10.372,30.776,-5.2758,-13.261,5.8167,-7.7692,-24.671,-19.462,0.29511,10.116,-10.216,-8.6403,18.269,3.3012,-12.252,4.669,-7.2193,-16.968,9.6026,6.5658,-13.424,0.58723,20.039,25.193,11.784,-16.762,-19.89,-0.13306,7.3288,-0.79908,-16.655,-8.4513,17.511,-1.5568,-20.238,17.793,22.529,-9.1025,13.225,21.119,-30.569,-31.835,11.794,5.4091,-13.656,7.0473,22.621,8.5301,-5.806,-6.3583,-0.67144,-0.0074468,-9.3682,-7.0429,17.285,18.177,-15.44,-18.219,9.6468,-2.8388,-38.502,-30.086,7.7503,23.605,16.104,13.809,15.575,2.7181,-4.2534,8.6891,6.9837,-6.3471,-1.252,-0.26233,-5.5195,11.611,15.369,-14.714,-18.836,8.9326,5.604,-22.662,-18.387,9.9848,12.89,-8.8433,-21.007,-11.5,8.6092,12.703,-6.3407,-8.5151,14.796,16.29,-1.4426,4.5378,15.3,-5.954,-22.778,8.375,33.561,-2.8361,-28.883,7.7474,28.615,7.3651,-2.4869,-7.3774,-13.366,-11.18,-29.745,-32.848,10.857,16.794,-12.902,5.1266,23.457,5.6119,9.8287,15.673,-8.5114,-14.481,4.9314,11.787,-2.9176,-15.617,-2.7777,1.8454,-16.404,1.2658,26.491,-5.1663,-22.22,8.5446,13.1,3.3536,14.255,9.9147,-10.166,-20.088,-11.542,11.809,11.046,-7.1322,4.7648,8.4525,-13.431,-4.6304,5.1732,-14.023,-7.4178,6.7571,-6.5696,-3.5735,5.5339,-7.3692,-5.1412,2.7267,-7.7903,1.5768,25.415,21.834,5.5214,1.2545,6.224,8.2158,-5.0641,-18.154,-10.096,3.09,0.94976,-14.922,-27.407,-14.787,13.357,24.61,16.3,10.376,12.511,3.5006,-19.814,-25.923,-14.535,-11.822,1.8579,23.599,8.4039,-9.2301,10.831,13.955,-8.3613,-7.5242,-2.007,-8.0939,-0.63614,11.646,14.398,9.2993,0.59961,6.0468,3.7241,-27.763,-28.393,3.4452,-3.6512,-12.111,16.812,15.299,-6.6572,9.6757,22.783,8.7178,3.3208,1.4151,-9.9433,-21.732,-21.185,3.3807,14.9,-12.151,-21.123,-3.1804,-3.7913,0.88923,15.069,-0.77221,-7.6727,18.196,20.636,1.6295,1.2566,5.1312,-0.35961,-1.3793,9.0961,13.08,-11.501,-25.286,3.8511,9.9042,-16.727,2.12,29.578,-4.6389,-36.194,-14.467,12.925,10.807,-11.81,-19.071,1.8709,8.0286,-6.1198,-7.1802,-4.1457,3.3079,21.129,17.714,7.1477,11.91,-5.0023,-23.706,1.8439,24.633,10.243,-6.0329,-1.8496,9.5194,-9.9331,-42.655,-18.385,17.345,1.6595,6.2043,29.127,7.8487,12.565,40.495,-2.9634,-40.604,-11.365,-14.169,-45.957,-34.473,-12.013,-7.8349,-5.8693,1.6587,15.989,15.227,4.2021,18.252,30.708,21.677,27.478,35.522,19.755,4.0344,-4.4411,-11.528,-7.3401,3.481,2.8289,-16.386,-27.395,-15.033,-17.993,-29.034,-13.301,-13.903,-29.695,-16.181,-20.387,-32.185,8.1488,30.01,12.228,15.694,5.1413,4.8693,57.341,50.447,2.9451,34.523,53.559,19.799,32.736,35.57,-10.949,-20.165,-22.994,-62.312,-78.053,-62.641,-46.21,-43.965,-50.114,-14.498,27.852,0.29035,-22.371,15.716,38.891,40.333,54.011,55.667,48.137,39.177,18.359,10.262,12.029,-5.7294,-22.75,-22.753,-21.192,-18.963,-18.538,-22.974,-12.17,8.7452,-3.2299,-34.491,-22.964,-1.1792,-28.981,-35.63,12.364,21.983,5.8115,25.692,17.278,-17.459,12.031,56.801,32.532,-12.125,-11.117,14.3,8.9988,-18.003,-13.45,13.24,24.238,9.6193,-26.947,-28.992,19.979,23.174,-20.599,-27.501,-25.01,-25.504,4.8169,8.8704,-18.014,-7.4608,10.181,1.6204,-3.7768,-1.1126,12.777,21.325,-2.1111,-11.213,14.007,23.352,11.882,2.3809,4.9279,15.65,4.4637,-11.463,-1.545,1.8046,1.4899,6.2392,-16.808,-21.591,7.2514,-3.9504,-19.948,-10.197,-29.802,-24.051,19.43,4.093,-12.844,18.912,7.2584,-18.827,8.9287,35.143,32.291,8.1547,-16.57,3.6378,14.341,-20.092,-7.1755,36.344,20.893,-8.693,-7.3539,-2.6734,-3.11,-9.5369,-11.792,-9.2714,-28.127,-38.317,-16.987,-14.876,-21.74,8.5331,33.507,20.332,14.052,32.83,33.318,3.3556,-6.7886,11.87,14.159,-0.16675,-12.244,-14.078,6.2024,3.2749,-33.064,-15.599,21.005,-10.959,-27.214,1.2319,-15.042,-23.649,20.163,20.546,-10.787,3.3548,16.074,-6.0343,-8.8134,15.376,21.07,8.8375,7.861,-0.99457,-21.959,-3.3723,27.138,3.8538,-17.738,2.7188,0.65058,-20.276,-4.4871,20.788,8.4599,-23.42,-22.674,9.3842,12.095,-12.121,-12.423,-1.7385,3.7674,10.47,-4.0665,-17.145,6.328,13.991,-10.155,-2.9625,30.006,34.996,14.142,0.28395,1.5804,-7.3459,-30.615,-28.661,-3.8066,3.6376,1.8481,5.377,0.0053149,-3.3121,1.9363,-5.9927,-12.751,1.4545,4.7515,-7.3761,3.5532,17.576,0.36876,-8.1235,11.901,15.82,-3.9466,-17.077,-6.5478,23.601,25.123,-14.313,-17.995,13.47,3.0392,-20.06,-14.174,-12.201,4.2912,30.531,-0.78098,-29.406,7.6392,7.2739,-35.934,-6.9937,37.999,11.341,-11.031,5.4132,8.8689,3.9871,-1.1249,-10.878,-2.6422,4.9767,-0.429,15.365,24.882,5.0698,2.8523,-4.1214,-39.852,-32.185,0.36291,-18.471,-28.639,14.522,35.075,9.3082,-9.847,1.0284,16.079,5.6526,-3.5486,15.447,21.183,2.071,-5.437,-5.4382,-3.7521,6.4722,5.2319,-6.367,-11.406,-11.24,-4.6001,-8.9623,-24.31,-6.6631,16.532,-4.4355,-16.426,6.3681,16.668,14.118,5.5474,-8.1174,7.4378,24.587,-0.051495,-11.966,11.34,11.119,-14.256,-21.201,-2.5609,18.03,8.5807,-21.117,-19.356,10.444,11.729,-14.067,-12.226,11.019,3.347,-9.5817,16.824,24.272,-13.893,-15.359,17.526,4.6863,-22.887,-9.8082,2.9292,-8.1468,-13.43,-9.5762,-0.5863,16.543,23.093,15.973,15.636,14.946,3.8542,1.5805,4.3994,-12.349,-30.554,-23.435,-10.84,-9.8072,-7.8629,-5.4194,-1.1291,19.793,30.661,4.7253,-9.4296,10.124,7.8781,-7.6434,9.7971,15.078,-12.934,-16.971,-8.1394,-19.398,-17.066,1.452,17.223,32.341,13.449,-25.045,-12.487,15.66,5.3237,-1.6883,1.0487,-4.1529,5.5987,7.4468,-9.9132,-7.4205,-6.1714,-13.902,8.6752,20.553,-4.6085,-14.471,-12.919,-10.992,11.455,16.718,2.5487,11.466,11.48,-1.2276,8.1605,-0.60153,-21.347,-5.7127,0.012917,-10.701,5.0005,1.1132,-18.204,2.1596,8.0787,-13.171,-1.7733,6.1073,-0.3536,21.641,17.778,-16.898,-4.0399,14.914,-4.2581,-1.9174,14.37,6.0283,1.5366,0.25094,-10.259,-6.8728,-1.066,-8.7636,-13.026,-14.394,-12.371,0.91027,6.2657,-1.2088,-0.51853,7.8979,7.2256,-4.9736,-7.2177,11.468,19.964,5.5794,0.16313,10.78,18.768,14.54,-3.2767,-12.881,-7.1207,-15.377,-22.656,-2.8352,2.1701,-17.146,-13.369,2.8579,2.1986,4.8206,17.254,20.931,11.884,-5.9409,-20.945,-17.884,0.3354,13.458,5.4446,-8.1063,-1.8753,7.9609,1.2044,-0.83332,10.78,10.493,-8.8976,-20.955,-4.8665,17.177,13.943,3.613,6.236,0.60099,-10.986,-6.6509,-2.2848,-6.0871,-0.36426,4.3764,-4.618,-7.5912,0.57883,-0.96095,-10.175,-3.5553,7.8733,-8.0654,-24.572,1.0979,25.744,9.2127,2.5362,21.055,13.438,-8.3446,-5.1449,0.062357,-6.7525,-5.4245,-1.5814,-1.729,6.4704,13.838,8.9072,4.7834,3.5639,-3.7054,-9.0451,-14.11,-29.147,-26.942,5.4862,14.864,-9.2164,-5.4283,17.495,8.646,-3.1267,3.9772,-4.0386,-12.979,3.8912,19.222,22.501,22.731,7.5649,-13.595,-17.158,-11.308,-9.6048,-4.5825,10.302,16.263,0.29341,-5.8821,8.3698,4.7011,-10.596,-7.7482,-4.4491,-6.9621,-7.8403,-18.183,-18.001,2.5925,9.5374,5.6405,8.7531,9.6201,5.3918,-13.889,-23.142,23.328,50.603,0.016275,-21.602,12.497,13.054,-0.34138,4.9878,-6.2894,-16.248,-9.3062,-7.5201,-1.0232,4.1871,-0.9365,-0.30081,-14.004,-30.716,-5.6362,16.328,-0.75102,-9.2815,1.114,15.254,24.706,4.4252,-11.096,14.224,22.139,-1.1268,-6.0269,-5.7822,-10.574,2.0486,8.0076,-2.8212,-0.28699,3.5906,-12.962,-24.274,-12.658,-1.5952,-5.9886,-10.288,-1.5379,21.511,43.188,27.172,-13.054,-18.653,-0.1853,3.9108,7.9072,8.2188,-4.3558,-6.4574,-11.723,-23.635,-13.223,-14.293,-27.944,8.7286,44.999,16.596,-5.5033,10.23,15.166,9.2147,2.3005,-6.6997,-5.3099,-7.8155,-17.72,-10.553,5.4876,14.527,9.9783,-12.672,-17.781,6.0911,8.7551,-7.6178,-4.8473,0.85261,-3.3011,-4.4558,-4.0641,3.096,13.673,8.0665,0.35119,9.2417,18.635,13.519,-7.3348,-26.28,-12.89,13.99,8.308,-15.923,-21.373,-11.525,-2.817,-5.0751,-10.265,8.6135,27.868,4.3684,-8.3782,29.696,34.439,-12.558,-22.523,-4.0939,-8.2086,-4.6893,7.1639,-0.49749,-4.4252,-1.6899,-5.9981,-6.181,-9.81,-8.4915,8.5335,2.6241,-5.9111,25.447,32.558,-0.73243,-4.2058,3.6097,-6.5292,-7.5453,-14.191,-20.672,-2.5014,-0.80342,-9.1232,11.466,12.522,-16.86,-15.219,13.717,23.039,-4.1397,-26.899,5.5309,31.43,0.38162,0.57428,30.644,2.1064,-24.173,2.2279,6.9755,-4.9323,7.3163,4.4961,-15.783,-17.352,-9.9254,-7.1753,-1.6773,6.2906,2.8928,-7.8569,-0.5301,4.5238,-18.714,-23.802,-0.59746,5.7883,9.3696,17.569,8.0149,5.9482,9.859,6.0537,25.389,28.605,-10.761,-6.9163,23.945,-1.3405,-26.612,-13.643,-10.77,-8.2334,-0.39506,-6.7414,-2.7166,0.84025,-17.581,-23.402,-16.813,-11.67,10.114,17.417,-7.4286,-8.2158,18.897,25.074,10.116,-2.8073,-2.8275,5.421,2.7957,1.5181,23.718,34.461,7.6198,-8.4348,10.58,10.113,-26.878,-36.196,1.919,20.601,-15.112,-47.139,-18.353,24.995,9.5128,-25.172,-14.057,4.0727,-2.2434,-3.049,-4.1412,-9.6515,1.3318,6.0448,2.6713,18.483,17.334,-6.9199,5.4807,31.229,18.505,7.0665,18.849,11.416,-11.81,-8.5846,10.573,5.2894,-9.8699,-0.38513,8.8999,-2.4331,-9.4492,-19.279,-35.813,-25.67,-14.069,-28.792,-27.763,-23.01,-39.702,-15.996,29.957,15.279,-3.7554,25.89,40.72,44.414,64.222,46.785,14.31,30.308,48.929,36.192,15.263,-24.047,-57.59,-48.012,-39.834,-49.96,-46.528,-47.725,-49.045,-23.635,-10.971,-14.37,8.1217,24.491,18.612,28.632,33.54,20.519,27.095,35.527,23.748,12.596,-5.8882,-16.868,13.615,35.248,17.191,9.5706,6.2608,-17.623,-25.182,-17.117,-18.142,-13.565,-17.243,-34.528,-22.771,-4.784,-21.062,-20.988,11.929,15.959,-6.2955,-2.6151,17.417,11.852,-6.9847,6.0468,29.526,11.179,-11.523,8.9367,30.018,25.868,19.704,11.547,4.9153,3.193,-8.1299,-10.534,0.10362,-10.867,-26.113,-21.506,-21.574,-20.713,-13.14,-23.108,-18.173,20.791,24.632,-12.571,-9.6333,25.205,17.29,-10.128,3.5934,16.944,-5.4052,-3.3164,21.567,10.472,1.6829,19.761,10.271,-6.6663,2.5638,-2.18,-8.4041,7.0152,-1.6752,-19.9,-6.5733,-6.0135,-26.275,-14.116,11.509,7.8524,-2.9833,2.5567,11.582,5.5434,-21.497,-31.942,13.044,41.91,-13.693,-44.698,12.903,27.089,-14.211,8.3256,35.955,0.80358,-8.0891,10.389,7.1048,19.251,15.064,-25.966,-9.5746,32.066,-5.7729,-49.403,-18.582,15.921,3.69,-15.363,-16.13,-19.823,-22.887,2.0575,19.389,-1.9915,-5.6018,20.631,26.866,20.549,15.503,12.719,27.181,13.041,-35.72,-26.534,9.1093,-14.793,-25.183,5.1562,-6.736,-22.232,6.421,5.0404,-24.563,-10.667,22.574,27.792,15.239,6.4368,8.3062,6.7509,-0.89941,6.933,10.585,-15.39,-31.8,-16.711,1.9423,10.421,-0.57186,-17.37,-0.69341,14.511,-14.294,-23.123,14.953,28.626,4.3319,-8.8691,4.6843,20.758,9.1371,-8.6991,3.2424,7.8454,-15.143,-20.675,-8.05,0.46188,7.3192,-1.5724,-13.537,-0.27196,12.134,10.632,10.067,0.40521,-10.807,-8.5308,1.7848,16.574,7.7458,-20.115,-10.502,5.4469,-10.55,-2.636,10.343,-8.1875,4.1434,19.226,-15.925,-17.963,15.949,7.6734,-2.4526,12.071,9.4116,0.92481,-3.1676,-9.967,-7.9179,-6.9573,-0.30148,18.732,10.891,-6.1493,6.8618,6.1993,-20.015,-25.026,-9.8656,3.2161,0.016714,-18.979,-12.856,19.903,26.097,6.2565,0.074544,12.29,20.857,11.283,2.2822,8.0002,0.85702,-21.153,-24.211,-14.817,-17.58,-22.683,-17.488,-8.1071,6.393,27.058,29.564,7.0608,-2.7238,12.737,26.789,22.485,-0.58384,-11.286,1.8614,-9.9389,-24.639,-0.066223,-13.18,-46.176,1.8574,28.401,-27.354,-26.378,18.515,19.907,23.658,18.959,-4.7429,5.3207,-2.9765,-22.518,20.33,30.287,-14.745,-4.338,9.0539,-12.179,-4.2941,-14.895,-35.377,5.7872,25.487,-3.9728,-2.42,8.6256,12.985,20.109,-9.8485,-34.885,-14.225,1.0677,14.113,22.315,-3.3881,-5.2609,11.417,-9.9769,-9.524,15.184,-1.9801,-10.488,6.103,-2.1925,-0.20392,13.15,-6.164,-19.862,-9.2799,-0.7083,6.7207,2.4496,-1.9069,8.6794,-4.5863,-11.028,29.453,30.288,-12.475,-4.8317,11.426,-6.0243,-2.2588,0.63438,-16.236,-3.0073,5.0708,-22.014,-20.143,6.087,5.0301,-5.5728,-4.5732,3.9566,13.487,7.27,-6.7371,-11.205,-8.6983,7.2222,17.001,-3.4223,-3.1531,32.23,31.035,-3.6467,-14.616,-9.6871,-5.8662,-1.7339,-1.371,5.3884,6.7356,-12.856,-13.084,9.9374,2.9355,-16.167,-4.9991,-1.0139,-23.024,-18.466,12.726,11.813,-7.1384,3.916,11.765,-6.7382,-4.8508,13.133,10.748,4.4341,-0.27607,-6.2325,6.381,15.483,3.4298,-0.71247,1.3357,5.4208,19.542,11.141,-11.375,-4.7672,5.1881,-2.0346,-12.727,-29.824,-23.702,7.2534,5.716,-8.3116,-6.8273,-25.182,-25.629,14.396,15.683,-13.972,-14.781,-11.014,-2.4135,27.25,32.085,11.533,12.239,26.132,23.764,11.997,20.434,42.254,28.517,-11.186,-21.807,-13.405,-18.86,-28.755,-25.689,-13.053,-25.395,-62.983,-52.195,6.5446,20.988,-10.255,-25.472,-18.822,-0.37795,12.813,2.9052,6.0733,34.83,44.469,46.626,65.819,57.425,27.166,33.158,45.668,29.313,19.227,-4.1435,-65.298,-96.513,-85.52,-79.811,-62.747,-44.519,-50.196,-28.5,7.26,5.4703,17.179,45.186,39.163,46.761,72.815,50.335,8.3258,-1.0581,12.687,24.24,14.31,12.63,24.948,-7.1637,-36.728,-4.2969,1.4274,-32.73,-27.935,-16.233,-23.362,-22.093,-28.868,-24.443,5.034,6.9954,-10.109,-8.5935,0.89533,8.8251,0.32076,-6.2232,23.721,33.323,4.6674,5.8717,17.242,14.089,26.061,16.5,-8.9533,7.2177,17.213,-3.7264,-3.306,0.41197,-12.894,-11.841,-3.5373,-9.1365,-19.409,-16.664,-9.7908,-22.364,-23.216,-2.7771,-16.575,-23.704,18.816,20.091,-11.685,10.236,33.413,22.98,16.4,4.583,10.235,31.625,2.2634,-28.994,-3.1398,12.001,0.43264,5.0192,10.278,-4.678,-28.513,-28.14,-3.5499,-4.4089,-11.284,5.1758,-5.4717,-16.788,14.217,18.074,1.4977,14.898,2.9338,-22.241,-2.5255,7.336,-11.109,-9.3075,-0.17325,1.7141,8.6613,11.857,2.9255,-9.6699,0.66067,25.814,13.751,-11.301,2.2022,17.496,11.723,0.010933,-21.937,-24.794,-0.62698,4.3556,-5.2933,-8.7055,-5.152,10.88,0.646,-30.435,-13.128,8.249,-7.1247,9.3662,22.456,-13.093,-3.6174,37.058,16.731,-11.6,-5.9436,-5.395,1.5065,11.666,-3.9909,-10.67,9.5715,15.704,-3.7508,-19.349,-11.858,1.3479,-3.6688,-7.7862,9.9764,18.568,-5.0134,-20.753,1.9989,16.965,-6.0612,-12.058,11.512,6.5917,-13.173,-5.8798,3.0489,5.86,10.173,-8.837,-25.196,-5.5565,10.024,12.865,22.969,12.112,-9.0344,-5.0985,-1.9039,-2.7562,8.3076,0.26435,-13.385,1.2222,6.3759,-5.3504,-3.2136,-7.6369,-15.207,-1.25,3.1248,-2.9451,11.57,18.234,3.4305,1.7025,7.6945,-2.4791,-14.932,-10.419,-0.27732,-6.8353,-18.299,-6.4193,18.118,21.603,-3.2604,-17.841,7.9738,25.472,5.2286,1.0865,7.7759,-6.8013,3.9303,19.492,-19.587,-45.577,-15.879,10.195,14.382,0.3992,-18.944,-4.7113,16.352,10.922,6.8521,6.3043,5.8075,6.1217,-14.363,-20.84,2.1852,0.12061,0.6162,27.688,16.414,-9.0686,-1.0987,-1.5858,-8.6558,-7.5244,-18.51,-12.838,6.1506,-1.1865,-6.5793,2.1657,3.6576,8.2002,10.984,8.0498,7.9121,0.26805,0.25675,8.7567,1.9537,4.9042,6.1344,-23.095,-22.901,4.4247,-3.3556,-9.3041,3.3796,0.53914,-1.176,-3.4316,-5.1166,11.314,4.7518,-10.565,9.6032,11.019,-6.2409,6.1381,11.074,3.4722,-0.89158,-16.242,-4.5911,11.55,-15.598,-8.2762,29.655,15.678,-2.0453,-1.6843,-11.069,-5.2967,-20.524,-37.678,17.26,31.06,-32.518,-20.848,26.385,18.988,22.687,16.757,-15.609,4.0673,21.327,-15.784,-30.766,-23.517,-19.773,8.5582,26.126,10.177,6.5296,10.655,-4.5286,-15.445,-2.5684,13.389,11.536,1.4583,-4.7572,-5.8074,2.3989,2.7978,-14.121,-15.724,-0.089116,4.6577,3.0669,2.7127,7.0497,10.978,-9.4328,-23.255,0.10558,7.11,-5.1318,6.2888,5.0412,-12.897,-0.91739,10.057,-4.6221,-8.7393,5.6899,24.573,25.868,-4.3476,-20.279,4.8379,20.962,4.0674,-8.6108,-0.43006,-1.8141,-18.855,-15.966,-4.2512,-12.229,-8.1345,4.2092,-12.171,-13.959,16.854,18.668,-4.6025,-4.8869,6.4604,3.0905,-1.5547,16.151,28.809,2.2537,-18.456,-5.2521,2.4468,4.135,3.4509,-9.3038,3.1534,20.657,-2.2008,-12.712,-2.8781,-8.3303,8.6676,18.815,-19.883,-30.134,-11.793,-15.105,4.5683,22.392,-5.5669,-13.845,-3.1692,-4.1602,18.156,22.96,-12.303,-12.995,9.0963,12.399,17.14,10.446,-1.5453,4.1563,-4.4291,-10.236,10.079,9.0032,2.9126,15.714,-1.4616,-22.194,-8.3841,-6.7658,-10.223,1.0513,-15.614,-38.046,-18.126,12.3,18.293,8.3404,5.5544,10.4,-1.1889,-7.4453,9.1304,6.3487,1.2959,17.872,-2.1513,-27.569,5.3271,17.871,-11.741,-4.6803,16.137,20.227,27.398,8.5512,-11.265,15.309,15.224,-32.59,-39.873,-10.321,-1.8988,-10.912,-21.53,-20.123,1.1703,17.672,9.6975,-14.163,-26.175,-7.3628,14.38,12.82,5.1463,4.1806,11.214,22.747,22.478,16.143,11.948,0.7086,1.4895,12.134,-7.9297,-30.407,-9.8863,16.427,16.258,4.8097,-3.8536,1.7782,6.2496,-14.869,-31.733,-22.238,-16.743,-23.05,-23.759,-19.394,-12.984,-10.62,-15.449,-2.4805,29.233,28.263,-1.7942,14.147,63.57,60.681,27.045,28.847,34.417,14.056,-2.0082,-6.4693,-4.5174,-5.3051,-32.067,-57.41,-47.287,-37.24,-49.298,-54.741,-32.873,9.7895,29.693,5.0424,-7.03,16.779,24.896,14.317,19.66,26.311,18.353,22.587,41.73,30.694,-5.4211,-2.9442,23.582,13.392,-10.109,-20.269,-30.549,-15.108,7.6291,-21.759,-43.572,-4.0475,8.2556,-31.562,-36.027,-3.813,9.6738,10.99,7.6554,-9.7043,-9.8922,17.621,23.928,2.7267,3.179,23.239,20.252,0.51491,1.7631,19.563,18.191,-1.3763,-15.612,-23.668,-12.822,11.984,-1.5134,-19.785,20.155,33.892,-11.564,-9.4597,10.294,-24.881,-33.605,-2.742,-2.5413,-8.5167,-8.4243,-14.829,1.5984,10.451,-7.0039,2.9493,18.304,4.8293,4.2541,11.386,2.8216,5.5834,15.292,7.5613,-4.5308,4.0438,24.416,7.5262,-34.501,-28.182,3.5399,6.8281,13.794,20.112,-5.5035,-15.968,3.8981,0.58727,-23.778,-20.115,2.9378,-5.2864,-19.843,8.3955,18.881,-11.738,-2.5671,18.069,-3.1872,-3.4643,9.3078,-2.7972,7.9381,10.012,-24.903,-11.019,30.768,17.447,-11.397,-11.467,6.1056,17.066,1.1587,-1.7673,15.668,0.90686,-7.0192,15.85,1.8599,-25.892,-17.761,-2.1499,13.988,14.183,-13.232,-21.365,-28.973,-44.498,5.1393,52.064,-0.5608,-39.919,2.6376,20.721,-6.7119,5.5248,42.911,19.713,-24.227,-0.51937,18.041,-18.235,-2.3128,43.141,13.604,-16.018,9.9217,18.248,-5.1811,-23.725,-9.1546,21.796,-1.8469,-38.164,-10.839,3.2485,-16.862,-6.3697,-8.3782,-22.789,-0.86406,-4.1856,-28.743,-11.566,-1.1341,-2.0651,29.215,41.985,18.446,3.994,9.9051,26.427,15.916,-11.639,14.202,39.499,0.1312,-9.5685,21.68,-0.21135,-34.109,-20.586,-6.6806,-7.9837,-3.2854,-6.9274,-26.343,-38.213,-24.522,-2.6217,-2.4872,-21.114,-29.891,-14.333,-1.7134,-9.9925,8.1482,45.753,29.449,14.604,59.38,56.199,12.447,49.439,74.061,1.5027,-25.363,14.587,-5.2126,-48.05,-42.497,-44.645,-63.699,-49.721,-27.924,-32.733,-36.422,-18.974,2.8764,15.207,19.701,19.166,15.135,20.432,38.088,42.312,32.739,33.375,26.503,8.5775,9.7701,2.4178,-17.521,3.3072,12.792,-30.491,-31.313,-5.0452,-33.462,-34.226,10.482,-2.5518,-27.319,-4.8028,0.77573,-8.2696,-1.31,-2.3184,2.4013,11.984,1.6407,-1.5261,2.6146,0.59923,17.226,21.306,-7.6904,-7.2053,18.734,17.618,9.1317,14.861,23.309,20.838,-6.5283,-23.177,0.65059,4.6616,-27.615,-28.105,-5.2368,-9.3776,-18.813,-19.5,-24.909,-7.7401,21.396,9.0124,-5.7786,15.401,3.748,-24.703,16.352,52.181,9.3486,-15.98,10.2,19.726,10.107,-2.6056,-10.582,4.1772,2.2963,-24.849,-14.426,7.7036,-9.8559,-14.36,12.387,14.16,-8.6548,-14.57,0.2338,5.1189,-10.413,-11.525,5.7896,5.2893,-0.12445,4.081,-5.8804,-5.1526,21.54,19.547,-1.3161,9.2934,10.648,-17.14,-15.416,4.9838,-4.8007,-14.52,2.8968,15.251,4.8688,-13.549,-19.43,-7.2435,4.7041,9.4632,7.655,-5.5873,-1.5929,19.574,2.5207,-15.427,24.186,33.001,-20.482,-27.242,1.6161,-7.6986,-11.723,-0.21572,-7.0764,6.8641,22.407,-13.517,-24.558,18.334,14.479,-19.828,0.60108,21.239,-3.6215,-10.296,8.5863,11.248,2.4538,-11.42,-11.71,16.132,12.414,-25.413,-13.361,21.141,12.539,-0.36406,-3.7031,-12.833,-5.1139,-4.7627,-17.022,8.5161,29.007,-3.7616,-25.218,-2.8484,22.73,13.064,-29.799,-31.343,23.649,35.619,0.26079,-3.7663,14.202,18.519,3.2855,-18.251,-9.8647,4.3504,-16.091,-28.488,-13.909,0.5612,10.341,-1.6077,-14.473,10.44,22.249,6.1311,7.3088,-1.9862,-16.307,3.9108,9.0825,-2.6832,10.898,5.8839,-13.961,0.68791,16.283,13.964,5.8672,-12.342,-10.182,4.6634,-6.2449,-2.4285,22.36,11.551,-19.352,-36.706,-42.25,-32.59,-17.626,3.6439,29.986,23.342,2.4958,11.09,20.076,21.98,36.958,35.273,7.2496,-21.595,-30.266,-6.4809,4.045,-25.695,-27.241,3.7452,1.2498,-7.2167,13.472,14.769,-10.741,-10.601,7.654,-5.6175,-21.195,6.7098,17.599,-11.737,-5.2568,12.58,-8.4887,-2.9719,22.393,5.8761,-5.1315,3.7287,-8.823,-18.926,-18.925,-12.209,18.336,27.319,9.1887,17.334,18.265,2.6648,16.422,16.051,-7.5315,-3.6769,-10.253,-28.326,-12.295,-14.398,-33.113,-7.2393,5.6704,-14.783,-0.6907,10.035,-14.269,-3.5376,28.554,17.137,-5.4784,1.5739,13.291,6.0908,-6.693,-7.1874,-5.9529,-6.7321,12.871,30.233,8.5627,-8.4083,11.469,19.813,9.0919,15.23,15.369,-11.7,-24.756,-3.1922,12.446,-9.6585,-34.716,-24.263,-18.535,-42.84,-42.232,-18.238,-20.516,-18.41,4.7608,8.1055,10.337,27.06,26.936,35.566,65.092,65.553,52.089,57.574,49.123,25.044,5.8179,-27.758,-63.381,-70.444,-68.258,-67.128,-52.202,-43.105,-48.435,-30.083,4.792,8.9648,7.7226,35.393,47.499,32.722,25.639,14.963,13.76,41.976,38.794,3.618,5.2228,13.596,-1.5616,1.8314,7.9729,-8.4705,-17.865,-12.872,-4.2128,-10.257,-35.595,-31.649,-8.4099,-16.18,-12.188,4.4041,-20.591,-23.709,15.83,9.5221,-12.538,8.6527,22.764,16.366,11.386,-0.48134,0.96002,20.668,24.002,3.3249,-17.172,3.7161,48.392,32.384,-16.355,-9.2654,9.2597,-5.7247,-12.237,-15.027,-25.207,-18.508,-12.494,-15.59,-13.555,-22.8,-24.961,5.9434,19.565,-5.45,-17.835,-7.6102,4.3485,25.485,40.572,23.465,10.65,30.607,34.703,9.7554,4.3274,6.1416,-18.506,-38.337,-29.796,-6.0285,9.3954,-10.361,-28.946,-4.2781,2.5499,-24.162,-6.6664,27.823,10.088,-13.209,-2.287,8.0947,2.2681,-2.068,9.0374,14.044,-6.632,-4.3331,31.173,22.339,-22.235,-24.399,-0.77591,6.4157,10.45,11.798,-1.3386,-14.397,-9.4277,4.7452,1.4273,-8.3738,3.9251,8.2424,-12.533,-13.648,0.29409,-2.8551,2.5272,15.546,2.3837,-12.696,-6.3209,1.1978,7.9591,11.325,-7.6639,-24.213,-2.3396,25.983,14.664,-8.5261,-1.2135,13.378,12.844,11.168,-4.6821,-27.657,-8.2106,17.406,-13.562,-36.159,-0.90199,19.464,5.4069,4.9739,0.072051,-17.022,-0.64446,20.575,-1.0461,-12.795,10.068,11.958,3.2842,12.793,1.2209,-16.228,-1.1768,1.6364,-9.6503,-1.2443,-10.334,-18.71,11.85,10.328,-16.614,6.1374,19.13,-3.8047,0.98156,1.3802,-9.7481,18.636,29.109,-3.0789,-13.875,-16.342,-22.737,-4.9596,11.987,16.915,8.1453,-18.922,-3.9257,28.311,-12.053,-41.353,0.8988,8.403,-12.748,2.102,5.0896,4.544,28.784,18.866,-6.6432,2.9446,3.8324,-7.4984,0.55243,0.65398,-1.6339,13.525,7.0146,-15.9,-6.4936,9.7189,-13.628,-45.222,-31.026,8.3079,10.687,-9.665,2.2944,19.683,9.1756,9.6838,18.215,2.1054,-1.9323,15.381,14.311,7.1575,-1.2843,-17.749,-0.94356,21.225,-7.1088,-26.463,-10.669,-4.2712,9.4736,14.778,-14.022,-16.576,-10.06,-30.733,-9.7337,18.115,-6.9904,-2.4575,18.18,-0.31484,16.274,36.28,-4.5107,-12.141,20.168,23.06,17.985,-4.6272,-25.055,3.2142,-7.2107,-42.426,5.888,22.012,-42.158,-23.159,32.109,5.2913,-4.1659,23.667,-1.2864,-27.036,-5.1991,2.5417,-8.6376,3.4157,17.151,9.1064,8.0262,10.915,-10.625,-19.715,4.6967,14.781,11.981,14.931,-2.0295,-14.779,-4.2075,-11.28,-13.581,10.302,3.8555,-15.117,2.2971,6.288,-16.172,-7.4929,18.756,17.414,-0.89813,-11.101,-5.4544,5.4432,2.476,-4.2782,0.065917,-6.1868,-16.705,4.3716,19.987,-0.7561,3.6928,25.428,-0.59465,-21.435,-0.75041,1.8311,-3.8742,3.0253,-5.6666,-3.5045,9.3559,-1.8079,-3.0337,-2.6941,-22.074,-1.4182,27.306,2.9685,-6.5477,7.6376,-3.1629,-8.0094,-8.7473,-8.9358,17.815,12.917,-17.048,3.8728,8.6356,-26.072,-8.062,21.834,9.8168,7.4044,6.5879,-5.9784,-0.82855,2.5212,2.2381,9.6322,-0.42932,-7.2751,4.3828,-0.57069,-14.616,-22.551,-24.942,-3.587,11.573,-7.8515,-16.258,-0.49645,15.59,33.654,35.54,8.1664,-17.193,-14.913,9.0217,20.163,3.7783,-7.8148,-6.7282,-4.4572,1.7212,-5.6978,-14.079,3.516,4.6414,-15.656,-12.49,-7.3197,-3.3303,13.62,-1.1002,-19.361,3.2861,2.6635,-13.278,11.443,21.459,8.3592,15.438,1.4307,-19.794,9.5232,30.053,1.7789,-10.507,5.9396,-2.9374,-27.205,-5.4507,30.566,4.7157,-24.218,3.6224,7.6487,-25.432,-27.702,-17.398,-3.7006,21.567,9.1781,-12.596,7.4046,12.379,-4.6582,4.5844,12.215,7.4886,10.12,-0.3124,-12.065,-2.202,2.9531,-1.3436,6.2321,18.998,14.102,-6.8628,-5.8199,11.565,-7.6037,-31.521,-10.339,1.6769,-19.65,-19.747,5.4611,18.467,7.9863,-6.2749,1.5757,17.124,14.208,-4.0331,-27.277,-26.709,4.2216,17.158,12.131,15.665,10.33,14.008,25.545,-4.7536,-26.588,-1.4608,-4.727,-28.54,-21.863,-12.391,5.0032,25.349,6.6107,-4.8521,16.549,19.157,6.0471,-8.0829,-14.292,11.281,17.083,-16.668,-17.467,1.6986,-2.5487,-8.0399,-17.167,-18.526,0.35765,-1.3522,-1.6248,16.258,0.92076,-4.6045,21.86,2.2604,-17.562,14.928,19.209,1.1084,8.9653,5.8662,-0.76541,9.4773,17.793,29.787,15.722,-28.756,-24.862,5.4234,-11.112,-32.941,-29.35,-26.224,-20.831,-15.546,-10.389,4.4907,5.067,-12.131,-13.277,10.22,34.872,34.472,27.798,42.579,40.92,17.564,19.905,18.508,-8.6332,-14.469,-14.901,-32.612,-27.627,-15.134,-29.051,-36.811,-24.528,-16.009,-10.279,5.6488,20.915,15.14,4.1321,11.659,16.123,5.3283,-4.5326,-11.06,-2.8855,12.1,1.6408,-0.87959,29.67,37.261,12.786,-4.0581,-8.91,-0.026031,9.2159,0.12718,-4.0897,-5.0355,-16.586,-16.105,-17.11,-27.623,-11.134,9.7994,5.9612,-1.3821,-17.335,-20.951,13.223,15.478,-19.96,-7.9574,20.159,7.483,4.6217,26.427,25.805,1.2099,-11.702,6.8854,23.966,3.1653,-9.9933,15.742,21.072,-6.3155,-14.386,-15.624,-35.103,-34.009,-7.7777,1.939,4.5878,12.599,-3.4131,-22.858,-6.4176,12.048,9.4719,10.695,7.7699,-2.5986,8.2034,18.94,-1.1255,-9.5312,14.49,8.1936,-33.089,-24.923,20.517,17.7,0.022571,18.187,18.317,-6.8816,-12.327,-7.7359,-0.92631,-1.5261,-18.412,-5.2821,13.946,-13.592,-12.117,19.676,-3.1498,-8.3954,22.759,-12.636,-38.573,3.9903,2.8498,-10.244,23.342,3.7723,-34.079,10.162,43.624,14.643,5.0459,14.933,8.6508,4.8348,0.37572,-14.31,-16.241,-3.3292,-0.27251,-8.9234,-15.398,-14.64,3.7396,23.433,-0.73537,-32.407,-9.6217,9.2624,-11.687,-5.1331,11.727,-10.762,-13.873,20.981,31.638,17.756,16.468,21.809,3.5349,-29.409,-21.855,12.212,4.3482,-15.013,-0.7187,5.0909,-1.7933,1.8227,-9.9241,-21.571,-1.8795,12.092,1.591,-7.5716,-9.912,-5.2124,7.9118,12.567,0.81404,-6.9978,4.9413,12.564,-1.3751,-5.6426,7.8827,12.456,8.332,-2.3708,-10.453,6.1903,6.9279,-29.474,-31.595,3.4218,10.171,-3.1502,-8.0216,6.0503,34.198,22.017,-13.314,6.4782,25.82,-15.145,-35.896,-8.8319,9.6724,9.8601,1.2166,-3.085,2.4623,-7.598,-16.475,-3.1884,-0.83401,0.27642,11.105,-14.346,-45.655,-22.368,16.071,31.719,30.187,10.52,4.7952,26.875,22.531,-10.906,-10.697,16.805,10.576,-11.611,9.928,31.336,-7.2386,-36.559,-14.794,-18.415,-52.417,-46.125,-9.4488,5.9721,-7.0026,-19.179,-4.1272,21.771,30.75,25.638,18.568,18.451,12.278,-7.3202,8.2727,49.958,34.777,-1.9455,12.521,19.243,-8.9924,-14.262,-11.44,-28.562,-27.187,-6.7054,-12.433,-36.399,-39.326,-38.913,-52.075,-28.839,16.178,10.784,2.1773,32.75,31.966,13.384,32.77,46.452,41.501,39.55,30.385,33.279,29.571,-3.3328,3.4085,15.253,-55.146,-100.45,-55.429,-30.538,-36.354,-19.346,-10.178,-16.7,-16.056,-7.3237,10.082,21.684,25.263,37.039,46.976,46.579,26.524,-12.915,-21.121,2.8778,8.1582,8.7654,10.268,-5.9375,-7.4377,-2.843,-13.123,0.40122,9.3732,-19.249,-26.278,-14.249,-15.183,-5.6306,-10.348,-22.192,11.866,23.931,-12.639,1.8892,36.89,12.621,-6.9455,6.7526,-0.23455,-12.055,1.1864,8.0993,-10.9,-21.618,7.5288,37.719,16.903,-18.891,-12.948,12.831,16.418,5.3531,3.2378,6.6153,0.067033,-15.805,-30.134,-29.589,-6.9451,12.651,-2.7793,-30.113,-19.404,18.005,26.72,9.5176,6.3157,2.6795,-8.8635,9.1049,28.821,6.2904,-7.5868,12.918,14.326,-8.3014,-13.749,2.679,9.6315,-10.006,-19.818,-2.7727,-2.0203,-13.145,-11.359,-20.796,-15.047,22.852,18.674,-7.5714,15.842,19.583,-20.922,-13.284,16.099,1.1151,-3.7709,14.833,3.5225,-6.9278,13.794,12.319,-11.501,-6.4709,1.208,-7.2125,12.897,28.09,-7.9877,-25.998,-4.395,-1.2707,-4.5155,-10.956,-35.276,-17.732,22.053,9.6171,-0.98236,5.0111,-22.184,-8.6221,43.483,17.426,-19.659,14.499,30.066,17.77,17.189,-16.312,-38.024,-3.7757,-0.19403,-14.46,17.415,20.893,-14.388,-7.5172,5.719,-12.382,-17.309,-11.632,-4.4371,13.972,9.1593,-10.798,-3.9836,4.3164,2.8749,14.58,20.305,11.37,-7.6058,-41.791,-45.452,-7.1934,2.2646,-8.2308,15.847,33.872,16.639,10.72,27.864,31.946,14.303,6.2131,12.507,-0.82782,-18.111,-9.735,-11.734,-25.869,-16.569,-11.731,-22.273,-22.448,-23.284,-15.075,0.86345,-17.254,-23.685,20.62,34.201,4.467,1.1921,18.823,30.479,31.105,15.966,6.2253,4.5883,0.18814,4.7254,2.5241,-2.8667,14.681,14.188,-2.8274,13.006,6.8513,-32.072,-21.624,-3.9186,-27.378,-19.098,9.4114,-13.6,-53.431,-57.094,-30.366,-3.6879,-4.8667,-20,-15.268,10.84,31.677,29.54,36.544,74.72,94.202,76.992,60.658,48.605,35.068,11.862,-34.67,-65.899,-69.62,-85.953,-90.479,-59.063,-33.741,-30.404,-33.967,-20.045,11.329,8.6508,0.089986,37.066,42.095,12.148,30.134,39.918,22.492,41.164,34.469,-2.5787,15.964,34.556,13.638,4.3254,-14.622,-35.615,-22.186,-15.443,-14.845,-8.7011,-25.218,-18.481,11.014,-12.824,-34.74,3.7359,22.837,-4.4128,-25.294,-31.517,-30.924,-14.552,7.0471,9.898,14.859,44.375,41.539,3.4017,11,31.424,15.889,17.696,19.915,4.3147,18.004,7.9291,-30.892,-10.213,7.558,-21.542,-21.576,-22.806,-37.942,-16.107,-15.794,-34.089,-9.9235,-1.2554,-4.8236,18.856,9.4314,-4.6232,20.262,20.858,15.187,21.087,-5.0892,-3.5428,25.651,0.044802,-10.431,30.172,28.671,0.78021,-4.3931,-8.8236,-6.335,-1.064,-8.7424,-11.796,-15.076,-12.408,1.5784,-11.069,-18.124,11.264,-3.5683,-46.091,-18.275,18.97,1.0056,2.4137,29.096,18.312,1.3648,6.1903,-4.174,-8.1154,22.685,27.463,-6.7289,-12.068,3.7698,-2.6979,-4.8067,12.305,15.339,-1.9555,-9.8291,2.4927,0.73954,-23.281,-19.002,11.052,14.816,-0.72858,-13.123,-22.879,-22.709,-18.281,-5.1172,20.209,19.55,2.865,7.5583,8.8496,6.4961,4.6676,-23.274,-16.617,38.001,32.615,-4.9658,3.594,2.7127,-7.4678,6.5404,-7.8273,-29.474,-8.21,14.155,15.71,1.5845,-17.924,-10.441,-2.2291,-8.871,4.5318,1.8641,-18.816,-0.17558,6.8391,-13.46,7.3825,21.402,-1.0883,4.6557,9.4896,-7.1203,5.1454,7.8652,-18.15,-9.1251,15.295,12.964,9.7325,4.9861,-6.7524,-1.4905,-0.80758,-19.711,-10.529,17.482,0.41936,-23.876,5.1662,21.749,-12.305,-21.535,3.5123,9.5113,2.1652,-3.6624,-6.0138,1.4067,-0.55004,-9.178,2.169,18.319,17.395,0.52397,-12.546,5.1104,19.693,-3.6074,-15.853,-0.24068,9.6061,8.9897,-13.762,-30.125,4.2195,17.298,-14.786,-4.8076,11.854,-12.906,-2.9532,19.176,-10.42,-15.007,24.643,18.994,-15.775,-8.8459,8.4036,-5.0753,-6.6906,13.522,10.04,5.5381,12.8,-17.395,-35.078,3.0896,6.8002,-16.47,5.2568,14.549,-2.3884,3.5824,4.9823,7.4828,20.292,1.3345,-12.476,-9.7273,-32.665,-20.423,21.644,8.2361,0.092593,22.604,6.1713,0.076958,14.991,-15.62,-27.304,8.0013,9.4981,-4.445,4.2894,6.2511,-0.52364,-13.643,-21.64,0.93228,13.313,-3.5763,0.88863,16.192,5.9928,-7.2445,-7.048,2.783,15.019,7.4883,-12.591,-14.692,-6.0548,-6.1756,-6.9526,0.34411,9.5348,17.279,19.882,10.289,-0.90377,-4.8457,-10.576,-5.469,9.8806,-5.6618,-29.971,-10.359,12.063,1.087,-8.0304,-7.6611,-0.22331,14.171,-1.7778,-21.82,10.823,32.766,3.3055,-0.10069,13.795,-15.494,-21.916,20.497,15.264,-24.288,-10.913,18.998,18.803,10.47,-9.0536,-19.07,3.0281,-0.34432,-20.229,1.655,7.2328,-18.708,-2.936,14.51,-8.9768,-12.406,9.013,14.217,-4.0531,-26.934,-7.7568,26.382,11.014,-1.3271,10.331,-2.8032,6.056,25.705,-13.734,-22.063,27.632,14.082,-28.02,-9.9015,18.312,15.46,-7.1582,-23.2,-7.4693,2.3497,-4.7518,4.0273,-3.6297,-18.583,7.1253,15.388,-14.956,-17.761,-3.3144,-1.2842,1.4589,3.2833,6.973,5.6191,-1.4535,13.245,12.029,-21.196,-5.6909,33.741,19.505,3.2058,7.437,1.2116,18.524,29.23,-20.474,-46.746,-7.6745,8.2292,-17.789,-25.414,-6.1968,5.4018,-7.6809,-20.736,-5.6148,4.7092,-17.776,-15.199,26.893,23.256,-13.842,3.0127,25.405,0.83847,-0.99319,19.995,12.18,6.0894,9.3227,8.3737,22.938,21.427,-4.1267,-3.2908,0.49772,-12.614,-8.4705,-8.1235,-16.931,-9.2412,-16.753,-35.084,-30.837,-27.667,-21.028,-1.8577,-3.8732,-8.1458,3.8853,5.7508,12.663,29.138,29.735,27.909,27.724,25.824,30.348,18.756,9.0169,34.677,40.577,7.2452,-12.592,-22.431,-35.207,-43.649,-60.086,-61.812,-37.467,-26.338,-21.586,-7.6404,-10.603,-16.151,5.9637,33.796,34.92,20.738,28.275,41.365,27.771,28.728,47.389,27.683,1.3705,-1.0138,-14.414,-17.389,-9.4502,-30.771,-30.415,0.59644,-12.245,-30.224,0.60953,13.912,-18.998,-38.908,-16.027,12.778,7.9812,-2.8479,4.7511,-0.76383,-3.9365,18.583,16.737,-5.431,4.1061,17.376,8.4462,2.2197,-0.26338,8.1422,35.104,34.75,-3.1961,-19.244,-6.3647,-8.1837,-15.237,-6.9964,-6.4095,-11.794,-8.6728,-15.234,-15,6.7309,1.9015,-15.359,6.1066,16.19,-9.3577,-12.297,1.1304,2.9921,6.5057,2.8159,-0.69761,13.156,11.096,-5.6367,3.7201,18.781,6.3394,-7.2786,9.2235,24.998,-1.4801,-25.494,-3.3898,6.4664,-15.732,-9.6891,16.441,10.096,-24.565,-37.109,2.9635,31.215,-6.78,-25.844,12.123,17.155,-9.253,-2.6317,1.4515,-23.775,-20.913,18.487,26.731,-0.11138,0.59074,13.391,1.0982,4.9089,14.255,-7.9342,-4.7398,19.518,4.3621,-6.9175,5.4814,8.7297,9.4918,-17.862,-45.301,-7.0318,4.4102,-30.135,4.8884,26.938,-20.247,-4.0727,25.931,-11.019,-6.5155,24.414,8.293,-0.32837,-3.0391,-6.2995,15.046,-0.91109,-25.109,13.51,22.358,-13.103,-4.909,-2.6435,-29.082,-9.277,33.035,30.64,-5.418,-11.736,24.671,18.182,-31.186,-25.043,2.7576,-2.3256,1.3633,-5.8366,-23.358,4.3305,20.567,-5.3485,-12.501,-14.227,-12.678,20.187,31.949,13.37,5.4763,1.6651,10.445,12.244,-22.017,-25.63,-2.2965,-22.205,-25.656,12.873,20.967,11.711,4.4543,-5.1027,19.423,28.964,-11.192,-9.7933,12.692,-15.553,-15.568,19.351,-3.735,-35.613,-12.083,9.3765,0.26868,-12.134,-13.46,3.401,17.5,6.3215,-0.026036,14.441,16.361,2.6683,-2.6395,-5.6458,-5.5848,10.02,15.087,-3.1934,-12.521,-6.8463,-1.9926,-0.45807,-6.7099,-10.796,-7.928,-10.251,7.365,36.104,10.705,-29.619,-10.493,16.587,6.6758,-6.1842,-4.0278,10.141,10.437,-11.758,-8.3227,8.2239,0.5152,5.2569,1.759,-35.127,-23.446,19.111,8.4843,-3.4312,8.7295,0.042857,-0.20252,11.931,3.8757,-0.68839,-1.0127,-4.985,4.2727,5.0805,3.9658,20.266,9.2758,-12.353,4.2402,6.5148,-20.718,-18.054,1.2775,-0.018025,-8.9587,-12.534,-11.91,-7.4889,2.0168,4.1853,-9.5282,-10.433,1.157,2.6968,21.497,34.644,4.0561,-0.81354,13.293,-16.734,-9.4385,30.658,1.2548,-10.998,28.181,4.8571,-20.554,11.164,3.4976,-19.158,-0.1075,2.0537,-15.504,-28.237,-35.681,-10.489,7.6001,-17.855,-25.495,-9.5071,3.9431,34.807,48.054,23.6,10.206,6.6722,3.5747,14.202,13.18,2.2908,1.2506,-6.7712,-11.187,-8.8572,-24.404,-23.68,9.4268,20.795,5.2041,-2.5216,-4.0258,-10.858,-18.996,-13.621,-0.11279,-3.1252,-5.2391,9.793,6.3433,-11.348,-3.7352,8.5274,-2.6194,-9.667,4.7858,11.572,5.7911,21.489,34.109,4.0322,-11.463,8.2498,0.79232,-6.5421,10.244,-11.308,-28.868,6.033,8.7593,-13.253,4.7486,6.0317,-11.745,4.997,9.135,-7.1561,-4.7167,-17.664,-33.073,-13.826,-10.415,-21.319,-0.83373,12.823,8.1754,19.993,25.344,17.009,17.828,10.939,1.3738,8.9438,12.409,14.575,23.354,10.416,-3.5895,6.1202,-2.9673,-24.448,-22.934,-33.873,-49.737,-26.991,-12.872,-24.549,-11.426,2.341,-0.63905,16.644,24.541,12.745,28.945,35.926,6.7783,3.9603,18.114,6.7631,3.7261,14.557,8.2669,-4.387,-9.004,-7.557,-13.242,-31.842,-23.428,10.432,5.0425,-21.331,-12.054,8.029,13.95,9.1504,-7.5649,-6.2567,11.489,-0.83354,-23.286,-22.939,-14.872,5.6558,22.179,8.6978,16.729,44.302,15.796,-21.667,0.9479,17.933,-5.5413,-21.523,-19.582,-2.9317,19.731,14.051,-6.9526,-11.169,-12.128,-15.861,-11.673,2.7094,21.813,14.637,-10.878,-1.1072,11.525,-12.77,-13.472,6.1044,-5.8847,-6.4033,4.4181,-15.283,-6.0626,29.507,11.688,-10.291,8.0268,6.1082,-8.39,-2.7967,-0.12068,7.5143,17.435,5.7564,-3.1352,-11.801,-28.019,-2.537,32.614,8.9944,-13.835,2.4125,-0.16634,-7.0136,12.816,3.2607,-34.778,-27.638,10.896,18.544,3.3914,-8.1827,-14.58,-2.8442,13.224,1.4327,-5.9885,12.051,8.8275,-6.7236,4.0807,10.176,3.4994,6.3984,0.127,-0.90854,19.569,14.477,-6.927,-6.8375,-16.733,-25.406,-2.9807,0.072311,-14.538,0.84152,8.6404,-7.7825,-7.2167,0.87297,4.4623,12.945,10.326,3.2103,3.2411,-1.0128,6.9729,11.717,-23.037,-33.832,10.409,22.037,-4.833,-10.649,-8.131,9.4071,41.705,18.179,-27.074,-9.9749,4.3749,-22.026,-8.3273,26.99,12.316,-15.44,-13.837,0.53099,6.4261,-8.1078,-13.325,14.25,19.189,-12.044,-16.429,-2.0909,-2.1299,9.6592,12.963,-19.322,-19.448,23.927,27.105,-2.4727,-7.5433,-6.328,-5.1686,7.5346,-2.1919,-16.776,6.1983,14.352,-14.44,-16.289,9.1772,25.426,25.927,-1.4434,-14.976,21.696,24.101,-25.819,-27.905,1.7008,-8.0735,-23.346,-14.095,-3.1455,-10.163,-26.948,-6.2541,30.701,7.8037,-16.547,24.522,46.503,18.236,-0.069146,-4.6938,1.2402,11.298,-0.46299,-3.275,7.3195,-5.7161,-11.334,-4.9805,-16.556,-10.569,-1.1151,-19.478,-8.9123,9.7262,-7.4999,7.2072,23.62,-17.31,-13.135,24.537,-14.474,-34.567,22.15,33.411,4.1884,4.7737,-3.1659,-16.785,-8.8798,-5.8995,14.616,49.753,23.075,-27.806,-13.38,12.549,-7.2847,-15.43,1.2837,-6.6125,-17.635,-2.3091,-0.063729,-9.2154,7.0332,11.838,-11.778,-9.5631,8.0371,2.2228,-1.1262,-2.6582,-15.17,-1.0368,22.368,10.086,-3.8337,0.59751,0.98668,3.209,4.3683,1.6157,4.4636,-8.2798,-13.861,22.767,31.332,-6.9403,-8.7023,7.5893,-8.8395,-20.829,-16.231,-3.5369,11.836,-4.4551,-15.545,12.639,3.8079,-25.961,0.98297,18.231,-2.2811,3.2932,-1.8676,-25.154,0.3274,19.894,-9.362,-4.5174,32.053,22.752,-15.108,-25.094,2.8272,33.436,19.07,-16.052,-9.3932,11.946,0.075474,-6.1487,11.423,10.34,-1.0471,-2.932,-14.222,-16.802,-8.6979,-21.728,-16.023,5.5206,-21.996,-31.048,6.5725,-9.2895,-11.38,54.505,35.249,-24.066,22.174,46.249,-1.5961,6.1328,22.547,0.26307,2.5025,-10.007,-33.336,3.1926,21.167,-22.952,-31.56,1.2498,8.6787,-5.2615,-9.9019,-1.2727,5.0422,4.6358,2.2509,-10.308,-17.054,-4.7973,-0.43487,0.87233,6.8826,-6.8995,-14.358,-3.2558,-10.092,-4.8514,26.184,28.305,13.528,7.1226,-4.2939,4.2298,23.232,18.324,22.6,30.99,5.8852,-17.75,-19.198,-13.454,-3.9384,-12.537,-23.823,-9.7506,-16.826,-42.856,-30.935,-14.857,-28.14,-34.207,-18.361,12.162,29.604,10.503,5.1421,35.047,54.272,62.803,58.647,31.033,34.129,52.474,14.261,-24.61,-19.782,-36.017,-59.75,-48.901,-49.308,-56.251,-32.623,-22.751,-29.972,-3.7649,19.652,4.6922,3.0074,26.492,32.73,21.665,13.956,18.24,30.986,26.383,13.146,26.422,27.41,-15.844,-33.693,-8.5193,-10.156,-23.121,2.0958,15.485,-11.554,-19.729,-2.8003,-3.6014,-3.4807,9.6627,-6.1107,-32.076,-14.17,13.306,5.3658,-11.731,-19.162,-14.906,8.3594,19.236,3.706,4.9419,24.375,27.927,18.578,0.098168,-17.628,-5.1721,14.205,7.4702,2.4453,2.8629,-15.542,-21.968,2.6274,15.239,-4.7752,-26.215,-13.555,21.784,25.749,-0.4581,-3.2748,5.4163,-9.1489,-21.598,-15.411,-4.5692,-0.58807,-18.622,-30.928,0.66406,27.838,12.981,-2.3453,-3.7328,3.3879,22.139,22.488,11.311,15.661,1.4292,-10.586,21.661,17.171,-30.235,-7.3081,33.64,-5.9964,-38.943,-12.758,0.86002,-5.9148,-12.172,-28.206,-24.396,8.0245,24.459,19.687,6.7714,-15.006,-18.825,-3.8335,-2.8424,3.8324,20.872,2.9018,-11.36,26.842,39.145,-5.277,-20.102,3.8714,14.675,12.127,-3.1939,-19.492,-2.4018,15.664,-2.7491,-14.46,-2.6706,-6.6833,-16.213,-0.57209,7.0982,-17.174,-25.101,-0.92841,10.203,8.938,9.0509,-9.3741,-15.092,11.687,11.965,-6.0447,7.4492,12.533,-4.5494,2.3647,15.899,6.6195,-3.866,2.4953,15.917,10.347,-4.0665,3.851,1.0241,-19.899,-7.2475,0.14546,-30.134,-23.058,8.8469,-2.9765,-14.067,4.0688,9.527,3.2823,1.3803,6.5273,18.97,10.993,-16.528,-18.393,7.304,21.711,8.0908,-9.0753,-0.18841,11.711,-3.4,-16.997,-2.7395,18.377,13.238,-18.368,-25.658,8.0151,21.442,-1.6557,-10.48,3.33,10.381,-0.3726,-18.283,-21.593,-2.9797,19.338,19.615,0.39377,-3.0669,1.874,-14.941,-17.629,1.6009,-4.8823,-9.5069,8.7279,6.0329,4.5294,20.735,12.058,1.7221,4.8365,-9.5717,-9.2813,5.9076,-6.1007,-7.2934,7.8073,-2.5122,-4.8249,8.5166,3.7329,0.53336,-3.3233,-14.776,0.13527,11.891,-8.4288,-10.328,6.8378,3.4368,-8.0632,-13.607,-10.15,4.7324,9.3801,3.4424,8.4198,12.151,0.58762,-5.894,7.5533,16.493,2.6306,-4.2395,1.0126,-11.639,-15.16,3.1928,-5.4351,-15.982,6.4836,2.7017,-17.368,7.4456,23.312,-0.25857,0.32265,16.085,6.7087,-2.2532,-5.648,-17.489,-15.523,2.0382,10.194,4.2443,-7.8973,-10.177,4.1006,10.559,3.2132,2.5244,-0.13006,-13.532,-15.521,-2.9755,8.4666,14.171,7.4268,-6.0082,-3.4456,12.386,15.696,-1.819,-14.342,0.65202,13.974,2.0469,-7.2543,-9.4,-12.026,2.2173,7.0231,-9.8066,0.4397,17.043,-0.01729,-14.231,-18.974,-12.327,23.638,21.225,-22.142,-13.964,7.1019,-1.5672,12.019,9.258,-17.103,2.2668,7.833,-15.423,14.427,27.621,-10.935,-2.3634,14.467,-13.995,-16.096,4.0343,9.1022,16.679,10.987,-2.3196,0.12456,-4.111,-5.5302,1.2686,-10.527,-16.591,-16.153,-28.432,-8.706,19.11,-5.6537,-20.679,5.9685,10.485,-4.2062,-2.0669,10.718,24.028,24.01,12.956,13.796,23.133,23.392,3.2039,-23.258,-16.033,9.16,5.6033,-9.1943,-11.067,-13.225,-21.673,-27.928,-14.41,-0.89197,-23.174,-25.689,16.359,13.992,-15.702,7.8248,27.481,5.2544,-5.9321,-4.0447,4.552,23.925,23.303,11.734,14.672,19.147,21.913,16.905,3.4567,1.1621,-4.6662,-14.397,-13.733,-34.022,-46.358,-14.581,-13.416,-32.157,-3.1251,-2.9643,-37.516,-9.6701,25.771,16.945,21.154,26.689,22.848,30.819,14.317,-2.7752,17.075,14.585,-4.3801,1.2171,-8.6031,-15.864,9.3308,7.2071,-11.725,-0.54783,-6.1659,-34.388,-28.298,-1.9821,3.4429,-4.5764,-4.5583,0.986,-1.2594,-3.5209,-3.9771,-11.313,1.7596,31.437,22.961,-2.7837,2.5898,8.4553,-0.53941,-3.3793,-8.0983,-5.1614,13.506,15.47,8.3572,13.549,1.2835,-20.588,-10.856,5.1716,-0.92412,-3.7599,0.90065,-3.4127,-11.823,-20.711,-17.176,7.2005,10.098,-13.531,-4.8815,14.483,-4.7561,-12.763,6.991,7.2329,6.5037,12.324,-0.95258,7.882,33.32,10.108,-18.689,-2.7629,9.5062,1.8218,-6.8855,-15.68,-7.2436,4.7673,-9.288,-17.173,-0.011689,10.247,0.72441,-16.456,-11.89,21.851,30.378,1.0622,-9.9776,-3.6651,-14.435,-22.128,-9.0987,4.2289,9.7918,13.743,8.9262,-2.8282,-0.47766,9.4399,7.1681,7.6832,7.9183,-9.4495,-8.8725,9.9091,-5.3474,-25.281,-6.8375,13.073,17.442,13.434,-2.4268,-4.4887,-0.79499,-20.379,-21.006,5.9931,4.5281,-13.068,-11.511,-3.4296,4.0934,3.1138,-5.1023,9.4086,31.452,23.665,7.2329,8.976,12.111,-6.8998,-36.322,-31.589,5.608,14.748,-7.9715,-6.3314,20.283,20.862,-10.217,-26.664,-16.696,-12.813,-11.532,7.27,19.558,11.429,5.105,7.8379,12.639,12.578,4.7872,-0.0211,-5.0086,-19.647,-24.214,-9.2532,5.8084,12.904,11.729,0.68971,-8.1676,-0.62911,14.116,3.9373,-28.186,-26.614,12.109,23.977,0.20419,-13.589,-6.8674,1.0736,3.2863,11.189,22.616,13.749,-5.9337,-7.5167,1.3545,10.782,13.451,-9.7472,-31.415,-20.433,-9.5911,-8.2935,7.6424,14.207,-3.2979,-9.5586,2.1564,7.9716,10.037,15.218,6,-13.455,-9.2687,7.8718,6.4304,6.6485,14.771,1.9247,-14.947,-11.783,-1.7415,4.9402,-4.3765,-21.106,-11.493,6.0034,8.0961,12.726,5.9026,-12.333,-6.5813,4.0735,6.0724,16.104,8.8961,-6.4901,1.2964,-3.3041,-17.006,-3.389,3.0135,-4.858,4.1521,10.139,2.8496,-7.9383,-16.774,-0.45611,13.95,-5.1875,-3.0955,20.605,8.2683,-4.1483,8.8349,1.0496,-19.825,-25.557,-19.757,1.6476,16.286,4.5618,7.6683,27.823,11.353,-16.397,3.4985,21.569,-11.879,-26.703,-0.45907,-1.6354,-4.0518,25.312,13.642,-23.41,-14.358,-6.028,-16.18,-2.5868,2.522,-6.5255,1.432,-2.0821,-5.5457,20.272,26.373,2.5872,-6.5639,2.3817,15.644,13.955,-4.9557,-6.2002,5.6403,7.6999,5.3852,-10.68,-22.716,-8.0097,-5.6738,-9.097,3.8487,-9.4635,-10.94,27.3,2.1614,-47.73,-7.1823,23.473,-13.103,-8.5205,20.081,10.497,7.019,13.092,6.9264,6.4185,3.6552,3.0091,18.359,21.147,7.5774,-7.23,-24.174,-20.524,-1.2535,2.4589,5.1246,-3.1238,-33.382,-20.536,21.458,6.5569,-18.61,5.2143,14.089,-13.108,-28.926,-24.709,-4.0987,18.034,14.728,2.0933,-1.0464,4.7385,27.288,38.574,17.658,9.7392,18.018,4.0612,-5.8946,7.3148,9.1501,-8.8968,-26.777,-20.623,1.0485,-16.541,-46.587,-16.155,7.6286,-28.119,-25.705,15.906,2.1713,-22.646,1.7137,24.15,20.028,7.4668,0.037424,19.766,33.735,5.1251,-2.0261,32.458,31.545,5.9011,10.493,10.427,-7.9495,-10.009,-10.625,-14.232,-4.5857,-11.428,-28.921,-23.634,-29.572,-45.509,-22.213,1.9446,-8.7803,-14.514,-12.944,-7.9693,19.3,30.14,14.258,22.68,40.983,41.086,46.06,49.296,38.933,28.12,7.7994,-16.619,-26.373,-34.485,-44.634,-54.283,-64.261,-44.497,-6.9686,-6.8941,-16.421,9.26,26.106,8.6673,-0.16766,10.768,8.0932,-6.3653,3.1927,23.99,19.672,15.961,30.245,27.735,19.138,21.548,1.7904,-18.932,-7.5679,-15.691,-43.682,-20.964,19.946,6.3028,-19.487,-5.9191,1.7297,-16.941,-11.943,3.2162,-20.541,-32.746,4.2904,16.759,-6.0221,6.1077,27.845,13.202,8.6419,23.577,12.207,-1.9657,12.059,16.984,-1.0683,-14.371,-14.674,-0.95545,9.5225,-11.271,-26.17,-2.2006,9.2071,-2.7923,2.4539,-0.42775,-20.116,-8.662,10.306,-5.68,-14.717,5.3824,3.6531,-21.218,1.6027,51.061,26.207,-23.935,-1.2063,15.54,-10.593,-2.3553,-3.9643,-23.27,18.943,30.457,-20.105,-7.1211,5.2506,-24.973,17.638,37.287,-30.527,-25.306,7.5504,-19.364,3.5852,25.912,-17.271,-7.4992,12.186,-16.41,15.662,48.221,-1.7591,-16.69,10.841,-4.2098,-27.942,-23.537,-0.14802,5.9843,-20.872,-6.497,27.999,-0.32497,-2.0019,36.534,3.5406,-12.284,34.96,4.2514,-47.773,-9.622,16.359,-3.5652,5.5821,17.773,-7.6299,-34.347,-11.994,28.467,4.343,-31.804,1.5143,19.679,-7.4954,-8.1879,-4.5179,3.8658,30.901,4.148,-23.701,14.651,8.916,-26.67,-0.19512,9.0916,7.4948,42.403,3.133,-52.285,3.6445,25.693,-29.908,-17.161,12.348,-6.2398,-3.3111,-5.8971,-19.839,16.105,32.727,-4.0218,-9.6401,5.9804,3.1814,8.6648,8.439,-11.482,-14.749,-0.63791,5.277,6.7558,11.063,3.1375,-13.421,-3.4969,8.4745,-20.843,-24.233,18.481,5.5892,-31.199,0.055463,25.541,7.1206,14.166,24.304,0.73391,-15.324,-3.0093,19.718,11.286,-27.061,-20.766,5.7993,-21.839,-32.146,12.221,20.586,-6.5327,-7.6315,8.4492,12.337,-7.4415,-10.396,31.516,35.948,-13.842,-20.06,7.3957,10.598,7.7096,-0.66535,-7.7228,4.4542,-4.1982,-26.858,-20.21,-9.3598,-2.7398,6.7449,0.2989,4.3298,14.899,-1.6403,4.9965,25.119,-6.7766,-22.379,4.524,-6.7985,-16.75,13.054,12.469,-2.2138,10.862,13.517,7.5084,7.6382,-1.329,-4.9633,-9.8552,-24.484,-17.951,-11.291,-16.264,11.914,31.123,0.84015,-3.5325,20.073,6.6926,-8.5796,0.79848,1.5005,3.0846,3.1588,-14.71,-10.673,9.6157,-2.7188,-13.793,-0.27914,-6.475,-12.704,12.192,14.64,-11.939,-8.2545,11.517,10.26,10.453,13.754,-1.3833,-9.1014,5.6201,7.1863,-9.895,-12.693,-0.3405,6.8157,6.7708,2.1949,-0.6866,5.2244,2.2553,-11.328,-2.3599,9.8977,-15.095,-30.939,-8.5213,-5.4994,-17.446,-3.6881,-2.8618,-11.441,17.79,33.2,11.762,15.964,19.751,-4.1504,7.3971,26.233,0.43111,-3.5414,14.15,-6.6728,-17.934,-2.3018,-6.4061,-5.3518,-1.9654,-21.955,-10.106,12.181,-18.601,-24.515,11.338,-9.7438,-39.023,-4.6365,10.909,-13.196,-8.2965,9.8415,12.45,19.822,26.616,26.608,31.938,25.231,-0.3316,-5.3507,18.687,26.005,5.9139,-4.3677,0.050749,-5.2899,-17.927,-22.42,-23.917,-30.616,-27.009,-15.381,-35.458,-58.231,-19.942,10.245,-20.055,-10.29,35.183,24.059,19.488,48.196,29.283,14.504,47.981,48.336,29.303,40.914,40.25,16.994,-10.998,-41.909,-52.073,-52.603,-57.44,-42.992,-39.327,-57.537,-34.42,12.372,14.087,-3.5888,13.806,39.094,16.254,-5.9194,39.734,59.804,4.8148,-4.0205,24.273,0.30783,-5.7549,22.664,10.227,-4.3219,1.2026,-12.243,-12.823,4.2884,-5.3901,-27.399,-22.007,11.343,11.902,-36.847,-37.99,3.666,0.80315,3.8487,19.123,-15.116,-11.047,34.732,3.9884,-28.639,5.4903,13.15,-4.8389,-0.94512,12.429,28.228,5.1837,-30.545,8.9162,42.183,8.0492,12.144,29.72,-15.267,-36.118,-7.3946,-1.5928,-9.9466,-10.074,-11.228,-3.0589,8.8695,-1.7306,-28.545,-21.362,22.481,18.636,-30.877,-24.889,14.779,7.4232,-13.444,-8.5395,0.29655,8.8557,23.047,29.736,23.768,23.663,26.098,1.1415,-16.971,4.5885,0.0079409,-26.115,-1.7671,15.738,-12.369,-16.717,-7.6884,-11.446,-1.1483,-7.4947,-29.746,-20.276,-8.8039,-9.3713,1.9315,-0.073464,-12.012,-2.4502,22.717,46.184,32.145,-7.2719,-1.3073,21.631,14.294,16.582,9.4338,-19.912,-1.7236,27.775,1.6811,-25.342,-21.945,-7.7406,8.3805,-2.9746,-27.702,-28.476,-22.898,-11.648,-4.8751,-28.855,-19.795,30.096,24.184,-1.7861,23.831,37.844,19.806,9.9913,0.25455,6.7492,27.234,6.9296,-23.329,-14.857,-5.7497,0.56939,21.081,9.945,-21.371,-11.01,3.3832,-24.792,-37.517,-8.183,3.5987,-9.0321,-2.9026,2.6223,-16.462,-14.15,19.836,25.593,2.0071,0.58817,12.793,9.983,6.9618,13.192,21.046,28.64,26.406,7.6491,-20.782,-40.572,-28.688,-7.4915,-11.392,-11.144,0.065132,-7.9611,-4.3798,8.9749,-2.3394,18.613,45.074,-18.607,-51.969,20.014,21.731,-41.173,-15.185,15.074,-21.052,-16.744,20.346,21.765,18.342,20.454,11.787,4.3981,4.2411,18.104,21.692,-12.906,-26.356,2.5814,1.9059,-14.607,1.5928,7.1529,-7.1693,-7.9397,-14.662,-22.841,-18.185,-32.561,-39.665,-8.1284,10.36,20.933,48.401,35.778,6.182,12.429,0.23677,-8.5483,22.514,3.5493,-19.484,33.311,28.397,-21.64,17.364,22.278,-43.043,-23.833,1.5985,-40.004,-32.089,-12.491,-25.034,13.363,34.881,-8.185,-9.8599,14.591,10.321,9.5579,2.9477,0.21924,15.366,-5.8528,-26.121,8.1188,24.412,11.241,14.126,2.1222,-15.858,-2.9112,6.5663,0.28617,-0.66106,-2.0588,0.080177,9.9695,10.564,-3.1312,-17.809,-17.089,-7.3176,-9.5961,-17.987,-19.699,-10.95,9.4952,14.196,-5.0686,-8.1986,7.3456,17.385,23.391,16.45,1.3477,3.3501,7.8305,1.174,-2.5731,-1.4888,9.4469,17.959,-3.0662,-19.853,-2.4075,6.2094,-10.769,-21.205,-16.92,-11.327,-11.184,-9.0926,-1.2839,5.9925,19.71,25.12,1.1275,-7.4267,9.6377,-5.6814,-22.008,6.5286,18.257,-5.1476,-13.17,-0.57129,19.463,21.589,-6.7768,-11.32,12.197,10.244,1.7138,0.43953,-13.828,-10.767,-2.0776,-22.342,-15.279,18.9,6.4014,-13.665,5.3702,5.0546,-16.268,0.46494,27.624,11.315,-9.8153,11.047,19.259,-19.343,-28.458,0.61133,-4.2171,-11.143,9.1008,-4.128,-20.048,13.32,29.895,14.518,14.763,9.2105,-7.1047,-10.718,-15.565,-12.847,-1.5944,-1.3395,18.105,32.858,-12.987,-36.878,7.3675,12.125,-29.581,-26.496,6.2489,19.652,16.865,4.5413,-10.198,-20.626,-16.505,12.212,28.833,7.3418,-7.0377,6.5538,13.088,3.6189,-2.9597,-2.577,-3.8352,-5.5818,1.3843,6.3724,-2.3838,-10.183,-9.5054,-3.7098,6.6401,5.0063,-9.0281,-8.4941,3.7384,6.5996,1.644,2.2935,12.502,10.563,-7.8175,-10.688,-12.478,-28.639,-7.7499,26.789,2.843,-21.852,7.0624,26.249,14.922,7.2655,3.8472,4.7521,7.2205,0.50487,-6.6938,-12.155,-11.271,-2.3329,-16.034,-33.552,-0.74466,36.875,18.333,-7.3381,3.7451,11.426,-7.1932,-13.24,6.6804,8.4995,-12.123,-8.1254,9.6167,-0.15104,-13.994,-5.2773,-3.4166,-16.079,-1.9439,29.281,16.775,-12.279,5.698,19.581,-5.4093,-5.7793,7.2278,-3.93,-0.14951,-0.15146,-23.086,-4.3751,23.022,-1.1907,-7.8616,12.923,3.1269,-0.5904,9.4503,-10.821,-20.764,4.6375,11.75,-12.821,-26.282,-3.0295,14.997,-14.651,-26.255,17.094,23.371,-14.16,-6.572,21.503,17.708,15.609,21.148,8.1556,-6.1381,-3.2963,2.4911,-7.6369,-22.488,-14.465,-0.46514,-1.6457,9.238,18.716,-7.4535,-19.128,3.6863,2.3122,-8.4801,0.21286,-11.948,-14.533,22.376,8.0627,-41.314,-6.6683,42.42,2.2584,-33.821,-5.0259,14.852,5.6642,3.9693,15.778,22.368,4.0109,-11.16,10.711,21.036,-6.2274,-7.103,25.672,23.84,-14.848,-28.534,-6.2976,1.9707,-15.39,-20.435,-13.829,-18.267,-22.855,-19.131,-7.3517,8.7776,8.3308,1.8813,8.9616,9.445,12.188,24.749,12.525,2.8017,11.379,-15.393,-27.364,20.147,25.8,-5.0826,18.54,42.426,27.057,17.604,11.744,13.035,5.4205,-44.81,-64.237,-41.683,-59.595,-57.819,-11.356,-19.977,-30.646,10.239,12.333,1.5861,24.499,16.983,13.401,45.595,40.76,32.381,60.725,50.722,16.843,22.331,25.438,3.3167,-5.8586,-11.313,-43.86,-73.539,-60.108,-41.61,-49.04,-38.5,-15.713,-12.977,2.0682,13.7,-2.5798,9.2082,29.31,13.782,21.502,41.47,18.666,-0.11847,6.0498,21.703,47.668,34.623,-2.173,7.1567,11.048,-17.136,-16.215,-8.8863,-18.968,-20.478,-27.105,-25.21,-7.4611,-13.501,-19.015,-16.239,-34.142,-17.048,25.757,15.437,5.1655,26.174,15.205,1.2491,12.807,8.1538,2.6512,9.0983,2.3593,-2.6663,4.1133,7.6988,1.8901,-1.4688,24.01,42.99,11.37,-10.922,-8.5494,-27.364,-19.371,9.5495,-12.506,-26.113,-11.641,-38.133,-41.998,2.4197,-4.5441,-27.098,4.3686,27.382,21.189,22.113,28.083,33.716,22.169,1.9848,17.191,27.665,-9.1738,-29.747,-16.107,-13.209,-13.156,-10.247,-11.683,0.50653,11.667,7.916,5.4364,-9.3977,-20.529,7.0133,14.768,-18.953,-11.787,23.238,15.22,-5.1728,-4.8685,1.8521,5.5018,-16.877,-36.95,-6.0136,11.04,-10.419,8.3923,25.164,-9.6252,-0.70453,36.515,7.1472,-15.596,18.486,26.12,4.8876,1.6793,1.3546,1.3174,2.7712,-12.689,-25.594,-15.905,-5.8363,-14.841,-27.677,-12.544,13.544,-1.8165,-28.863,-7.9224,16.644,3.0401,5.5517,35.041,33.491,9.2428,8.1886,15.781,8.1318,-2.8341,-9.5893,-10.706,-8.5878,-16.395,-18.415,1.5615,10.388,2.0414,5.3075,3.4694,-4.178,8.5222,1.3844,-33.15,-25.147,0.78821,-14.297,-12.4,25.969,25.438,-2.3,1.3943,13.002,9.9531,10.576,5.2043,-12.057,-11.408,8.7258,11.398,-8.7681,-12.852,3.7701,-2.1194,-17.813,5.7044,27.985,6.7941,-1.007,10.775,-12.273,-30.412,-9.54,-7.6379,-24.722,-11.294,17.412,28.924,15.979,-3.2263,5.6008,20.634,3.476,-14.763,-12.52,-10.508,-8.8234,-5.1709,3.1025,19.638,16.057,-4.7108,-5.8911,-2.3903,-5.1772,4.7969,7.1938,-4.2003,-5.634,-9.5959,-12.394,5.7969,10.976,-6.1082,-0.97846,15.628,4.0343,-9.7256,5.8857,17.765,4.2377,-2.2635,-1.1134,-18.839,-27.018,-5,4.4039,-13.09,-16.781,6.9829,19.246,4.1715,6.5973,22.444,-0.57698,-14.413,21.017,23.551,-11.396,-12.864,-0.18947,5.5856,0.21338,-27.147,-6.9343,44.451,7.8383,-40.703,-3.6253,17.299,3.0242,7.2284,-21.327,-49.842,-9.9013,19.569,0.97207,-2.916,14.333,19.695,0.17919,-18.489,-3.9886,13.083,10.831,10.672,6.815,8.8056,22,5.8392,-14.431,-1.902,-3.3083,-20.56,-16.427,0.01967,22.455,21.577,-19.388,-30.713,-1.4597,4.5295,-8.8882,-14.173,-1.2786,17.672,-2.5832,-26.52,-6.9806,-5.7075,-9.6944,33.301,42.979,9.8283,7.4753,1.739,-11.685,1.5798,-1.7265,-5.2695,15.484,0.3594,-20.474,0.18879,4.313,-3.0891,12.625,9.6779,-11.226,-15.656,-8.4376,1.351,-0.29961,-7.6425,-5.4969,-14.201,-13.241,14.928,9.1384,-14.854,1.7261,4.3423,-21.37,-11.626,12.324,14.949,14.9,14.745,11.762,7.3834,11.353,30.519,19.052,-13.838,1.7623,6.7016,-39.194,-21.775,31.517,-7.0184,-55.48,-24.451,-0.35965,-11.283,-0.098022,18.534,10.693,-4.4593,-0.51167,12.369,7.3227,-6.0903,-4.8426,-3.3809,-9.1459,-2.0204,9.6831,4.6041,-0.50172,12.814,23.638,14.694,0.5252,-8.9946,-12.05,-0.36923,16.523,24.819,26.529,11.388,-16.225,-20.688,-8.7325,-12.107,-13.785,-3.4515,-16.067,-49.202,-45.932,0.98701,21.326,-3.9256,-12.054,0.056464,-9.0582,-13.168,3.8299,12.386,20.628,32.578,36.871,54.214,64.862,39.6,23.506,22.316,-3.3988,-22.872,-20.028,-29.101,-36.796,-37.06,-60.506,-79.537,-54.339,-21.98,-22.45,-21.825,9.8961,29.164,19.983,31.393,49.942,35.672,24.875,32.997,36.497,42.326,34.114,8.6821,1.5589,-19.668,-55.034,-27.172,13.277,-4.8029,-11.321,-5.6021,-34.719,-29.887,2.5395,-16.41,-30.892,-6.7377,-11.126,-20.973,9.1421,27.263,11.117,1.7964,10.064,18.332,20.862,22.991,18.943,2.9884,0.4762,16.391,8.5953,-16.483,-12.182,1.2382,-5.8775,-3.0516,6.5082,-10.068,-21.491,-9.7165,-8.8327,0.41696,25.513,5.4002,-25.743,3.6508,21.305,-16.337,-27.748,-7.5913,-4.9333,-5.4389,-4.0352,-4.3836,4.0762,4.1194,6.4615,27.651,25.125,2.0045,2.6267,12.222,15.1,7.0428,-11.851,3.7593,23.739,-20.55,-40.349,11.159,14.949,-22.243,-13.768,-4.7645,-9.6895,5.2386,-4.6965,-28.952,-11.928,5.8281,-1.9869,-2.9024,-0.78356,5.3938,29.426,39.794,16.237,-4.4953,5.5357,9.7708,-14.686,-9.9513,15.128,-21.087,-45.219,16.078,27.936,-26.819,-7.8069,25.893,0.34018,10.021,21.508,-30.35,-32.802,20.593,23.844,8.6551,-0.48547,-32.619,-30.738,3.8326,-4.8782,-23.103,-4.5445,14.628,22.199,25.854,19.175,10.392,0.56429,-8.2063,-3.2627,0.041393,-9.5877,-11.604,1.2456,10.397,-0.87594,-11.449,8.3107,19.939,-3.6151,-9.0885,1.532,-15.817,-20.517,2.6431,5.5791,5.6177,13.96,-6.4363,-15.052,19.842,17.645,-36.772,-43.22,9.4281,27.99,-1.7852,-13.114,6.1808,22.764
-4.3714,-2.0815,-20.86,-17.074,13.432,9.7697,-6.9404,-5.27,-6.499,-1.3825,8.0928,4.4353,7.584,6.684,-10.684,-7.7374,4.7833,-0.13132,1.3931,5.6985,1.1523,3.8791,1.2783,-5.6602,-2.1519,-13.106,-19.737,7.1239,9.8634,-13.94,3.9568,27.015,6.9662,-2.9899,12.057,12.391,5.1945,1.5352,-10.134,-16.418,-4.177,8.7061,6.422,-3.3411,-9.7457,-14.643,-20.205,-27.411,-33.389,-14.116,23.904,26.307,8.1124,23.509,29.471,5.1477,15.47,29.083,-3.565,-8.9641,10.66,-19.496,-38.205,-3.8079,3.9242,-12.122,-0.25519,8.804,-1.7366,-7.6347,-7.5654,-6.5159,-5.0545,0.0577,5.6532,-1.0735,-1.0717,10.843,1.7432,-4.3673,10.854,-0.078306,-13.102,10.989,18.441,5.1532,5.8391,-4.1275,-7.2213,12.62,0.39516,-21.223,-0.89175,10.462,-7.5478,-7.8763,6.9714,9.2754,-0.54345,-9.3054,-15.224,-25.589,-20.294,3.7521,6.7792,5.2675,24.421,17.352,-5.7325,4.3827,8.7529,-7.8588,-1.4415,12.942,9.2731,-1.3757,-11.699,-4.6071,14.459,8.7562,-8.3509,-6.6271,-1.3641,-3.6659,-4.5696,-3.5838,-6.3001,-12.171,-9.8404,-3.4829,-6.3647,-3.2305,4.8595,-0.50895,4.3033,12.956,-11.463,-18.484,22.902,37.083,18.369,21.534,12.091,-20.246,-11.463,12.96,-5.6365,-20.325,-2.8827,-7.1334,-27.16,-15.215,3.4533,-2.1587,-6.8064,1.4495,6.0899,2.1319,-1.7919,4.5119,14.086,9.9787,-2.5749,-8.6895,-3.199,9.4374,9.8391,-2.7187,0.66845,15.004,6.1469,-15.384,-9.522,13.167,5.2845,-15.257,0.12772,11.093,-13.756,-10.779,20.476,16.312,-7.9444,-16.623,-6.8891,9.1465,-5.8897,-25.339,-0.97922,5.0342,-19.265,-6.189,3.1824,-11.336,3.5802,10.937,6.2586,26.553,13.927,-3.83,31.173,21.962,-17,9.6206,10.71,-26.102,3.1487,21.154,-20.203,-22.589,-4.1061,-15.924,-19.454,-15.992,-17.365,-7.2767,1.3393,6.6654,13.204,8.881,5.3801,6.9734,2.7857,2.7261,10.99,19.805,13.269,-10.051,-5.6722,15.922,-3.9406,-18.837,7.2588,4.8992,-13.985,1.8459,5.3876,-11.713,-4.719,8.7477,8.7771,1.8212,-11.859,-16.719,-7.5417,5.9092,16.31,2.2578,-17.28,-4.5815,0.75835,-17.834,-7.7611,12.341,0.85046,-9.4467,-2.7865,5.8929,17.517,15.674,1.598,7.7769,17.675,4.2768,-2.4671,8.2284,3.4517,-11.023,-8.8275,-5.3113,-7.673,1.6822,3.0681,-10.426,0.52583,14.157,-9.9218,-20.231,1.4155,-5.1445,-24.95,-10.204,11.232,12.056,0.35805,-9.5054,4.3887,19.753,-3.9805,-25.385,-1.7653,18.544,8.2056,8.8384,21.272,9.0909,-5.5001,10.365,23.71,13.151,4.2104,-5.2443,-18.985,-12.009,3.0064,-0.5169,-13.803,-23.781,-15.049,1.8943,-11.419,-24.819,-2.3109,6.7729,-8.7671,-14.037,-11.635,7.1054,16.396,-17.625,-11.164,34.929,3.1068,-26.792,34.371,54.588,17.466,28.3,44.242,33.482,33.933,23.721,4.3598,-16.021,-50.784,-51.788,-34.421,-58.319,-62.974,-42.696,-58.587,-45.108,-3.5139,-25.334,-33.274,32.878,74.098,77.328,83.428,64.215,41.918,47.4,37.23,10.859,4.986,-4.7731,-36.562,-46.827,-22.168,-10.972,-25.525,-31.585,-29.963,-31.563,-24.727,-21.742,-30.004,-22.502,2.6394,18.464,16.249,16.845,30.603,21.473,-3.9529,17.576,45.922,17.127,0.7245,19.72,4.3196,-17,-1.3743,10.476,4.7382,-9.7542,-21.626,-5.18,6.3043,-9.735,-7.7842,-5.9556,-30.87,-27.336,-2.4893,-4.0021,-3.631,4.5272,2.4512,17.501,27.874,0.36416,-8.3546,12.183,-1.8763,-23.058,1.9129,23.681,8.5387,-4.4762,-5.4153,-1.8441,11.221,9.0586,-11.341,-10.083,7.732,13.398,9.2925,-2.0519,-5.8822,8.0924,3.2492,-19.618,-15.61,-2.2181,-6.5794,-7.0138,-4.6631,-7.3027,2.096,7.5727,-7.6399,-7.9056,17.726,24.105,0.28872,-16.204,-12.285,0.93383,10.669,1.0076,-2.9941,18.299,10.88,-10.938,19.179,20.558,-36.522,-13.585,44.805,1.1531,-39.945,-4.7245,3.6009,-14.24,-10.669,-12.627,-8.4244,7.8967,12.732,20.78,15.777,-12.897,-12.669,6.5749,4.1177,8.912,20.162,3.4051,-13.929,-8.7422,-10.523,-18.335,-2.6617,11.356,-6.2937,-17.007,-3.7521,8.4522,23.348,14.944,-19.706,2.4675,38.508,-4.5991,-24.869,10.894,-4.3078,-16.537,13.269,1.3127,-2.3072,28.351,2.5487,-31.566,-15.021,-1.9955,3.0546,-0.80972,-12.535,7.9666,8.2964,-23.699,-5.1099,11.648,-9.549,10.726,21.738,-12.49,0.68145,28.727,11.631,-0.1864,-8.9899,-20.163,0.59209,12.159,-7.8887,-16.483,-3.9286,12.009,4.4079,-10.834,14.294,21.747,-21.231,-13.193,21.385,-11.087,-21.683,27.383,18.764,-26.59,-9.5479,17.438,-7.6274,-28.214,-12.611,-2.8938,-5.3667,0.3279,4.2998,10.786,18.742,1.2885,-5.9252,23.116,18.644,-14.49,4.45,42.205,34.758,4.6371,-18.856,-28.198,-29.266,-33.529,-23.366,-2.9406,-3.6205,-10.535,-6.8459,-3.1546,5.0727,9.014,1.7953,10.832,28.379,18.444,-3.8776,1.3623,25.756,19.384,-15.625,-20.967,-1.9618,-1.2967,-8.6989,-14.184,-8.6781,21.253,23.009,-15.717,-17.412,5.1492,-10.493,-23.983,3.2042,24.458,1.6171,-21.549,10.118,35.778,-4.0082,-25.625,-2.4946,-5.3291,-8.4382,6.8087,4.1792,18.503,29.118,-12.92,-21.564,12.963,0.080722,-14.763,1.4132,-10.266,-16.526,8.8659,12.119,-0.3196,-0.7522,3.2079,6.0586,0.74962,7.6058,20.831,-14.548,-43.6,0.95086,25.734,-2.8147,-4.369,1.7699,-12.372,-0.73427,24.307,26.676,8.2943,-17.957,-16.29,1.8425,-13.083,-22.582,-2.7272,-8.3187,-16.196,8.7098,11.117,-4.8969,8.6123,20.548,13.969,11.772,3.3586,-2.8602,10.147,9.1546,-9.2907,-7.3025,5.7671,5.8754,-0.5104,-11.674,-19.333,-6.9118,1.8237,-16.555,-26.417,-2.8209,17.144,7.8294,-8.48,-9.7749,4.1068,14.569,5.2563,-0.511,12.591,11.479,2.3541,15.304,7.0085,-27.617,-13.818,20.15,4.9247,-8.2497,7.7843,5.3928,1.7791,12.323,1.1603,-16.606,-15.254,-8.3245,-4.7932,-12.386,-8.9797,21.835,13.382,-30.193,-15.571,10.135,-15.759,-9.4322,26.517,11.549,-8.5936,0.7621,0.63757,5.6556,23.814,28.941,18.379,-14.606,-37.352,-5.7335,22.02,9.7357,5.2595,-2.3626,-18.094,3.9011,21.627,-4.7596,-16.837,-7.2317,-15.756,-22.314,-7.3806,4.7021,-7.6901,-20.788,2.8106,19.067,-9.8765,-7.7495,25.126,-2.8275,-30.653,18.43,50.12,18.74,-4.4309,5.5299,27.5,25.042,-14.702,-30.114,-6.0746,3.8759,5.7492,8.3666,-8.6488,-18.43,-16.826,-22.227,-6.7315,8.3662,-17.612,-32.834,-7.6344,11.845,4.3138,-5.807,18.071,44.696,9.647,-19.151,15.105,16.721,-11.067,3.5547,-10.407,-45.622,-6.7922,26.931,-0.12532,4.6171,34.078,28.43,14.479,12.123,15.404,9.8435,-13.214,-11.947,5.9162,-16.987,-41.75,-29.375,-25.913,-34.604,-27.423,-14.026,-2.8075,0.63188,-5.2485,-11.394,-10.858,11.684,35.729,28.744,28.209,40.356,29.169,29.382,36.859,19.11,32.547,50.656,8.4992,-13.546,-6.5259,-28.304,-24.003,-31.82,-93.411,-74.117,-18.116,-62.46,-85.258,-45.633,-52.239,-30.911,41.727,53.929,52.793,91.925,106.48,90.851,70.804,63.183,64.503,10.498,-54.826,-32.819,-7.6982,-39.5,-45.165,-34.532,-47.432,-48.197,-44.03,-38.18,-15.983,-19.889,-36.569,-13.478,14.17,21.022,23.221,8.1856,2.8194,36.17,47.916,23.185,33.612,57.706,20.37,-18.38,13.714,31.749,-10.483,-23.637,-8.7661,-26.808,-25.976,2.6993,-22.195,-62.869,-32.92,18.396,16.982,-5.8333,0.26837,14.945,8.236,-7.097,-20.672,-13.836,25.173,26.258,-25.23,-23.695,18.874,16.023,10.487,18.173,-2.61,0.083251,28.037,11.595,-10.29,6.6606,25.069,22.597,-5.6377,-28.733,-5.5063,10.118,-21.099,-38.003,-18.869,-5.304,-16.465,-28.177,-8.1277,15.227,11.445,11.516,6.5499,-12.104,3.7491,22.012,3.8298,1.5013,8.0915,5.9314,24.78,15.629,-16.461,8.5209,23.251,-13.612,-5.8112,21.974,-4.4453,-39.894,-37.618,7.0725,41.281,2.2379,-28.674,1.547,-4.8502,-37.351,-16.934,7.109,-2.9527,-16.954,-17.177,6.1081,22.096,18.614,39.048,50.672,22.726,18.483,24.596,-10.481,-34.799,-22.103,-19.006,-33.298,-33.624,-9.8837,1.8781,-14.876,-15.79,6.3481,22.919,29.663,11.632,-3.6535,18.45,9.7247,-19.737,16.357,33.62,-11.085,-2.2361,14.815,-32.117,-31.272,8.9849,-13.188,-24.476,15.586,15.351,-14.507,-6.4552,9.6537,3.1819,8.7294,22.934,1.2513,-22.445,2.0491,14.68,-18.703,-22.314,14.379,20.855,-5.9084,-12.27,14.535,24.91,-2.4941,-9.7075,12.456,7.5695,-11.235,-15.081,-18.924,-9.3842,4.9033,-7.3527,-8.1002,11.814,1.1277,-18.802,-8.1506,6.9709,8.2933,6.7191,14.54,28.181,19.211,-2.6082,-2.679,-4.096,-18.047,-10.806,0.60862,-7.0886,-6.3665,-1.2789,-8.1981,0.81519,16.96,1.7031,-12.823,6.409,13.225,-10.387,-17.447,-0.50457,12.57,11.002,-8.3435,-14.455,13.456,14.943,-17.137,-7.0153,19.498,8.5129,-1.2318,-14.856,-34.206,9.6169,48.766,-3.1789,-23.736,21.431,4.3017,-26.716,11.363,21.343,-16.366,-20.665,-9.1644,-5.191,2.2995,-6.0833,-8.5104,8.8001,3.7174,-0.50325,18.883,13.019,3.5548,18.75,-0.34548,-27.549,4.4209,27.14,-8.7756,-33.194,-15.363,3.772,-1.8412,-12.688,4.7142,26.531,12.635,-6.9032,-3.1531,4.2969,5.5591,-0.91052,-9.1944,-5.2276,-6.6786,-20.34,-20.094,-5.0302,20.605,42.983,20.196,-15.122,-1.2632,14.376,-4.8349,-10.324,1.1179,5.9858,6.9323,-13.859,-35.331,-9.0651,16.555,-7.3584,-19.723,11.983,31.462,10.481,-17.707,-16.142,8.9622,12.333,-10.869,-7.9279,20.62,16.216,-6.7085,5.2951,13.137,-20.603,-25.582,16.381,16.413,-21.245,-13.699,9.563,-8.4976,-18.517,5.3637,13.887,6.7235,7.5836,2.4799,2.4341,13.825,0.30372,-16.245,4.6626,12.439,-13.2,-11.612,7.221,-3.291,-15.313,-10.699,-8.0987,5.5917,20.355,-0.1959,-16.384,12.449,25.626,0.04585,0.84395,12.321,-16.513,-26.278,6.0387,7.5874,-5.7355,11.422,12.25,-8.6524,-12.954,-13.27,2.0847,32.507,15.794,-23.796,-19.347,-3.8765,-6.0974,-6.1746,-4.0314,7.2712,16.279,1.3299,0.64695,13.725,-5.0624,-15.873,4.8768,9.1082,6.4321,7.6957,-9.0688,-9.8447,5.2138,-4.4959,-7.0199,3.0384,-4.1189,6.9063,21.166,-3.2126,-9.8945,0.37196,-22.37,-17.564,16.367,1.5337,-10.736,15.973,14.324,0.96847,0.49579,-19.997,-13.201,26.53,13.57,-12.676,7.3099,5.4671,-16.898,-0.23938,10.431,-8.4143,-10.338,-4.3281,-8.8965,-4.8736,4.6857,12.045,16.841,7.8476,-1.0453,5.9583,4.3011,-10.354,-5.116,14.644,8.6051,-19.443,-24.347,-1.9809,4.5246,-15.197,-25.15,-5.7421,17.837,14.802,4.0962,15.59,15.66,-12.01,-8.5759,21.971,12.691,-12.132,-4.717,3.5618,-1.9239,-2.3565,-4.8471,-1.9488,12.372,7.2815,-12.025,-11.833,-1.963,0.42523,-2.3634,-9.5214,-9.4358,-3.2011,-12.096,-17.905,4.1153,20.6,8.2657,-1.1568,9.6671,20.778,19.08,11.42,6.3977,2.9798,-3.5483,-12.344,-16.22,-8.683,0.67418,-4.943,-15.65,-9.2208,4.721,1.6162,-9.3471,-0.13642,13.996,-2.9903,-21.089,-0.036598,15.038,0.14001,6.997,23.765,4.7952,-9.8559,3.8237,5.5086,-0.53839,4.935,1.5324,-7.9843,-7.2771,-6.9783,-7.5542,-3.4016,-5.3265,-5.3155,9.0377,8.4902,-16.186,-9.9183,29.033,25.262,-11.097,-12.186,-4.9799,-15.641,-2.3507,16.916,8.2277,1.7632,-3.8269,-17.906,-4.57,17.154,5.0484,-10.227,-1.8311,8.0243,4.0759,-1.2107,8.6187,12.141,-10.132,-19.087,-4.9086,-5.0956,-7.8582,2.5495,8.4017,15.825,19.638,4.0446,-7.6083,-7.9652,-11.669,-15.074,-13.691,4.3453,18.351,-14.531,-30.412,21.968,40.941,-0.073254,-10.242,1.9589,0.71503,5.4335,2.3325,-7.5418,-3.1059,-3.489,-2.8495,6.2024,-0.65225,-0.892,11.996,-1.4707,-15.633,-3.4722,-0.67266,-12.309,-18.47,-6.7129,26.365,32.625,-4.2073,-17.818,0.75544,7.9916,8.868,4.5916,-11.594,-12.688,-1.1118,-4.1758,-7.306,7.6352,17.237,3.6804,-7.7398,2.698,16.016,15.334,-5.7444,-36.212,-28.913,9.1478,14.963,6.544,16.027,5.3325,-14.302,-9.3915,-2.8379,5.5159,6.8453,-18.727,-12.004,21.494,-2.2745,-27.816,7.2362,24.351,6.8781,5.7811,7.4365,3.1486,-2.6713,-15.119,-8.3871,10.229,7.779,-2.0871,-12.899,-14.585,14.323,23.27,-6.9317,-8.6661,5.997,-7.3328,-10.388,1.342,-3.4811,-6.8394,-5.1717,-6.2364,6.5567,15.381,-0.45818,-16.431,-13.146,9.6783,28.88,7.5259,-25.694,-14.443,16.565,22.16,13.234,7.087,5.9784,6.6724,-6.1727,-18.355,-0.74956,6.5616,-28.925,-37.289,4.8838,17.136,-4.1769,-2.6965,4.4187,3.1759,10.227,6.2027,-5.1699,-1.8026,0.60104,2.8424,3.7787,-8.9556,0.70069,16.181,-16.581,-28.337,13.422,14.841,-9.8132,3.2665,11.464,6.8203,14.116,10.119,9.1339,15.416,-5.3571,-17.697,3.2983,7.1948,-18.736,-35.788,-13.739,16.306,-4.6919,-23.991,6.7976,-0.36381,-29.875,6.5649,20.413,-19.856,-2.475,29.314,3.7146,-4.7294,14.341,14.54,16.215,19.381,14.83,18.798,12.794,-11.155,-24.729,-16.929,3.1782,10.779,-3.9575,-17.462,-24.682,-27.383,-19.098,-9.9551,6.8692,17.299,-14.824,-27.118,16.098,16.668,-15.769,9.6521,34.28,13.278,6.918,7.864,-3.8636,-2.8146,-5.5647,-11.044,9.8827,29.852,24.919,5.6332,-17.108,-11.176,20.759,19.099,-17.377,-34.491,-19.593,0.80602,-2.9785,-26.36,-24.919,-0.80489,-2.3357,-11.531,12.085,22.494,-11.361,-21.062,14.89,23.48,-9.9211,-22.847,10.125,44.066,23.043,-19.94,-4.7848,29.708,12.725,-2.05,15.187,13.999,6.9453,10.047,-2.8938,-8.8707,-5.4405,-23.169,-24.285,-3.6935,-16.336,-32.532,-14.941,-9.2085,-20.045,-7.38,12.046,3.6992,-17.664,-16.272,1.8757,4.5346,0.92314,6.9996,10.958,25.846,46.859,35.2,22.399,39.737,39.42,30.113,39.474,9.5906,-37.757,-19.905,2.5917,-27.324,-46.559,-54.496,-77.335,-65.228,-34.313,-42.397,-55.69,-44.392,-18.24,30.584,67.627,62.364,59.095,63.931,53.099,55.032,56.519,28.209,18.765,27.533,2.5584,-19.53,-17.647,-35.488,-47.413,-31.061,-32.492,-41.66,-34.902,-38.077,-30.301,-3.3584,-10.332,-24.734,-0.83102,10.988,0.97204,11.588,21.769,19.412,22.726,20.376,25.106,41.02,27.902,13.421,33.947,29.567,-10.165,-14.787,7.5881,-2.0543,-30.025,-21.444,5.278,-19.962,-61.451,-36.608,-0.45092,-11.901,-15.764,-5.5604,-7.9592,3.7964,12.424,2.2529,10.503,16.235,4.1337,13.022,20.396,8.4598,10.243,7.6837,-0.42231,19.333,21.061,-16.87,-21.156,12.576,10.152,-21.015,-10.21,18.941,-2.9415,-19.842,14.509,7.8117,-28.914,-2.5727,10.951,-27.338,-17.468,6.7982,-12.458,-7.0433,6.1122,-13.157,-2.743,15.245,-6.2215,1.6823,32.97,10.254,-18.088,5.4897,27.136,14.648,-4.768,-11.932,9.6609,31.021,-7.7573,-36.71,25.459,45.788,-37.601,-51.274,5.9346,-8.1544,-22.428,14.513,9.8264,-1.4182,10.715,-17.917,-19.251,31.027,6.9823,-48.059,-14.184,29.843,5.1067,-19.289,2.6164,24.907,15.836,7.9116,10.095,-4.6347,-6.8444,14.809,7.3999,-11.014,-0.49012,9.0361,10.496,-0.6071,-31.311,-13.976,34.974,11.482,-27.141,-6.0073,-6.3508,-29.646,-7.809,0.31589,-25.778,-5.3658,35.351,22.638,-7.7144,-6.1779,10.131,14.154,4.3452,1.0154,8.2897,1.3951,-10.031,1.7912,11.089,-3.7441,-14.414,-5.2976,14.732,21.721,-5.3814,-20.39,10.606,17.036,-25.506,-38.634,-4.5264,17.895,0.31563,-20.539,0.98803,23.874,0.24846,-10.722,11.59,11.382,4.0846,6.6394,-5.7707,-6.6594,4.4744,-3.2293,-3.1772,0.57448,-13.426,-8.3143,9.91,8.7812,2.4355,-2.7945,5.7375,21.236,0.89226,-13.777,4.1545,-9.3831,-17.898,11.029,-5.3404,-24.178,15.094,15.668,-13.45,6.6336,13.698,-10.095,-8.5676,-0.93819,0.87846,8.849,14.889,22.987,8.6755,-28.383,-28.867,-13.099,-22.046,-13.946,12.125,22.345,20.398,2.025,-6.4603,19.169,19.51,-13.419,-12.05,13.589,16.223,-1.6441,-16.039,-9.855,-3.2144,-14.242,-8.8137,13.803,11.6,-3.7077,-3.6349,0.26869,-0.94748,-3.1145,-9.5995,-15.856,-6.1038,10.45,8.3392,-1.5777,-2.0328,0.31779,10,11.633,-4.4139,8.2163,20.641,-13.889,-3.7565,36.89,-10.639,-40.657,17.628,16.503,-24.991,-12.359,-12.461,-16.49,7.7797,3.8636,11.623,27.734,-18.785,-29.03,24.267,22.348,5.6361,11.672,-11.953,-7.2884,14.049,-23.51,-35.219,-0.063204,0.93617,-0.68376,1.4493,-15.555,2.5576,27.977,16.463,12.723,4.5333,-8.2874,12.215,10.737,-10.24,6.0449,0.89445,-22.809,-1.5113,6.8048,-6.5122,5.5408,-6.9393,-28.952,-4.2224,11.168,1.5192,0.13095,-7.8183,-3.5419,6.1787,-10.663,3.1006,29.478,-6.1249,-18.613,21.337,8.6918,-18.399,-1.2345,-0.78501,-2.272,17.322,5.3155,-4.1333,20.527,15.883,-9.775,-8.332,-2.4961,-7.7418,-13.227,-14.158,-4.7889,7.2397,17.303,12.648,-22.262,-29.667,15.247,21.97,-10.966,-3.5373,9.9637,-7.3348,-14.806,-10.552,-0.58832,11.324,-5.5073,-12.907,19.193,18.685,-13.022,-6.6136,5.8462,-3.3583,13.393,39.432,19.338,-16.155,-12.114,6.1376,4.4479,15.362,30.805,-3.3102,-38.681,-22.91,-18.364,-33.981,-19.7,-6.1944,-6.1432,11.336,15.967,-5.9056,-17.367,-13.102,1.8212,20.59,18.635,-2.0729,-11.841,14.476,49.444,27.989,-14.273,-2.8862,12.041,3.0419,20.962,25.086,-8.4193,-10.508,3.7181,-1.0563,7.0437,1.2991,-35.681,-41.389,-19.74,-20.678,-31.047,-23.846,-6.1403,-11.434,-41.419,-33.632,12.844,22.9,6.3107,19.647,43.738,43.451,32.56,46.994,80.104,62.719,-7.3889,-31.496,4.8559,21.7,6.3536,-10.069,-23.675,-28.795,-34.654,-52.725,-51.715,-36.219,-48.879,-57.706,-39.529,-47.369,-60.397,-28.271,2.3808,28.27,85.749,114.22,99.271,97.886,85.688,58.025,46.086,9.8814,-28.896,-20.314,-27.877,-50.496,-31.88,-37.273,-78.428,-68.75,-26.255,-13.632,-28.5,-33.686,-6.7979,1.968,-16.707,13.512,44.587,6.9649,-3.2595,37.468,41.023,18.6,5.8074,8.3622,35.019,38.947,8.889,1.0696,11.082,13.196,1.8433,-17.541,-4.0428,10.856,-21.749,-25.122,0.3975,-26.298,-43.976,-25.309,-28.531,-14.844,2.7,-29.654,-30.315,14.271,20.927,14.443,20.442,10.365,2.8909,12.68,25.778,27.493,20.306,31.697,32.512,4.2089,8.2347,6.1626,-42.468,-30.192,16.855,-9.2519,-28.764,-7.3939,-11.011,-10.342,-11.977,-32.914,-6.9431,23.234,-1.227,-10.293,0.72904,-9.0612,-10.75,3.6741,22.053,26.159,4.6413,4.0454,9.6787,-16.516,-3.254,30.91,2.8917,-11.263,13.327,1.5424,-1.0625,18.412,0.8408,-1.9769,21.822,2.3989,-25.723,-18.384,-11.435,-14.104,-7.3535,2.0306,-10.374,-32.66,-16.84,12.619,2.1326,-10.285,5.7414,22.587,31.718,19.267,-10.643,-12.777,8.6572,19.806,8.5755,-15.687,-5.0732,21.771,-4.8041,-23.683,5.5569,-0.63597,-7.8789,33.093,23.752,-21.935,-10.855,2.032,-15.22,-18.718,-26.102,-25.886,10.978,26.623,-2.1197,-20.754,-5.2036,23.694,27.568,3.5954,-0.99582,9.0736,-4.6784,-11.603,10.575,13.098,-13.143,-13.771,11.109,5.9001,-16.949,-4.3737,17.079,10.081,1.0961,-5.1225,-11.999,4.0141,11.303,-11.775,-13.921,-5.2664,-20.599,-13.311,19.936,30.682,24.043,0.49317,-29.186,-15.666,10.38,2.7778,-0.13531,3.8725,-7.1397,-5.5528,-1.893,-8.339,5.2383,11.749,-4.6889,3.5014,16.765,-0.11367,-7.4741,3.2613,-0.25186,-13.688,-15.037,6.8395,30.7,18.978,-14.793,-22.477,8.5163,32.963,8.6652,-21.692,-18.981,-21.897,-21.163,3.2581,-5.5839,-22.198,12.813,27.155,-5.6612,-13.069,5.776,24.374,29.381,1.9678,-17.057,-3.5085,6.1525,7.8997,-1.1233,-12.741,7.0836,15.682,-1.3919,13.601,14.144,-24.469,-20.816,-3.5745,-21.265,-20.861,-6.2424,1.4609,15.449,2.9105,-20.342,-5.7159,13.959,16.311,11.429,3.1199,11.965,14.042,-9.5782,-12.031,0.95838,6.2523,12.725,-3.0033,-5.2122,30.297,9.2042,-38.363,-16.977,-4.1769,-22.171,-1.5233,14.726,9.0046,9.3832,-5.4138,-7.9482,3.1752,-11.414,-3.2906,20.751,3.0515,-10.763,-7.5214,-9.5486,2.8416,-3.2426,-11.811,26.209,29.426,-8.9307,-2.1747,8.5804,1.2174,5.5355,-0.97666,15.53,28.249,-36.817,-53.196,14.762,5.7143,-32.207,-10.792,-9.8152,-0.46036,37.986,13.416,-14.394,16.458,22.427,5.9051,4.2209,-13.348,-21.804,-3.005,-1.7497,-9.5103,6.5686,21.675,7.2596,-11.909,-8.2352,-4.1309,-7.2119,1.0133,-2.2988,-12.126,9.7365,22.841,-1.1912,-9.5386,5.6831,9.3205,-2.2366,-10.336,4.3992,14.144,-7.1371,-9.9608,8.2082,-3.1192,-11.296,4.7254,0.06154,-12.115,-2.419,5.8961,-2.9739,-19.531,-16.001,17.158,32.169,8.8623,-7.8354,1.8888,10.009,-1.4539,-7.6984,5.9972,4.1912,-11.381,-6.7428,-5.8996,-10.549,8.1887,10.394,-10.185,-1.9116,10.246,-2.3517,-4.2656,8.1922,9.4395,-6.6625,-18.756,-0.84352,16.973,7.6353,0.27346,-3.0224,-2.5742,10.865,-3.7108,-27.496,-7.7536,4.1002,-2.8893,9.1984,-6.2647,-27.059,4.5145,20.573,12.852,25.164,7.2264,-15.955,6.5075,7.4477,-8.9574,0.76878,-6.6016,-9.2599,18.76,13.682,-14.3,-20.339,-14.764,4.4004,12.041,-5.1639,-0.169,3.2681,-17.267,-6.9445,6.2109,-8.7944,2.5093,13.889,-6.0617,-4.1761,2.6919,-7.5903,10.4,26.558,2.6625,-11.171,0.837,5.4218,-2.8541,-4.3137,11.181,13.213,-2.8249,4.5437,7.7606,-14.105,1.1978,22.576,-14.367,-33.242,-1.8394,2.2297,-19.365,-22.835,-8.4743,11.998,5.8281,-21.744,-12.083,20.093,23.267,7.3731,-8.8275,-9.7159,13.503,21.373,0.52209,-8.4977,5.0376,25.965,38.493,23.246,-5.0958,-14.716,-6.224,0.16295,-7.3224,-14.677,-9.9546,-11.756,-16.759,-12.911,-24.521,-32.347,-0.88504,17.112,-6.7898,-19.996,-12.649,-1.0501,13.277,5.827,-7.4217,15.097,36.404,23.001,12.485,21.284,31.02,28.621,11.948,9.7868,30.103,20.108,-19.657,-17.469,11.505,-13.962,-65.743,-62.522,-34.022,-41.024,-56.049,-45.703,-25.293,-8.3709,1.1683,13.125,40.159,55.386,43.032,38.831,55.526,64.771,46.202,8.2323,-7.863,10.277,10.53,-18.451,-24.039,-6.3195,-11.604,-31.877,-30.925,-27.183,-44.505,-43.013,-14.946,-17.236,-32.197,-9.1949,13.695,17.851,25.551,6.5728,-15.069,22.314,47.748,9.6901,4.32,48.809,49.812,12.398,-0.29133,1.8621,-2.5628,-0.38848,-2.4828,-24.84,-33.533,-10.739,-2.2656,-20.512,-18.041,3.6694,-2.8956,-25.719,-21.424,-4.6456,1.7171,10.647,6.6044,-10.506,11.507,31.983,-13.407,-30.454,17.979,17.636,-7.6099,24.145,37.632,5.6795,-1.9459,5.9623,8.4462,8.8481,-9.3145,-19.089,-6.1464,-8.7795,-14.902,-4.6585,-0.45679,1.1859,5.2226,1.061,-2.7015,-1.0518,3.6831,-5.861,-35.031,-24.02,24.762,22.382,-7.6941,-5.2175,-10.048,-15.518,11.475,14.655,-13.754,-3.281,37.676,34.248,-8.3248,-8.0683,17.871,-7.0071,-21,15.045,10.06,-9.7614,12.807,6.8496,-11.665,-1.5516,-19.943,-19.951,27.114,12.078,-32.309,-15.142,6.6097,1.8599,-9.8197,-20.759,-1.2932,12.438,-4.4726,4.526,3.8278,-28.318,-7.765,29.219,17.005,3.9365,-2.9179,-3.6659,17.589,15.659,16.238,37.386,-7.0424,-47.405,19.038,53.16,-9.816,-30.031,4.1796,-9.5942,-46.843,-21.63,19.785,-8.2336,-27.888,14.55,5.5825,-37.404,-4.1096,24.736,-9.6616,-18.483,8.8973,18.686,-3.7219,-22.118,14.573,41.341,6.1806,5.4089,28.757,4.5536,4.6774,18.322,-12.033,-3.9953,22.716,-2.1101,1.2389,20.521,-15.978,-33.674,-7.2661,4.1948,-7.7858,-36.539,-34.962,2.7857,-13.411,-40.901,-2.4562,6.8046,-22.906,-0.6417,19.004,-2.0235,2.3926,21.581,18.443,13.944,22.361,38.054,42.201,26.641,20.614,32.813,28.407,-2.2871,-9.399,20.509,5.8333,-46.665,-31.837,-14.022,-68.737,-68.204,-30.726,-94.897,-123.73,-27.282,3.8921,-31.622,22.942,94.573,92.123,85.156,89.661,70.723,53.921,53.808,45.202,15.274,-20.172,-36.706,-37.813,-37.09,-30.375,-33.107,-53.914,-53.956,-36.868,-44.667,-46.695,-18.545,-0.40302,13.946,27.037,1.8184,-5.7809,31.949,23.346,1.541,45.433,58.702,15.058,13.848,25.805,8.5804,6.5159,6.202,-2.9218,-2.8682,-19.298,-28.776,-7.9574,-7.0605,-12.506,-4.3335,-23.798,-28.891,5.1335,2.801,-16.171,-0.032419,4.9923,-7.7568,-12.947,-19.031,-4.1148,14.318,-6.5817,-5.6783,36.804,33.428,0.46894,9.6302,25.936,23.583,25.081,5.3821,-22.817,-4.8992,6.1973,-26.482,-10.746,32.562,-9.0587,-52.625,-6.7789,16.804,-20.63,-29.569,-9.2178,10.15,17.069,-12.55,-24.347,12.677,13.747,-11.172,10.929,21.852,-8.1964,-3.3416,29.287,28.858,6.4687,-3.7804,1.2851,3.531,-2.4612,-0.68887,-1.4675,-14.057,-10.283,-0.24168,-11.377,-13.581,-1.2981,-7.3046,-11.473,1.3219,1.8781,-1.291,10.348,14.373,1.4998,-11.678,-7.9176,14.119,20.744,0.60161,-10.893,-8.2256,2.4338,23.408,10.563,-27.224,-8.8542,19.855,-16.424,-26.018,25.176,25.166,-16.769,-15.85,0.01305,5.9694,16.143,-1.9188,-25.308,5.3507,23.447,-18.407,-20.198,24.628,10.682,-22.027,-0.91684,9.3629,-8.1689,-2.1303,7.5313,7.3253,1.7121,-20.441,-10.606,25.768,8.5658,-13.684,8.9257,9.0986,-0.25227,5.1449,-15.62,-8.6886,29.289,1.4087,-33.357,-3.9679,12.073,-3.8078,-16.108,-13.185,23.854,32.533,-19.174,-25.02,16.201,12.527,-17.223,-29.525,-7.761,32.427,18.961,-18.94,-2.538,18.561,12.047,4.7066,-8.2775,6.2465,32.268,-0.18671,-26.112,-4.1936,-7.3937,-13.174,1.3494,-11.777,-17.394,-1.2415,-3.4547,4.7078,15.872,-4.8513,-16.531,-7.1601,6.1195,19.379,4.7916,-5.279,20.374,12.115,-21.153,-7.8645,15.863,14.646,3.9525,-8.3884,3.5211,18.605,0.13883,-3.6194,10.697,-2.7645,-13.497,-13.84,-29.364,-31.602,-16.223,0.91295,17.672,6.8096,-2.8843,27.716,24.703,-25.893,-26.562,8.9216,6.6532,1.3727,25.568,24.144,-7.2233,-0.50708,17.736,-16.23,-31.67,5.4873,3.7637,-13.711,12.861,9.1762,-20.153,2.8424,28.649,16.675,6.2193,2.8984,2.0901,-7.64,-26.809,-12.38,3.093,-23.754,-26.68,-8.6919,-20.838,-10.453,11.337,-3.5708,10.612,35.152,2.7259,-2.3911,28.41,3.0566,-13.253,23.241,20.231,1.9948,27.582,23.52,-15.787,-8.4198,18.436,6.8863,-13.213,-14.206,-15.069,-24.633,-24.151,-9.8938,-13.689,-29.672,-11.725,9.2583,-12.498,-22.022,0.38116,-2.9194,-14.614,0.95386,7.5909,-2.7202,1.0015,22.437,40.982,36.586,38.991,68.621,63.371,30.915,39.109,31.633,-18.22,-31.046,-33.004,-57.17,-48.78,-47.86,-85.659,-87.84,-71.631,-76.231,-52.903,-16.924,3.4223,48.348,91.549,88.583,78.646,79.396,67.354,53.499,49.376,32.41,1.0708,-9.4602,-8.6481,-33.255,-49.353,-34.552,-30.351,-29.741,-26.324,-47.86,-46.087,-9.23,-12.454,-31.732,-19.249,-11.342,-1.8558,22.267,27.926,20.686,11.25,12.129,37.365,33.062,7.7809,27.891,31.178,0.63834,18.47,22.289,-22.373,-10.459,20.953,-3.6186,-18.787,-13.572,-18.69,-6.3258,0.61584,-25.501,-44.652,-32.358,-3.5381,-3.2055,-36.671,-24.799,25.567,24.448,0.23055,8.0549,13.805,10.343,18.359,24.568,18.998,4.0621,-0.44565,20.309,27.432,1.5678,-12.612,1.7505,15.538,13.178,-0.092675,-16.336,-24.726,-15.465,-12.083,-37.351,-43.36,-10.074,-2.7888,-17.403,0.69876,22.716,21.847,13.268,0.63711,9.9513,28.061,3.6711,-11.469,15.076,2.248,-30.475,-2.3094,32.675,15.787,-8.8067,-4.1011,10.592,3.3628,-7.1886,7.2757,-2.0369,-38.309,-17.32,30.965,21.31,-5.3221,-8.4693,-17.663,-23.703,-9.2907,5.0017,1.739,-13.381,-7.6312,18.843,18.526,3.7392,7.4695,0.75797,-10.417,0.2692,-1.4017,-10.486,5.8667,13.421,6.5977,15.325,11.313,-5.5621,7.1,18.072,-11.743,-38.736,-21.421,13.13,19.371,-0.060267,-11.535,-7.8985,6.4384,15.566,-16.895,-51.611,-15.466,29.967,11.635,-2.1542,19.008,14.326,-2.0248,0.58375,-11.164,-17.615,15.157,29.092,3.4454,-5.2393,-6.0665,-16.631,5.6085,27.096,-4.0009,-23.676,-6.9136,0.38003,15.319,19.969,-20.611,-24.004,16.366,5.3903,-15.625,-1.0125,-4.7234,-5.0102,7.0743,-17.734,-24.938,10.73,19.265,14.571,19.673,3.7971,-12.566,-13.444,-0.6904,24.808,8.0934,-21.89,18.094,37.76,-15.104,-23.968,0.63395,-7.5969,-0.29165,2.9577,-24.281,-12.947,7.7438,-12.46,-9.3616,13.807,4.2477,-4.2119,0.74376,-2.7441,7.733,22.317,1.9821,-22.404,-0.75824,32.371,11.622,-26.035,-4.5799,25.443,0.040416,-11.323,17.256,12.035,-6.8709,6.6242,-1.4355,-32.78,-31.602,-20.068,-11.118,10.256,5.5566,-8.6103,16.044,26.042,2.3701,-5.889,-12.559,-7.2907,26.867,22.367,-2.9967,5.6645,-9.4184,-23.688,18.178,24.806,-3.4653,8.5344,-0.89313,-25.809,2.0611,14.608,-9.8401,-19.049,-24.481,-11.344,3.9333,-21.3,-4.8976,36.608,-10.353,-32.637,34.819,32.19,-12.363,16.894,23.465,-18.761,-10.738,9.8298,-3.8319,5.9917,27.363,4.2045,-23.527,-14.235,-6.7044,-5.8521,16.634,19.45,-11.023,-18.448,-15.191,-24.226,-11.888,-4.3992,-15.765,6.5165,25.916,7.9754,17.401,30.606,-1.0855,-2.6285,28.987,8.4669,-28.377,-21.328,-8.0085,-7.3228,-3.0099,-2.6208,-0.25686,8.2103,8.3294,15.945,21.413,-14.678,-35.081,3.1458,7.9734,-23.689,-2.1648,20.305,-3.6975,-8.0795,-0.86583,-5.9083,4.7734,3.6779,-3.4548,13.527,8.4674,2.9475,25.237,-0.81355,-34.095,-3.2812,3.513,-17.991,1.6623,18.395,18.433,8.9258,-26.154,-15.667,22.852,-4.4328,-16.732,18.178,2.1954,-16.503,5.3249,-1.1042,-10.514,0.59126,-3.3274,1.1551,1.6936,-17.647,-2.0662,17.292,-5.1924,-10.05,12.026,24.003,26.028,5.893,-12.603,6.6569,18.512,1.2106,-13.508,-28.228,-33.806,-8.9996,15.208,8.1476,-12.689,-16.35,-1.7807,8.4919,9.113,1.7947,-4.3737,11.188,19.238,-1.2569,-2.4508,5.3561,-11.45,-8.7816,3.366,-5.954,10.713,25.837,-1.2449,1.8409,22.044,-4.693,-20.238,-10.313,-17.038,-1.252,21.541,-10.789,-38.008,-5.6899,16.528,-6.3478,-4.6785,30.725,10.391,-39.704,-12.165,26.776,-3.589,-12.51,18.907,20.997,14.777,4.9456,-14.012,7.1024,24.231,-7.9889,-16.832,-1.8594,-9.6742,-7.0096,0.84142,-8.6338,-3.2625,4.4737,-4.4039,0.21988,11.371,3.38,-13.036,-12.696,9.3879,11.24,-14.863,-12.391,3.4169,-9.4982,-11.162,5.4261,5.8384,6.0664,11.971,15.147,21.923,13.209,-6.1292,-5.4321,4.3947,10.604,3.8451,-23.483,-30.197,-6.0811,8.192,9.764,-0.90268,-12.107,9.6185,19.797,-7.8731,-13.056,-5.686,-12.389,-4.7982,-8.2039,-16.386,14.353,22.024,-12.778,-20.3,-6.9724,14.776,35.026,3.1109,-21.14,16.36,24.436,-4.2842,-3.2444,3.7432,7.0407,12.599,2.9566,3.5665,5.2359,-8.7999,3.774,5.9788,-29.022,-19.569,5.4323,-18.037,-20.545,-2.1558,-19.13,-21,8.3767,16.406,-5.4875,-34.317,-24.735,21.107,26.419,2.3081,12.765,28.586,26.146,30.538,34.546,29.759,21.635,11.529,12.682,18.52,2.0781,-34.727,-59.311,-49.105,-36.886,-50.025,-43,-17.083,-28.619,-38.738,-8.0152,11.037,17.432,41.208,48.131,37.107,45.229,52.354,33.792,15.838,11.851,-0.74587,-14.702,-3.9652,2.5137,-17.271,-23.632,-10.928,-5.5417,-7.5425,-25.376,-37.098,-10.232,-1.7743,-31.754,-29.981,-3.8784,9.3302,20.828,10.935,-8.8067,4.8423,18.898,14.178,10.584,-1.6811,4.7308,35.755,28.224,1.7614,3.3435,6.6329,13.72,14.132,-22.808,-29.273,10.741,5.8209,-20.888,-6.8774,-5.5317,-35.976,-37.223,0.37309,21.563,-7.1574,-29.947,4.6157,24.885,-11.503,-21.967,8.0142,13.757,13.681,34.279,31.98,7.1697,0.024529,-1.5898,-8.4092,0.69846,9.2524,-5.0059,-13.83,-2.471,5.1048,3.7249,1.516,-7.6338,-14.914,-0.88404,8.6681,-15.898,-21.724,17.286,13.292,-33.218,-17.709,15.802,-12.412,-26.373,2.986,11.881,7.6779,11.514,23.501,39.048,15.38,-12.691,10.951,6.976,-22.338,3.8753,-0.34305,-38.38,6.2201,27.017,-33.943,-20.622,19.761,-11.992,3.8661,48.461,1.4394,-35.723,1.9111,9.7264,-17.95,-21.051,-15.454,-11.396,5.0187,16.633,11.16,7.7901,12.444,9.9876,1.101,-11.57,-19.198,8.3231,35.884,4.9792,-19.876,5.924,5.4361,-10.928,15.878,21.883,-16.298,-22.953,0.024485,1.8447,-14.829,-18.358,2.6954,9.3723,-11.821,-8.3844,10.021,-2.1901,-10.66,-0.85595,-0.75451,10.94,24.78,-0.54979,-22.406,-3.3014,13.357,12.298,13.326,5.0321,-8.1083,4.1739,21.635,8.7804,-5.0061,1.5224,-6.0994,-23.48,-20.985,-11.506,0.87225,8.2379,-12.44,-15.416,21.331,24.601,-7.0769,-15.656,-10.099,-0.98145,1.096,-20.065,-10.785,23.604,3.6093,-18.572,16.791,32.371,9.9371,1.628,1.7481,4.8447,9.1792,4.385,10.052,11.447,-8.301,-10.03,-5.989,-19.651,-6.3971,15.937,-4.0086,-27.624,-24.886,-12.886,4.8438,5.3733,-18.732,-18.871,10.265,13.555,-10.546,-2.4625,29.201,11.342,-22.734,6.2236,33.857,6.1605,6.5992,40.993,28.361,-6.1466,-5.0786,8.3617,7.5302,3.962,-0.39128,-16.527,-26.47,-18.163,-23.552,-28.833,-3.284,-9.0583,-46.265,-19.889,18.231,-17.922,-42.659,-10.067,9.5746,15.993,38.479,45.141,25.619,21.218,40.063,38.927,23.157,26.085,11.327,-10.361,21.791,36.147,-8.544,-15.02,-5.6948,-50.314,-81.707,-73.285,-59.39,-46.759,-60.473,-60.214,-11.503,-4.7089,-11.874,63.874,116.47,83.693,66.469,65.342,40.726,24.825,21.565,20.289,7.7716,-25.543,-39.566,-34.48,-43.175,-44.953,-41.131,-35.381,-2.5286,12.765,-12.53,-22.137,-15.238,-9.5404,-0.42556,-3.9258,6.3271,31.453,13.323,-5.3767,20.011,25.993,10.086,5.5203,2.1613,20.655,31.627,-8.1631,-14.906,28.369,20.636,-15.569,-12.298,-5.4386,-9.4083,0.51764,-1.7435,-31.737,-40.719,-6.3542,13.198,-10.189,-23.15,-7.0136,3.4174,-4.0695,-17.926,-8.4066,26.052,30.627,7.7535,7.727,17.272,22.718,29.442,9.7147,-18.533,-9.4038,13.427,13.507,-6.084,-19.869,-9.6834,-2.7625,-10.645,-10.705,-21.514,-31.866,2.9939,27.911,-3.394,-23.454,-3.1204,13.221,5.1389,-5.49,9.1369,22.19,5.1917,-2.2272,3.7343,2.4513,19.858,21.134,-13.842,-3.0382,20.795,-20.614,-35.678,5.5243,2.9759,-17.515,-0.068343,3.4073,-7.8765,7.158,10.579,-16.874,-18.235,9.5942,9.0952,-2.3952,11.928,7.357,-13.826,2.6716,18.389,5.9118,3.4095,-3.468,-7.0855,15.608,1.2638,-32.923,-13.015,1.165,-0.5064,35.445,21.585,-39.559,-12.62,35.444,5.4748,-14.906,-5.84,-12.872,0.5097,10.479,-14.485,-5.1742,17.492,-13.645,-26.271,7.6727,3.9574,-16.157,7.4647,25.835,9.7924,-3.4294,-2.8764,5.1557,8.7147,-0.54902,1.6577,12.237,4.6563,-3.1059,-3.6634,-1.6632,23.375,31.82,-9.8969,-27.615,-9.2921,-22.557,-33.498,-3.5932,5.4526,-22.038,-27.697,0.40562,14.874,1.209,3.4712,19.552,10.255,8.0161,21.591,-0.99995,-24.418,-4.5692,12.207,11.599,7.8431,3.8654,26.653,42.499,10.007,-0.22455,28.868,22.456,-10.897,-31.229,-41.434,-36.497,-28.862,-36.586,-45.269,-39.037,-12.974,2.8029,-9.997,1.6067,24.69,1.5281,-0.60801,39.331,30.709,11.538,39.729,39.729,8.9547,18.81,46.837,46.69,21.466,-0.987,4.416,15.452,-0.92066,-30.385,-41.803,-30.807,-36.252,-75.42,-97.047,-88.148,-84.476,-74.309,-44.46,-2.0183,53.444,89.778,99.855,117.55,117.68,79.636,43.622,29.59,28.577,9.0568,-29.858,-26.749,-15.775,-53.917,-55.122,-21.064,-35.358,-29.795,-7.3637,-50.951,-59.685,-5.8639,-10.272,-29.861,-4.9508,8.2014,14.557,19.82,12.276,27.558,36.86,22.676,32.257,29.109,6.1026,27.687,37.248,-10.837,-29.427,2.4905,22.534,14.918,0.0096179,-10.545,-19.728,-21.237,-19.457,-35.242,-31.873,1.7963,-3.7996,-25.491,-10.469,-6.6159,-10.614,-2.78,-17.937,-7.9228,31.972,19.576,3.658,19.72,9.4035,11.781,28.673,6.3469,9.8123,35.515,16.292,8.4756,11.418,-15.554,-12.445,1.4101,-16.469,-17.407,-20.079,-27.484,3.315,1.525,-31.933,-7.603,6.5256,-28.319,-20.927,10.852,10.197,3.0053,3.1448,8.7476,9.0178,-0.62635,12.172,22.744,3.4664,8.1438,14.353,-14.606,8.1516,60.683,26.596,-24.016,-9.8408,-8.9421,-29.159,-16.864,-16.05,-28.156,3.245,20.199,-20.285,-28.153,10.594,14.71,-0.57298,9.192,12.863,-3.6348,-10.844,1.3027,7.2617,-10.443,-10.669,20.406,16.671,-17.486,-15.391,4.5244,10.815,18.917,23.73,16.653,-1.3096,-16.522,-3.7418,4.6062,-12.742,-11.632,-5.7405,-4.5677,25.06,16.532,-36.668,-23.832,6.5388,-12.408,-1.3759,13.758,-15.891,-9.4764,19.835,8.7322,-8.6536,-17.172,-6.3038,27.718,23.09,-3.6505,-1.7451,-4.5907,0.24453,21.808,9.6917,4.4885,19.626,-11.282,-32.417,-5.2388,-5.1663,-9.0836,10.992,-1.1705,-6.8206,19.243,0.51822,-30.099,-6.2625,8.8248,-9.8515,-10.405,-1.336,3.3593,15.523,6.0913,-16.031,3.4069,23.633,-5.7267,-16.435,18.581,27.442,3.3913,-7.9693,-2.288,6.893,1.8483,-13.349,-9.1847,1.8094,-3.0997,-11.537,-13.91,1.8875,18.931,-5.3686,-25.421,4.1755,19.449,0.17002,-11.914,-9.7197,18.482,37.139,-5.0844,-28.54,4.055,3.3374,-12.457,4.6266,-4.788,-18.676,19.159,27.707,-18.914,-16.458,24.869,7.8764,-19.35,12.546,18.925,-22.518,-18.162,0.62974,-9.5092,13.43,24.52,-16.866,-12.299,14.919,-7.0963,-8.7634,10.159,2.0826,3.7707,-3.5762,-22.228,-0.30816,8.1516,-2.0626,27.04,18.725,-25.253,-3.292,14.14,-16.883,-14.564,-8.6375,-17.599,15.626,32.215,-3.4685,-10.305,11.73,8.5042,-5.4811,-2.3733,10.734,5.8558,-16.631,-18.395,-1.6088,1.478,-3.5244,0.31927,12.858,18.488,0.54456,-18.352,-8.4582,11.633,13.092,-2.0576,-14.009,-10.985,-0.82352,2.6971,-7.9646,-17.225,-3.3121,7.2589,-0.18704,11.44,19.737,-3.0456,1.9792,23.226,-0.22229,-15.907,5.1413,12.748,10.872,0.47206,-20.545,-1.1547,21.102,-16.378,-33.698,-1.5156,-7.6511,-25.45,10.204,26.76,-10.026,-13.877,15.414,4.3352,-17.626,-4.3603,11.258,17.276,15.772,-0.53252,5.6078,19.053,-10.447,-20.237,9.0988,-5.1676,-23.133,13.54,27.345,-4.6363,-16.716,8.1708,31.335,6.3214,-31.439,-18.467,-2.6278,-7.9872,2.2151,-13.898,-34.298,8.6145,21.745,-23.843,-10.791,35.287,28.561,-2.5194,-14.82,7.4895,26.536,0.031357,-10.914,5.9762,-5.2781,-2.7828,12.322,-15.516,-19.521,15.032,9.4857,-4.966,4.31,2.0404,-1.2091,1.3574,4.4916,10.721,-5.5624,-9.8378,23.92,7.8379,-45.072,-34.318,-3.1992,-2.3393,-4.4442,-24.716,-32.624,19.242,44.899,2.1349,-12.914,19.052,26.824,3.896,-5.8119,13.908,33.165,16.84,-1.0305,21.829,24.036,-23.045,-21.925,21.008,-2.356,-42.534,-26.527,-19.029,-26.297,-11.326,-9.5966,-10.583,-0.78781,-14.318,-13.126,9.0934,-3.391,-8.3326,13.455,9.5119,7.4429,17.307,10.323,23.949,46.789,40.523,35.179,21.057,-3.1362,5.5844,8.1672,-10.748,-5.5752,-8.7577,-29.993,-31.305,-35.075,-37.93,-29.927,-41.905,-40.352,-21.745,-36.29,-29.662,15.712,18.684,4.1198,24.515,50.382,71.14,75.561,51.794,36.145,32.267,23.367,19.695,3.6848,-32,-48.728,-30.92,-10.661,-24.916,-45.858,-32.493,-32.332,-51.166,-24.185,3.9038,-8.2863,-3.1367,2.426,-9.2512,10.12,18.656,1.9826,33.061,60.511,20.642,-3.6721,27.058,47.391,25.095,-1.5364,5.8682,12.914,-6.6855,-11.603,-15.796,-42.147,-33.993,-8.3228,-21.881,-27.017,-7.1496,-1.0747,10.194,14.039,-19.666,-30.518,2.2583,11.837,-2.9454,3.5842,19.692,20.78,12.331,0.64395,-2.5579,10.153,10.515,-3.0257,10.579,26.186,2.7365,-10.505,4.5741,0.8235,-6.6607,2.4856,1.2376,-2.2578,-1.9839,-15.464,-18.775,-3.7667,-5.2,-19.64,-16.3,1.2567,0.53963,-16.096,-2.7232,23.546,7.8356,-9.0265,10.328,8.5831,-18.074,-6.1957,36.201,42.645,-1.9251,-27.405,3.9219,18.115,-9.5194,-5.5993,16.239,-3.2514,-14.822,17.805,24.245,-14.086,-22.284,-1.1665,-13.046,-23.987,-1.9306,-4.4911,-14.723,8.0513,3.3509,-19.459,-1.7065,10.56,1.6859,-1.2507,-6.3939,18.963,39.672,-7.6459,-12.271,34.843,0.36251,-22.434,25.852,5.283,-22.348,23.826,13.66,-35.265,-27.841,-12.48,3.6347,12.532,-14.717,-1.776,26.021,-13.266,-24.306,13.592,5.6634,0.2251,26.667,8.303,-34.765,-29.909,15.478,29.677,-9.0022,-15.091,17.031,5.9744,-5.7184,7.9808,-10.607,-9.9021,18.674,-3.1779,-13.142,17.812,8.2293,-2.8317,10.913,-8.8062,-19.907,1.825,5.5792,1.086,-4.7991,-5.8636,20.102,15.009,-19.213,-1.6935,13.666,-22.658,-34.772,-9.3474,15.811,20.831,-11.612,-21.243,15.778,14.987,1.6473,27.058,6.7548,-41.166,-12.035,29.287,8.4238,-10.101,5.0387,18.543,15.167,-3.4555,-15.971,-4.0316,5.3592,-7.8647,-17.809,-10.69,-3.2836,1.4265,5.2853,-2.3844,-10.068,-0.14585,10.286,4.4054,-7.7781,-8.7466,5.1292,12.685,12.436,19.969,3.2267,-32.519,-14.146,26.851,11.008,-17.17,-10.736,-0.041682,0.38834,-7.9078,-7.4075,13.507,13.044,-4.8731,-1.3244,-1.5417,4.6067,32.371,12.041,-31.518,-15.64,6.1472,-1.6503,1.2301,-4.4953,-16.797,-7.3583,-3.497,0.044279,15.066,10.38,2.2244,-0.39251,-17.276,-9.2619,15.335,-3.9758,-20.549,8.0558,17.195,-4.4689,-0.32392,18.917,10.864,-4.3771,0.61614,3.8459,5.2313,17.838,9.0001,-9.3861,-4.4348,-16.861,-26.889,8.9456,11.667,-16.513,0.55537,-3.3261,-28.377,2.5523,2.0162,-36.052,1.3729,30.017,-7.3723,-2.5712,17.232,-7.0005,-11.247,11.501,29.234,32.878,6.4611,-2.3935,26.793,28.593,9.644,-4.3809,-33.186,-36.727,-5.9951,1.2492,-8.157,-18.991,-33.45,-20.157,2.3758,3.9896,7.5961,1.1092,-12.954,6.8151,20.56,-1.9135,-5.0059,10.12,5.0348,4.4163,22.559,24.024,-2.1483,-14.345,5.1829,7.6917,-12.347,1.2892,26.378,9.5686,-8.9428,7.2338,15.015,-8.1363,-22.323,-11.767,-13.74,-24.428,-9.7905,-5.6952,-24.379,-10.268,8.0267,-7.5248,-2.6086,8.0099,-12.536,-3.9201,21.424,9.683,13.721,33.99,16.955,3.2835,5.3232,-5.4302,6.6598,24.187,4.7509,2.2488,21.123,9.0467,-0.0019547,4.68,-18.24,-32.448,-17.45,-20.851,-32.339,-27.09,-28.146,-30.514,-22.688,-17.062,-6.0124,4.1526,3.0277,17.309,36.159,38.905,58.07,67.563,28.015,9.3585,26.874,15.243,3.218,6.1738,-21.353,-34.38,-18.457,-39.628,-55.216,-27.544,-26.897,-36.893,-8.4223,7.4455,1.3179,12.062,18.734,1.057,-23.39,-20.142,24.413,48.404,25.33,21.709,32.131,8.7422,-7.0135,7.2243,17.38,18.353,2.9123,-23.41,-24.16,-13.014,-10.916,-3.4207,-7.3604,-17.184,-1.4882,-2.852,-26.882,-1.8643,31.32,-1.99,-32.359,-7.3,12.488,1.1292,-15.819,-21.548,-0.25195,28.849,26.458,10.148,13.964,22.018,11.042,-0.75155,11.246,18.91,-7.0363,-21.197,-4.6901,-11.091,-24.265,-3.1994,4.5593,-5.4472,4.9858,-6.278,-29.478,-1.3516,18.909,-8.2487,-11.003,6.8128,4.7556,3.4447,-3.223,-11.648,5.3594,15.947,17.834,30.245,0.8845,-42.164,-12.805,23.05,4.5311,-2.1965,0.46098,-17.523,-1.1306,32.276,12.277,-18.076,-10.181,-2.8338,-4.1041,5.9644,2.1902,-12.907,-3.0241,7.6339,-5.725,-7.7778,1.2785,-4.0196,-3.7413,1.7614,-0.71954,10.11,14.013,-8.8689,-11.862,1.3299,-1.7238,5.3903,8.1219,-11.438,0.4924,22.238,1.0038,-10.181,4.9732,5.3009,8.129,8.7214,-8.7814,-4.9871,8.1073,-0.069495,-7.5469,-25.583,-37.545,7.2977,35.221,-5.3395,-18.38,10.796,16.654,11.413,-5.0198,-30.894,-8.0115,25.197,3.2909,-6.1405,18.608,2.1163,-25.282,-0.50573,24.274,8.2773,-8.5985,-3.6823,8.8054,7.047,-17.599,-28.798,-3.9033,13.991,10.899,13.813,3.2215,-13.827,9.0044,19.762,-19.965,-22.966,13.039,10.121,-0.33393,-1.6037,-24.343,-15.599,12.256,-11.8,-16.666,25.083,19.396,-8.1994,-8.5215,-10.78,15.812,41.815,-9.0465,-31.067,26.493,24.784,-23.116,-8.7507,16.653,3.0742,-9.3637,-1.4879,11.445,-6.0728,-31.537,1.0475,28.97,-15.351,-41.512,-12.848,3.9993,3.8877,-0.72873,-5.5386,6.6718,9.7026,4.3336,21.334,24.475,8.6637,5.2624,-12.621,-22.476,6.523,13.367,7.4672,18.529,-12.391,-33.046,12.256,5.5779,-35.89,7.24,32.81,-22.313,-32.155,-0.83201,-4.2145,-4.0206,10.974,18.968,27.259,2.4488,-41.465,-20.819,28.903,17.793,-9.3688,5.0699,9.9725,-11.945,-6.4833,13.008,6.772,4.3557,4.1972,-19.745,-13.606,22.965,9.82,-20.197,-11.14,-5.0939,3.3079,27.094,9.3532,-21.051,-6.9432,6.9014,2.4314,-0.83899,-10.764,-5.8117,3.8114,-12.25,-3.4357,18.89,-10.554,-25.092,8.417,10.179,-1.3787,13.317,12.657,2.5878,-1.4414,-8.605,5.4568,11.75,-11.628,4.5002,29.128,-10.961,-31.502,4.4492,13.479,9.3428,18.65,-6.8176,-29.332,-2.2629,2.3585,-31.239,-22.963,18.751,23.561,-5.2781,-22.088,-5.3758,21.508,10.876,-15.328,-1.3931,10.751,-11.122,-7.352,12.33,4.4476,4.7021,11.459,9.7357,27.183,20.016,-12.621,3.1092,4.0538,-30.527,0.39854,11.394,-49.211,-20.099,39.403,-10.441,-30.128,17.48,6.1303,-12.926,-1.9085,-13.958,-0.61523,24.449,-11.207,-29.707,14.995,31.423,0.22059,-12.398,6.4333,13.391,-0.45324,-0.049577,5.8583,-1.8192,5.8463,18.755,11.767,7.9617,0.85505,-9.1918,7.4771,11.28,-9.7038,-3.6847,-1.629,-25.639,-23.859,-11.404,-13.806,-8.883,-11.03,-17.405,-8.6588,-12.867,-17.564,5.2831,20.602,17.293,10.928,4.3779,15.618,23.442,5.7978,12.419,38.353,31.459,21.862,31.727,29.274,11.477,-12.992,-25.18,-10.478,-10.712,-36.18,-51.406,-66.425,-73.064,-54.277,-58.197,-66.332,-14.645,36.37,39.275,51.002,68.206,66.548,80.423,85.896,49.293,22.496,15.637,-9.8245,-24.905,-12.731,-18.946,-42.581,-44.822,-27.17,-13.437,-22.253,-40.547,-28.744,-9.3358,-28.221,-31.891,16.556,30.95,-7.4057,-5.5241,26.202,16.036,5.4204,28.344,26.722,7.9984,19.03,17.785,-1.9217,22.486,45.276,1.2831,-34.966,-16.665,-0.6585,2.4413,1.725,-19.902,-23.773,6.0537,4.0118,-29.898,-38.183,-27.103,-12.389,8.194,9.4842,-3.2851,-0.66844,0.59082,-2.0153,15.209,23.543,4.0117,0.88278,25.202,35.95,16.152,-10.335,-9.9416,9.6447,7.2817,-9.2122,-6.3036,0.043441,-10.822,-25.059,-21.539,6.657,23.316,-0.20895,-16.362,2.5659,16.673,10.895,-9.0049,-29.908,-20.042,-6.2381,-14.206,4.9993,21.322,-16.735,-14.453,40.488,23.246,-19.751,11.283,31.402,-2.0504,-12.339,-3.9235,-2.0131,18.246,25.59,-5.8413,-25.574,-17.796,-9.2902,-1.6379,0.70933,1.5759,16.238,14.79,-6.6903,2.1435,10.404,-26.634,-36.384,3.6358,11.272,-12.688,-20.201,-16.49,5.2651,32.618,20.049,-0.83797,10.011,9.0034,-11.637,-4.9478,11.61,1.4938,-1.7315,21.042,23.009,0.14377,-8.3348,-17.732,-26.834,1.8566,18.144,-13.086,-18.944,-1.3686,-12.163,-5.5146,22.318,9.4955,-13.138,-2.1326,8.624,-2.3569,-13.062,-2.8284,7.8027,-3.6844,0.21746,18.899,2.295,-7.24,20.05,13.856,-12.511,0.56582,10.688,-6.907,-15.145,-8.9534,1.6826,3.2356,-11.639,-12.166,7.6511,14.491,3.3177,-6.0416,1.4797,13.421,2.6759,-10.073,2.4024,10.429,-6.7447,-27.126,-24.182,2.852,11.905,-7.668,-1.6339,27.479,22.56,-6.5176,-14.875,0.46596,16.972,17.731,1.9749,-17.63,-18.227,-0.84798,-4.1123,-15.491,4.2121,12.432,-1.6914,14.936,22.367,-7.2227,-9.6425,-2.2502,-17.066,-7.8612,4.9869,-8.61,-7.1204,2.8191,5.6141,17.207,10.618,-7.6956,-1.1715,3.1954,-2.1946,-0.68215,-9.4484,-9.7744,8.6164,6.0855,-3.4481,2.3693,-2.6421,-9.7713,-3.0775,2.6433,10.074,11.964,-2.7282,-6.6561,4.7307,3.3152,-3.6287,6.8853,17.63,1.0039,-17.75,-10.502,-8.4873,-11.883,8.3642,9.2697,-13.13,1.4619,11.515,-14.519,-4.6537,15.681,-12.799,-20.166,12.783,16.588,3.3214,4.3508,2.9878,5.4644,14.963,10.167,-6.9427,-18.93,-12.703,3.8165,1.1612,-11.851,-4.1889,4.7325,-3.8295,-2.9922,11.496,16.182,9.4772,-2.9609,-14.52,-9.4318,6.1072,7.5852,-7.9923,-17.239,-1.4958,13.388,-2.9706,-13.753,5.7426,12.207,2.9575,2.546,-6.3241,-8.1761,8.8139,-0.45434,-19.154,-7.5114,8.6379,24.552,24.545,-14.476,-16.947,22.289,10.777,-9.9739,1.008,-9.2656,-4.2946,14.084,-16.432,-17.594,17.773,-7.8534,-20.399,14.766,-1.1257,-16.362,15.248,9.7337,-13.827,-11.31,-11.39,-1.8595,8.2999,-0.24557,5.319,6.3014,-3.359,15.559,17.711,-7.1313,1.8024,10.312,2.5088,24.306,28.298,-9.4611,-20.545,-1.2855,6.6264,-7.0305,-28.877,-25.117,-3.9487,-5.4096,-20.379,-26.979,-13.217,18.479,22.694,-1.597,-5.8809,0.68788,1.1401,6.3967,8.5809,9.4324,6.35,1.3469,27.032,42.091,4.9453,-4.6284,19.134,3.9973,-6.9727,7.6982,-1.6269,-9.5659,-9.4833,-28.989,-29.574,-12.25,-16.779,-26.347,-31.541,-33.046,-21.344,-8.0409,11.018,24.149,13.884,27.566,48.31,22.204,19.726,45.38,19.957,8.9868,33.484,3.5113,-26.981,-7.0637,-6.9458,-19.252,-22.506,-36.126,-26.397,-12.674,-29.683,-21.972,-1.1066,-8.152,1.6497,11.506,-11.619,-9.0381,15.246,15.375,22.263,40.394,32.498,7.9608,-4.917,1.3652,8.4675,1.614,-3.0921,-2.8496,-0.12259,11.579,-0.9566,-35.392,-26.959,4.4799,-0.4562,-12.072,-2.0922,8.2833,9.2709,-2.1333,-14.314,-10.261,-7.4362,-9.6905,2.7551,12.959,2.1243,-7.9238,-0.6408,11.649,13.844,7.2408,6.7737,16.938,13.278,-14.663,-20.177,9.6634,8.753,-15.105,4.1626,21.097,-3.3865,-8.8984,0.64552,-3.4055,6.1131,-0.6694,-30.686,-15.977,10.182,-4.8314,-9.5256,1.8441,-2.0823,-2.9498,-6.3823,-8.9801,16.507,31.136,9.0067,-7.0475,1.8729,19.735,15.902,-18.95,-28.214,1.5273,6.6157,-10.276,-4.8634,6.5343,5.1905,3.9048,5.1747,5.9342,9.1409,8.1456,-6.6482,-16.571,-5.8253,-4.3274,-12.016,4.5102,8.4574,-19.127,-17.501,2.7632,-2.0001,2.306,18.165,15.224,9.2539,-0.56463,-10.634,5.0263,11.752,-10.039,-13.697,2.0351,7.1788,0.15623,-12.12,-5.522,19.261,18.288,-1.5925,-2.5575,3.5102,-4.5169,-16.336,-6.2878,19.654,10.831,-25.695,-22.767,7.8092,6.333,-18.715,-21.511,8.1056,27.546,9.9504,-0.79991,10.196,1.4163,-13.899,-5.043,6.7365,9.1453,6.8168,1.0076,0.4064,-3.9259,-12.133,-1.2955,8.8309,-3.0473,-5.8816,4.4301,3.0709,0.034297,0.61002,-10.575,-17.509,6.3283,35.342,21.429,-18.929,-29.559,-12.603,-3.4662,-0.32023,6.6758,7.0381,-3.6385,-11.186,-2.3546,12.111,16.318,10.166,-6.1844,-16.745,-0.18134,15.773,8.3462,6.0591,8.0141,-6.521,-11.554,4.1715,9.2033,-1.5251,-8.1004,-12.691,-22.603,-18.965,0.82405,1.2005,-9.6727,8.0654,26.162,16.083,11.635,15.253,4.3321,-9.9478,-17.509,-10.849,6.2552,4.7537,-7.028,-6.4363,-6.2028,-3.8165,3.6304,4.9285,11.848,9.9489,-11.709,-10.685,-0.62239,-12.728,-4.5013,13.121,0.099444,-2.991,8.7488,4.3562,4.6376,8.1682,5.1581,6.8195,-4.6873,-10.324,9.3253,-0.12827,-20.274,0.5756,5.3738,-13.338,-2.3112,1.1251,-14.225,-7.0152,-0.7632,2.4115,21.256,8.1007,-24.141,-1.845,30.756,3.7229,-17.818,14.233,20.231,-14.834,-10.411,7.3602,-10.338,-1.4457,25.781,7.1211,-9.6143,-6.8075,-22.219,-12.941,14.922,6.4123,3.7125,11.279,-15.873,-25.353,6.0254,17.732,0.81113,-16.187,-11.034,11.893,8.3875,-12.483,-10.105,1.5086,14.727,18.009,-7.6708,-14.394,4.5653,7.2979,22.082,22.763,-24.703,-13.44,39.198,4.6417,-27.508,12.947,7.5242,-27.661,-10.677,2.4765,-5.4309,-2.903,-6.9182,-4.6516,3.6595,-14.069,-26.944,-11.743,5.3091,15.807,12.386,1.0142,0.55098,-3.5154,5.0048,36.654,20.628,-23.604,0.53053,33.039,0.13044,-16.906,11.626,21.145,10.015,-0.92061,-14.29,-13.447,3.1888,10.287,-5.0466,-32.184,-40.298,-25.653,-21.543,-23.655,-10.827,-2.5958,-5.0538,1.9589,19.439,33.255,21.512,-0.15901,22.195,50.633,18.652,-0.92594,29.242,12.609,-25.638,9.9955,42.853,4.1181,-26.41,-17.39,-9.0717,-12.263,-32.97,-45.42,-19.522,-13.886,-46.803,-38.41,-2.9925,-7.7271,-11.043,13.448,20.212,17.155,22.554,21.456,29.403,39.862,29.501,34.516,49.914,25.737,0.62582,6.2315,1.9511,-5.064,-8.3829,-33.582,-34.914,-3.4376,-19.095,-61.827,-58.797,-39.655,-39.649,-41.971,-37.072,-15.003,20.283,43.828,52.23,51.487,48.997,49.735,34.318,16.511,32.609,41.11,3.4082,-25.181,-15.442,-9.395,-18.17,-13.659,1.1236,-7.1488,-31.309,-32.676,-26.822,-37.534,-33.322,-15.053,-5.9364,16.924,29.376,-8.6276,-24.334,20.461,36.03,5.6908,3.5357,20.384,12.386,7.0212,17.366,6.9792,-4.0637,24.356,36.214,-3.3,-13.668,12.789,-4.7349,-28.834,-2.5244,3.0727,-29.119,-28.091,-11.848,-18.307,-18.093,-12.018,-10.74,0.56256,-1.9169,-12.44,15.086,36.896,13.895,7.0204,16.767,0.60479,0.96514,21.97,7.878,-9.6726,9.5216,16.377,-7.7011,-6.3559,21.975,2.9522,-41.229,-11.765,28.929,-10.201,-31.458,-8.6814,-19.436,-0.36423,32.564,-18.172,-28.297,29.589,3.5613,-15.213,27.011,-14.328,-41.884,19.688,9.5896,-12.86,29.646,5.447,-18.052,29.561,15.06,-2.3677,40.038,8.676,-37.866,-4.2135,4.6775,-8.5098,15.778,19.443,-10.669,-39.821,-31.666,14.134,3.3967,-32.635,4.7478,7.6514,-38.204,0.11197,23.844,-25.269,0.84469,49.68,15.753,-1.7518,21.132,13.447,-6.3115,0.80705,23.72,4.7374,-41.903,-12.551,32.4,-7.7885,-24.079,10.305,1.2082,-8.1058,-12.589,-38.847,-2.301,35.729,-5.9274,-1.7832,31.729,-1.2236,-8.2403,-5.4864,-42.093,4.2973,53.14,-24.127,-44.782,25.831,13.001,-14.759,19.702,25.299,21.058,27.85,-10.532,-31.969,-0.18043,5.2757,-7.932,-1.5954,-9.665,-19.645,-0.040213,8.8058,-10.168,-13.183,-1.1121,-8.6996,-9.5145,12.71,6.7891,-7.1844,23.746,31.648,-4.727,5.6674,28.361,-8.5793,-31.055,-10.684,-12.306,-22.843,-4.7934,18.971,12.284,-17.566,-6.9964,33.437,12.748,-20.784,16.008,32.545,-12.945,-23.95,3.1544,3.0706,-20.592,-20.741,21.781,35.354,-18.555,-32.053,13.346,6.0251,-25.864,-6.1615,16.13,9.7014,-3.3332,-11.12,3.9325,18.482,3.4191,-9.6871,-10.793,-7.0633,10.433,14.491,6.9554,12.648,-2.5202,-16.864,12.37,14.256,-12.616,7.9211,15.043,-24.297,-22.006,5.1348,1.325,-0.37345,-1.1564,-15.948,-17.941,-12.816,-4.5286,9.9336,4.7202,3.1239,21.555,9.8831,-7.1554,12.285,9.8255,-9.0461,10.639,16.355,-9.8432,-11.903,-8.2119,-6.9826,15.623,10.343,-16.645,-0.96785,10.083,-8.2405,5.9995,15.311,-16.956,-17.605,6.8648,-1.2489,-7.7446,-0.21102,-8.5643,-9.7536,4.175,2.7649,-10.471,-12.33,3.0793,12.955,-0.87335,-4.3718,16.923,23.471,14.448,8.1422,-5.7568,-15.074,-10.046,-1.7564,13.912,14.07,-7.7565,2.6945,21.223,-4.6348,-11.623,8.8091,-13.305,-27.83,-0.78374,-1.7264,-6.4298,11.889,-12.057,-34.639,-1.6861,-0.59172,-27.366,-2.9184,18.709,9.15,13.981,5.8657,-1.0669,30.708,23.262,-13.426,12.867,25.188,-13.398,9.3863,42.972,-1.9213,-17.811,18.863,6.2841,-19.161,-9.2879,-17.552,-33.512,-26.954,-30.238,-28.022,1.3681,4.7943,-23.181,-24.658,-6.7064,-6.3825,-7.2425,8.7609,24.616,27.305,27.698,38.145,39.782,23.008,30.977,55.156,28.449,-6.9684,11.896,15.264,-15.813,-15.182,-19.956,-55.124,-57.317,-48.153,-63.687,-58.429,-39.878,-42.687,-44.272,-28.224,10.007,56.824,74.653,76.509,77.498,56.22,43.166,55.247,39.312,-0.52653,-9.0816,4.1779,-12.393,-44.762,-22.205,10.727,-42.793,-83.574,-29.156,-13.577,-47.329,-20.908,-1.0808,-22.11,-2.1533,20.798,13.6,29.626,38.996,13.111,3.5507,17.282,12.434,-15.039,-10.792,32.956,32.861,0.52937,9.43,7.3175,-12.62,12.336,14.124,-19.062,0.12128,14.025,-20.721,-28.641,-15.067,-13.008,-20.607,-37.643,-12.88,25.086,-11.464,-34.133,8.8849,4.2478,-17.242,23.696,44.892,21.158,11.749,7.9446,1.7676,4.7491,4.9807,4.4558,13.352,22.797,3.4647,-34.393,-17.315,30.434,7.0802,-36.348,-14.126,10.621,-2.3328,-7.4058,-5.1949,-15.897,-17.701,-1.2937,-1.7223,-16.524,5.6698,24.269,-16.056,-27.108,11.749,3.6492,-9.5783,22.54,26.554,12.445,13.643,-1.459,4.1941,29.34,10.049,-6.1987,6.488,-6.64,-14.998,6.6273,8.4862,-15.96,-34.539,-18.732,12.518,1.5139,-19.019,-9.5536,-19.434,-21.934,14.482,6.8065,-27.534,-5.3517,25.189,22.199,10.452,-3.4019,3.2213,25.336,24.868,16.485,10.061,8.6035,27.381,11.043,-38.496,-21.432,15.739,-15.706,-40.099,-19.455,-5.8468,3.1626,-3.3614,-28.466,-13.346,17.064,7.4827,0.78491,5.4883,-7.2139,1.5531,20.646,-4.2565,-19.453,15.712,28.056,2.7587,3.9516,20.102,8.8257,2.8831,22.496,13.758,-27.571,-26.206,15.866,18.715,-12.075,-17.281,-7.6978,-11.932,-22.772,-36.315,-46.049,-33.646,3.2292,38.089,36.782,16.104,16.481,19.052,12.153,18.492,13.544,2.427,12.092,-18.177,-52.058,15.762,50.997,-33.643,-40.592,33.52,10.298,-28.38,2.2449,-3.354,-27.944,-4.8626,12.951,15.635,19.268,5.5145,0.22922,-0.64662,-19.966,-13.978,0.26156,-21.526,-19.708,8.9709,-0.40965,-9.7504,8.3888,11.685,14.141,24.07,23.754,36.995,36.903,-3.8871,-21.67,-20.615,-38.315,-26.38,-5.6012,-10.121,15.958,21.566,-23.951,-3.669,21.573,-33.736,-20.378,31.83,-16.396,-24.475,31.954,-0.6399,-24.132,23.463,23.393,19.999,33.594,-15.645,-34.711,10.49,8.7522,-7.9332,2.6579,-2.7952,-2.3441,-1.4863,-15.594,5.8603,22.616,-7.9115,-15.606,-2.844,-6.0139,8.6834,17.402,-9.0089,-22.453,-13.522,-1.4439,14.288,11.504,-10.633,-18.057,-4.329,12.368,11.477,-5.1155,-7.1207,11.808,27.036,18.086,-6.7318,-8.5855,10.322,7.3217,-4.9674,-5.0963,-13.13,-14.444,4.9778,8.6035,-6.3481,-8.8928,-1.8276,-3.9976,-14.663,-11.052,10.362,15.069,-3.7112,-15.655,-8.9296,6.9998,14.034,10.994,14.065,10.18,-1.6002,-0.37536,-9.4816,-17.384,12.255,14.386,-22.041,-6.4357,20.179,-4.157,-9.4161,9.4445,6.3826,3.8527,-3.3986,-8.5471,16.289,9.6561,-30.982,-24.817,-3.7786,-3.7574,7.638,2.2686,-9.5985,18.125,19.283,-17.847,-7.7431,15.767,0.33554,2.5948,23.251,4.0726,-25.852,-9.0543,17.699,-5.1994,-26.482,6.7644,20.194,-6.3389,1.7444,12.818,-4.2175,13.314,27.41,-10.924,-25.778,-12.214,-18.23,-12.595,-1.7596,-5.7995,5.194,8.7298,1.3457,14.338,-3.7797,-33.558,9.8913,39.045,-7.4049,-11.068,31.181,21.021,-10.954,-14.407,-8.2121,-1.6256,4.6905,8.9107,3.1348,-20.889,-25.012,8.2612,23.598,4.6024,-7.2653,-3.1015,-1.4123,-6.579,-6.4131,1.4423,-2.5954,-13.798,-8.469,3.9641,9.9661,11.489,6.521,5.0346,9.3958,2.5965,-7.4398,-4.9666,1.1425,-0.99321,-8.8884,-3.5078,9.7696,0.88161,-4.4936,11.259,-3.4903,-23.041,12.55,33.529,-3.1598,-21.769,-4.2244,7.773,6.0684,-5.7036,-11.807,-3.4208,0.10332,-3.2666,-10.189,-16.137,4.6631,28.79,7.5789,-24.271,-13.557,15.492,15.282,-3.4189,2.8073,11.875,-13.995,-20.202,14.089,18.388,1.7564,12.539,14.572,-4.5596,-3.9125,8.4463,-3.39,-28.791,-19.071,14.76,5.2941,-20.689,-7.3918,-2.7807,-14.93,-2.5401,3.1328,9.7772,32.101,3.7044,-30.389,4.2285,17.159,-7.841,5.8281,4.3535,-22.659,1.0099,21.151,-7.1287,-8.686,22.968,26.113,-3.31,-15.476,13.719,20.628,-21.236,-22.942,15.908,7.7548,-16.217,-8.0579,-10.447,-23.422,-13.225,0.46268,-3.2341,-9.4628,3.4915,22.672,14.73,0.31175,2.108,-10.66,-15.653,18.011,23.426,-6.7457,-1.5558,7.5368,-5.1619,13.88,18.685,-24.908,-10.516,41.772,6.6477,-39.297,3.8374,36.482,3.0704,-22.101,-16.727,-5.2282,-3.2857,-15.824,-9.8917,8.5814,-9.2233,-21.692,11.875,17.789,-22.355,-30.972,-5.3091,-0.019101,-11.537,-5.1101,15.831,20.958,11.79,14.879,29.577,39.475,35.417,21.849,19.536,20.362,4.0367,-9.1039,-17.84,-31.827,-26.292,-26.251,-44.667,-21.926,-4.3403,-46.132,-39.69,14.379,-0.68507,-30.309,-11.141,1.8307,3.6593,1.1548,2.4064,37.228,40.256,10.454,46.954,70.902,25.46,36.294,68.357,35.333,23.141,21.996,-18.243,-27.236,-33.975,-74.559,-69.118,-58.882,-96.407,-89.98,-50.873,-59.609,-63.069,-20.163,16.038,34.459,72.215,110.92,103.25,84.787,95.232,84.015,51.102,34.284,-3.2548,-37.029,-23.693,-32.724,-56.198,-37.622,-41.611,-68.785,-55.81,-38.545,-31.331,-27.137,-39.766,-10.979,40.799,26.479,6.4931,19.855,8.9813,9.5824,31.728,29.416,33.778,34.496,12.737,17.795,15.139,-9.3236,7.1174,6.728,-32.948,-21.718,-0.36262,-11.838,9.7629,30.833,4.3794,-19.187,-30.981,-36.684,-19.955,-9.3921,-18.917,-21.444,-4.6855,9.1881,-4.8583,-2.9219,33.222,24.266,-7.2484,5.9905,-3.3666,-20.225,25.707,36.991,4.0359,25.416,26.775,-16.108,0.14606,23.454,-2.128,-10.162,-6.0927,-10.677,-9.3838,-21.541,-14.168,16.285,-10.223,-43.101,-9.574,3.5451,-23.559,-17.963,1.6904,12.93,22.679,8.9651,-3.2912,7.3543,11.938,26.165,37.196,-1.9031,-21.593,12.791,5.2916,-27.575,-6.2311,16.644,5.1139,-5.9898,-16.878,-10.031,10.412,-4.8677,-8.4183,24.212,5.8448,-23.234,10.383,9.8334,-29.865,-3.6691,22.392,-14.723,-27.396,-4.4527,3.5685,7.3587,0.95466,-12.989,-1.0583,8.8723,-4.4191,-0.43094,21.251,26.334,11.179,-4.2701,6.0412,22.668,2.2135,-17.058,2.6852,4.6137,-18.065,-7.954,5.8674,-12.973,-20.716,-9.2322,-3.8397,3.3009,0.93524,-12.035,-1.713,8.2971,-7.6011,-5.4331,14.739,17.743,17.522,6.213,-21.022,-9.9302,20.438,3.5543,-15.414,6.4742,9.5281,-16.106,-15.181,1.6117,1.0451,5.1316,21.044,16.64,1.8207,9.3883,13.106,-12.817,-22.951,3.646,10.366,-16.775,-20.327,-4.7557,-20.43,-30.107,1.7046,10.88,-5.4098,14.352,23.404,-11.432,-11.191,23.08,20.872,-4.0586,-11.375,9.7282,37.046,20.233,-14.603,-7.5826,6.3949,-1.8165,-7.3125,-11.983,-8.8567,-0.48924,-14.642,-14.512,11.31,4.4699,-11.073,-2.7388,-10.364,-13.853,4.4941,-0.77243,-5.9944,8.6562,-1.5447,-7.0316,17.828,12.183,-7.4969,18.346,38.828,9.171,-14.591,-5.2392,-4.1466,-14.454,-3.5056,10.691,-2.4518,-14.63,0.3186,11.198,-2.6701,-7.5047,9.1461,6.8739,-9.012,-0.2307,-2.8605,-30.5,-19.572,11.943,9.1287,-4.095,-15.561,-9.4561,27.717,12.479,-37.744,0.019026,45.336,6.8498,-9.9262,3.0948,-8.0333,16.777,43.85,6.8819,-14.271,6.812,8.8031,-7.7242,-17.495,-4.3783,11.32,-10.499,-26.95,-13.567,-18.793,-22.175,-11.984,-25.459,-16.722,23.567,27.483,20.263,32.774,26.872,3.813,-20.099,-25.323,7.1756,19.454,-12.311,-17.57,12.386,24.517,2.1794,-17.413,12.62,39.851,9.4177,-3.1693,6.3491,-28.416,-38.985,-6.1854,-13.609,-23.04,0.30964,6.446,11.724,15.152,-9.4473,-13.148,-2.9162,-16.977,-10.831,9.3449,0.88454,-2.983,11.476,17.984,12.955,5.2902,11.265,16.404,5.7017,14.904,20.141,-12,-9.2078,17.897,-10.869,-27.505,9.6347,11.775,-17.478,-16.178,-5.3067,-12.004,-18.91,-7.6079,-2.6688,-23.623,-18.642,3.8633,-19.134,-12.861,46.7,22.529,-36.485,11.315,62.417,28.178,5.5175,12.658,-1.5265,-14.195,-4.309,9.9436,7.7445,-7.523,-2.157,15.629,4.5462,-16.328,-14.376,-6.5108,-4.697,0.14629,1.957,-10.732,-27.52,-30.024,-18.109,1.8524,16.005,2.0907,-19.586,-16.546,-8.3261,0.64012,20.903,14.086,-8.3614,10.759,29.399,6.2093,6.9735,45.365,47.032,10.599,6.1879,33.44,27.387,-5.3153,-8.4348,-0.23007,-12.986,-23.862,-29.4,-39.973,-53.321,-77.632,-83.539,-51.247,-35.602,-34.95,-1.9618,26.185,34.733,61.49,77.539,72.392,88.792,95.804,54.884,18.205,19.043,9.0929,-30.493,-42.848,-23.677,-36.45,-60.623,-48.789,-39.731,-42.064,-34.441,-36.955,-23.311,7.5042,-2.2444,1.0091,36.985,7.2813,-23.37,27.274,41.194,14.134,35.936,33.717,2.9875,26.575,32.792,-5.9912,1.2371,22.371,-3.0262,-25.55,-17.17,-1.5435,5.1232,-1.3153,-12.052,-26.236,-32.486,-10.772,-0.32219,-22.133,-18.447,2.7173,-12.033,-20.973,0.47101,-1.6218,-11.068,14.285,30.078,20.864,23.534,14.113,-6.5216,18.931,40.209,-1.3872,-16.216,23.145,22.964,-7.0462,-11.521,-13.318,-16.034,-10.875,-10.399,-0.089582,4.8105,-15.142,-13.939,3.6276,-9.3692,-27.787,-25.57,-3.7865,21.265,-1.6665,-25.459,24.406,39.552,-22.441,-21.699,23.308,15.607,10.659,16.717,0.30142,17.569,38.33,2.4251,-18.177,-4.1138,-6.2162,3.3124,19.84,-6.1247,-33.714,-19.069,-4.053,-16.718,-17.367,7.4709,-1.5177,-30.579,3.6384,31.483,-21.192,-23.633,38.286,17.458,-24.328,-1.8114,-9.2755,-12.661,52.134,53.328,-12.758,-13.019,7.7263,1.1788,19.496,15.687,-30.597,-28.204,9.2222,8.7488,-7.4481,-11.404,-12.786,-7.8903,2.369,7.0598,1.2685,-12.718,-19.621,-8.6769,6.8867,6.0071,-1.9374,14.212,27.838,-6.1558,-32.11,-3.783,13.76,4.9353,13.529,11.579,-7.4336,-2.3585,-1.2047,-13.123,9.8526,28.015,-5.6561,-16.414,26.484,32.413,-15.687,-30.799,-2.1854,7.1919,-8.6363,-22.979
-6.6017,-1.5798,-11.532,-7.5492,12.93,8.6813,-4.8945,-6.4199,-7.2396,0.33078,9.1139,4.5314,3.0383,0.12917,-9.5992,-3.492,5.1671,-0.11514,1.0024,4.8537,1.7395,0.7523,-5.7198,-11.206,-4.9827,-8.6111,-10.555,9.126,10.729,-7.0624,1.9317,14.354,1.1681,-1.4072,12.501,14.357,11.413,9.4387,-3.9923,-15.395,-7.589,5.3936,5.6225,-3.4395,-10.185,-12.404,-15.328,-22.605,-27.807,-13.659,12.318,14.289,3.9199,18.926,27.656,8.8824,10.867,19.587,-5.7067,-12.691,7.8519,-6.3994,-21.998,1.5864,8.9812,-4.5679,3.1452,10.718,1.4986,-5.7841,-11.736,-15.878,-9.8548,-0.33414,1.9178,-3.205,-1.3094,5.2623,-1.6593,-3.4059,7.8139,0.41604,-7.2792,8.7574,13.228,7.0216,10.123,2.1202,-1.4055,10.17,-3.5234,-20.088,-1.8788,5.895,-10.28,-6.8849,9.9022,9.8233,-1.2822,-6.019,-8.7482,-18.208,-14.233,5.3247,7.0589,4.4859,17.827,11.102,-7.5166,-0.53307,2.2636,-9.8529,-3.2531,8.2747,4.3162,-2.8898,-7.2669,-0.26659,14.348,11.188,-2.1445,-2.5431,1.7541,-0.53879,-4.7036,-4.9457,-3.9753,-6.4768,-5.755,-3.8595,-9.3721,-6.9742,2.4083,-0.80688,1.9559,9.6471,-9.3958,-16.198,18.844,32.053,14.248,16.653,11.486,-18.248,-14.329,9.9001,-1.4878,-13.13,1.783,-3.6951,-22.956,-11.924,3.6915,-3.5011,-6.6993,2.6801,7.0735,3.705,-2.5556,-3.3111,5.4952,9.8607,2.2748,-4.3881,-0.17834,6.7378,2.2386,-6.7628,-0.35465,13.564,8.7728,-9.6857,-9.1088,9.4308,8.6565,-3.0064,8.398,11.579,-13.014,-14.819,5.5161,2.8434,-12.08,-16.469,-5.9288,8.0529,-6.0375,-18.774,7.009,12.619,-10.213,-4.2128,1.8632,-3.2802,12.07,8.5468,-4.8432,11.723,5.8383,-5.9045,22.858,16.665,-11.551,12.212,12.992,-18.056,4.9969,21.272,-11.597,-16.992,-6.7673,-20.728,-25.079,-18.195,-15.211,-6.0222,2.8149,8.2878,12.046,7.6659,5.3039,6.924,2.9382,2.4211,10.863,18.12,9.8435,-8.153,-1.6827,15.225,-0.12055,-10.985,7.1393,3.3554,-12.679,-3.3639,-1.3041,-13.715,-9.5354,2.4085,8.1832,5.4643,-8.1655,-15.572,-7.3972,8.2364,20.125,8.3421,-12.358,-9.299,-6.3523,-16.411,-5.594,10.875,2.5229,-7.0221,-3.262,5.9787,17.791,15.128,2.2537,8.2547,16.531,3.0782,-3.5421,7.0686,3.8234,-9.958,-11.217,-10.426,-9.9572,2.5032,4.6491,-9.0868,-3.2155,6.9666,-9.807,-14.785,4.2349,-0.019278,-17.393,-8.6334,10.181,14.361,3.5615,-7.7245,1.467,13.239,-3.1352,-17.539,1.021,17.61,7.9438,1.864,10.514,8.1401,-0.95016,7.4649,16.485,8.4061,1.2091,-4.4028,-14.559,-11.436,-0.17533,-0.32044,-8.0307,-15.56,-10.419,3.4578,-5.3595,-19.759,-6.4919,3.6253,-5.7157,-12.679,-11.773,4.893,12.252,-14.09,-7.6353,29.504,7.7598,-14.401,27.517,39.401,13.617,22.939,33.204,25.866,27.143,18.586,3.2709,-15.259,-42.482,-37.266,-23.803,-50.164,-56.072,-38.106,-49.933,-36.843,-1.5732,-20.458,-28.377,28.201,68.372,71.227,68.179,48.766,32.323,37.038,29.985,10.474,5.5222,-1.8154,-28.613,-40.934,-22.302,-13.049,-23.653,-23.469,-20.659,-26.095,-21.801,-19.5,-26.137,-15.092,7.0837,15.11,12.702,14.827,21.865,10.921,-7.2613,14.116,40.33,19.771,4.4736,13.248,0.91804,-9.5002,1.6832,7.0078,8.1382,-2.6852,-21.988,-10.321,3.4374,-8.4586,-2.3767,1.8745,-23.154,-22.284,-3.828,-10.525,-7.8749,3.9118,-1.4225,8.5305,21.278,1.6468,-4.993,10.649,-2.8282,-18.689,3.5859,20.778,10.366,2.9903,1.2886,0.20383,6.7544,4.4607,-7.1348,-2.9431,7.2206,7.2238,5.065,-1.9695,-5.94,4.1527,0.14455,-18.049,-12.851,-0.042252,-5.8511,-9.3653,-5.9218,-6.097,-0.19122,3.5576,-6.999,-6.6023,13.964,18.574,-1.2208,-10.447,-1.6137,7.0863,10.127,3.2763,1.9798,19.462,14.906,-4.979,13.252,12.984,-31.299,-14.736,28.44,-7.6681,-38.085,-8.2755,-2.8466,-13.817,-3.7712,-4.0349,-3.3331,7.6288,7.6981,12.759,12.208,-8.3022,-6.4935,10.698,7.5059,10.018,18.991,3.6047,-11.577,-6.1903,-6.2587,-11.963,-1.7176,6.306,-6.7059,-14.81,-8.6326,-0.92815,13.901,10.429,-15.371,3.0985,32.932,-1.0047,-20.652,5.591,-1.7837,-6.8636,15.036,0.8304,-5.6878,17.375,-1.2727,-24.524,-9.9062,-3.0188,-0.15633,4.0696,0.5034,13.001,8.7141,-17.305,-4.6431,6.1115,-10.287,5.8876,12.766,-14.718,-2.1498,22.33,11.319,4.9274,-4.1545,-20.734,-6.0967,10.248,-2.409,-13.518,-5.7351,7.8531,1.5203,-9.4423,13.077,18.865,-15.267,-6.1813,21.699,-6.9755,-16.377,23.735,16.306,-21.793,-9.0997,12.84,-6.1085,-20.715,-7.666,-2.9373,-7.9855,-2.7485,1.3118,5.3701,12.061,-0.65106,-8.1758,12.747,12.331,-7.3525,9.7802,36.725,29.543,4.8333,-17.28,-22.499,-14.269,-15.145,-13.798,-4.3084,-9.5115,-17.872,-12.801,-4.2991,6.3984,11.186,5.742,10.818,18.853,6.5686,-7.1257,4.7738,27.059,21.19,-8.6819,-17.799,-7.8366,-7.9585,-10.133,-10.386,-5.1882,16.99,17.737,-13.565,-16.432,2.9324,-4.0923,-11.617,6.8257,18.856,1.0972,-14.072,9.7419,27.01,-2.7049,-17.66,-3.0082,-9.6698,-10.672,4.6328,0.052535,8.4532,22.953,-4.6441,-17.095,5.8448,-0.067344,-10.078,1.8633,-6.0937,-13.057,6.3114,15.031,7.5399,2.5557,1.1264,0.3334,-2.015,8.9813,19.378,-10.93,-32.833,0.025046,14.531,-8.7709,-8.0987,-0.87464,-10.222,-1.3275,18.863,21.058,4.0404,-16.482,-10.07,7.1381,-6.4387,-13.403,10.097,10.104,-8.028,-5.6459,-7.9357,-12.523,8.5111,21.477,9.787,2.8202,-0.51459,-1.1801,10.728,9.4959,-8.5676,-8.8175,2.6759,2.9739,-0.81442,-7.459,-13.604,-2.8747,6.6383,-7.2603,-16.998,-4.0853,5.3731,-0.35278,-6.2186,-3.9394,6.9218,14.85,5.698,-2.0379,7.2003,8.9293,4.288,13.493,3.8333,-26.39,-15.331,16.75,9.1328,-3.8403,4.0502,0.56587,-3.0251,4.2347,-2.6691,-11.862,-8.1956,-3.842,-1.3171,-5.0517,-0.13745,24.467,13.373,-29.556,-22.458,0.44011,-16.852,-8.9686,25.294,16.555,-3.4383,0.25122,1.3585,7.2985,23.495,29.043,18.233,-12.63,-33.816,-10.479,11.651,2.2679,-3.8857,-12.172,-22.607,0.98297,23.305,5.6215,-7.5444,-0.92428,-6.0173,-13.992,-4.9649,5.0373,-6.5616,-20.619,-2.5759,14.21,-2.5801,2.8592,28.694,2.8892,-25.412,9.4446,34.033,8.6377,-8.9127,0.62083,17.595,16.843,-12.104,-24.869,-7.4364,-1.8217,-1.7249,5.5902,-1.9337,-9.3771,-6.4011,-6.3859,5.6654,10.185,-20.474,-32.621,-3.7812,11.273,0.25126,-2.5999,19.489,34.655,5.0058,-15.553,12.929,17.729,-3.3192,1.5978,-18.307,-50.753,-16.229,20.321,4.8097,5.8129,23.635,18.457,11.874,14.149,17.194,9.5324,-11.586,-7.5657,10.273,-9.1593,-28.245,-16.508,-16.75,-25.118,-18.158,-10.526,-4.6638,-3.3996,-12.583,-19.048,-13.668,8.7122,27.278,17.591,16.923,32.537,25.45,23.415,32.218,20.34,28.165,41.631,9.503,-7.8313,-4.6522,-26.941,-23.732,-23.292,-67.528,-50.676,-6.4818,-47.791,-72.68,-41.981,-46.942,-30.649,31.353,48.165,46.889,70.177,76.761,63.261,48.626,51.781,61.589,14.557,-42.257,-21.632,-2.5685,-33.566,-38.21,-24.599,-32.459,-39.628,-43.448,-35.055,-15.05,-24.265,-34.176,-4.4772,20.859,28.864,33.544,11.086,-6.5987,20.335,34.796,15.563,24.562,44.588,10.963,-24.36,4.6205,28.221,-2.0412,-17.222,-6.2261,-14.911,-14.187,3.6286,-14.405,-43.619,-24.624,11.104,8.2986,-12.832,-8.3427,8.5759,11.858,8.051,-5.7085,-13.543,11.853,14.318,-26.696,-21.206,17.31,11.812,6.2694,17.048,4.1565,8.1119,25.935,3.4123,-16.089,1.0064,17.797,19.008,-1.4674,-19.378,1.9138,13.872,-13.58,-25.567,-12.816,-7.6705,-15.8,-26.731,-17.033,3.2677,4.6986,4.4389,2.8733,-8.1965,6.1437,25.407,14.036,8.6656,9.7371,3.8275,15.249,11.458,-8.7132,9.6522,16.477,-17.237,-13.904,10.875,-3.1705,-27.263,-26.67,6.964,36.063,5.6842,-26.131,-7.9098,-6.0979,-22.628,-7.6948,6.8377,-0.9429,-13.277,-16.335,4.8345,18.96,10.723,27.409,43.92,20.746,12.144,18.523,-6.7117,-26.928,-20.054,-21.434,-30.454,-25.273,-7.7776,-0.4387,-11.211,-10.802,8.1751,24.504,32.253,20.25,4.3529,14.026,8.0965,-15.316,2.3527,11.064,-21.284,-13.879,3.983,-25.811,-22.208,14.034,0.046233,-11.12,19.328,17.584,-8.3248,2.4393,16.211,-0.85824,-6.4017,7.1404,-4.6343,-21.729,-0.80906,12.585,-13.366,-17.346,15.524,24.254,0.041438,-9.3584,11.099,22.702,3.57,-8.1844,0.84942,-5.1998,-19.083,-16.976,-11.965,-2.8591,7.6589,-0.84496,-5.5623,6.1929,1.1421,-10.689,0.40919,14.373,12.557,5.9391,7.7285,16.049,9.6784,-5.7459,-2.4462,-0.89945,-16.46,-13.901,-1.381,-10.283,-14.434,-4.4361,-2.8112,7.2042,22.507,8.4487,-6.4452,8.4028,11.67,-8.9792,-15.357,-4.2286,8.1753,10.592,-7.0267,-11.601,16.296,17.505,-15.25,-13.043,9.0221,3.0534,-5.8425,-14.982,-25.83,7.0249,36.133,-2.8493,-20.542,16.988,11.248,-13.08,12.028,19.334,-10.257,-13.596,-4.1792,-3.3216,0.73428,-6.1902,-8.1533,7.2593,3.0733,-3.7342,9.7536,4.0795,-3.2964,13.258,1.8813,-20.268,3.4336,20.078,-7.552,-24.211,-11.108,1.0636,-1.6468,-6.4105,6.8394,21.619,11.947,-1.8116,-0.49308,6.6157,10.097,0.439,-9.2132,-1.0859,-2.1479,-20.611,-23.501,-9.2908,11.355,27.655,11.045,-13.166,-0.74005,12.595,-0.1892,-6.6814,-2.0184,3.1525,5.9636,-10.593,-24.061,0.86026,21.384,0.071677,-15.396,5.6555,25.185,14.359,-8.8759,-14.668,-1.2778,2.8201,-11.381,-11.799,8.6981,10.354,-5.1186,3.6672,13.722,-9.3504,-15.011,15.839,13.398,-19.717,-13.182,7.7932,-7.9507,-18.166,1.4921,9.3131,4.7415,7.63,5.5158,7.9207,18.372,4.171,-12.304,6.6214,14.693,-8.67,-11.014,0.76117,-11.933,-22.804,-15.667,-11.717,-0.94677,15.927,6.3321,-7.0918,12.432,22.502,1.912,3.2778,15.897,-4.9635,-14.484,5.812,-0.025789,-14.713,-1.7305,1.7977,-6.1368,-2.2936,-4.8316,1.2226,23.417,13.431,-13.321,-9.2086,1.3689,-1.1582,-5.7821,-10.587,-2.183,6.7756,-4.8721,-1.7481,14.259,-0.30955,-12.33,3.2009,8.124,7.3523,10.15,-3.5327,-9.3051,0.82969,-3.2219,-5.7051,1.4475,0.45502,8.7659,14.734,-4.4103,-8.331,0.24075,-14.323,-10.413,12.497,-0.97357,-12.332,8.1807,9.5806,0.17403,0.80721,-13.375,-9.4023,22.144,14.153,-10.275,2.8319,5.1228,-12.17,-1.1536,8.3783,-6.4955,-9.0741,-5.1596,-10.286,-4.2875,6.3794,8.0362,9.9313,6.9724,1.5923,8.5324,8.3814,-6.6544,-2.0981,16.432,6.7639,-18.048,-18.145,-4.4414,-5.9525,-17.53,-18.136,-1.3145,15.492,12.523,4.4774,9.9389,6.8244,-10.356,-4.8922,16.473,11.864,-6.1059,-7.3148,-2.1939,1.3285,5.6808,2.763,2.2079,11.219,5.1198,-14.752,-16.258,-3.2459,2.2704,-0.18713,-6.0013,-7.2207,-2.9748,-9.3782,-15.821,-0.47524,12.833,5.0826,0.86904,10.321,20.417,23.069,13.09,2.1237,2.3581,-4.2574,-20.898,-21.501,-7.8485,-1.5888,-4.02,-6.8013,-3.2277,4.4413,1.5602,-5.8761,4.7296,17.394,2.814,-13.059,-1.1506,6.1324,-5.0433,1.4709,14.382,1.2885,-7.1037,5.9916,8.4009,2.5338,2.9049,-3.2518,-8.0522,-2.0649,-2.1721,-6.3181,-5.3735,-8.3736,-6.8697,6.8833,5.9102,-12.69,-6.6795,20.86,17.03,-8.633,-8.2681,-0.69265,-6.0812,3.4692,14.728,5.9969,3.8477,1.9148,-12.487,-3.4044,14.908,-0.44492,-16.818,-4.7364,5.9475,0.76773,-2.1166,7.5669,9.463,-11.675,-22.16,-6.8844,-0.1268,-2.4222,3.3336,7.0105,12.643,19.369,8.9439,-5.4171,-8.2541,-8.3636,-10.67,-12.511,-0.20911,14.301,-4.8945,-16.531,21.104,34.568,-0.64804,-12.903,-2.8206,-1.802,1.8195,0.2135,-6.6421,-4.7582,-6.7811,-5.4671,4.0597,0.25997,-0.80427,6.8869,-3.29,-9.9342,1.0911,0.064473,-8.8058,-11.804,-5.9891,19.831,31.99,4.394,-11.957,2.7066,10.375,5.259,-2.3018,-10.246,-8.9537,-3.496,-4.4848,-2.9027,7.1336,11.888,0.25873,-11.065,-3.8287,7.9587,7.6327,-7.6633,-27.219,-17.952,10.675,10.998,3.781,14.666,8.182,-5.3134,0.47261,1.0289,1.9202,3.7845,-16.856,-14.718,15.549,3.087,-17.681,7.3691,19.56,1.9861,-0.3678,5.2917,3.2792,-3.5727,-10.723,-2.9411,8.3622,5.139,-2.4028,-14.542,-16.471,8.9342,14.888,-9.1555,-7.983,4.3593,-4.3724,-4.3616,4.4369,0.85186,-0.93874,0.005379,-0.12583,8.5907,12.056,0.32962,-11.646,-13.123,3.7388,22.599,7.6372,-20.524,-14.075,9.9861,13.857,6.5121,5.4883,6.9372,4.1294,-7.2923,-16.017,-2.0937,7.2998,-19.524,-31.34,1.7011,14.343,-3.2737,0.51335,9.0691,5.0667,9.9957,6.7162,-6.6355,-3.2547,1.6278,0.18926,-0.23604,-6.586,3.0758,15.126,-13.794,-25.841,10.272,14.772,-4.3146,6.368,9.3138,1.8787,11.872,11.417,4.2728,5.2905,-5.8576,-10.856,-0.3691,-7.0107,-24.87,-29.153,-11.671,10.234,-0.56744,-9.8381,17.591,12.316,-17.348,5.1828,17.097,-13.95,-2.6952,23.195,5.6323,-2.9828,7.1637,5.3617,7.0868,9.687,9.1398,16.416,8.9855,-14.327,-22.856,-14.697,0.29053,9.2707,0.30683,-12.65,-19.101,-19.874,-13.641,-5.8355,7.9871,14.955,-8.6798,-16.15,13.873,10.486,-11.148,13.894,32.686,12.784,4.0065,0.44711,-9.998,-6.23,-7.5393,-13.403,5.1639,22.552,15.647,0.57861,-14.249,-9.1296,21.412,27.651,-6.2169,-28.27,-15.351,1.5794,-4.0807,-23.296,-25.566,-8.0679,-2.5825,-5.2945,14.197,25.923,-2.2936,-17.269,8.5727,17.203,-6.8967,-15.961,6.3261,28.943,14.144,-16.73,-4.585,21.998,8.3156,-3.2083,9.9366,8.159,4.2054,11.561,8.1031,6.0913,0.95227,-22.915,-23.782,-4.4596,-16.424,-30.13,-12.79,-5.8991,-16.287,-8.877,7.1538,1.6942,-15.974,-12.585,7.4024,12.54,7.5168,4.6073,0.8002,15.611,38.613,29.667,19.352,33.257,27.919,17.881,31.031,12.495,-26.196,-16.422,-1.9374,-23.874,-34.717,-41.46,-62.857,-52.877,-27.283,-35.292,-45.817,-34.414,-12.658,25.766,54.634,50.772,51.307,55.817,40.626,37.125,39.745,17.984,11.775,24.493,7.1838,-12.306,-11.109,-27.069,-39.24,-23.229,-21.771,-32.577,-29.985,-33.672,-29.642,-6.3556,-7.7667,-19.591,-1.5824,9.6918,1.5741,8.0202,17.34,18.665,22.966,21.818,23.59,28.914,14.326,8.8029,29.589,22.522,-9.1338,-8.5086,8.4449,-2.5084,-27.028,-23.458,-1.9479,-16.425,-45.463,-25.916,3.9158,-0.1897,-2.8913,-4.0442,-11.532,2.2123,10.724,-1.0625,3.2635,6.4376,-2.2517,8.8925,17.409,8.8357,8.2111,2.4738,-1.545,17.665,16.835,-13.421,-14.871,11.894,12.153,-12.455,-6.6876,17.996,0.23745,-15.339,16.772,11.747,-24.834,-4.1823,8.1672,-26.137,-20.028,-2.3808,-19.861,-12.008,1.4107,-14.52,-3.7048,14.772,0.20152,6.7813,28.925,10.513,-5.9667,18.638,32.752,12.685,-7.2616,-11.324,2.4344,17.675,-6.6498,-28.528,16.788,33.977,-32.52,-46.273,0.56539,-8.2257,-18.766,9.5822,3.5866,-2.3279,12.904,-7.801,-5.152,36.092,8.668,-42.1,-14.947,21.573,4.1414,-13.623,2.9694,19.614,9.8852,0.68794,2.9487,-6.6433,-6.3021,11.474,2.9054,-11.44,3.268,15.216,14.576,3.4805,-19.291,-6.7015,24.87,6.3709,-16.159,-1.5158,-10.371,-31.497,-16.904,-11.75,-28.304,-10.336,26.526,25.657,1.2381,-0.96038,16.091,20.55,11.842,10.907,12.289,1.1896,-8.2682,-4.6176,-5.0894,-14.379,-16.185,-5.6123,12.97,19.663,-4.4697,-18.889,6.8884,13.797,-19.97,-29.412,-1.8748,14.55,3.186,-10.872,1.353,18.187,5.8481,-3.3072,6.8548,4.4623,1.5331,5.2359,-6.1827,-8.9909,2.2326,0.11296,-0.36598,-0.30512,-12.821,-6.8757,11.134,8.5783,-0.65662,-3.1266,4.0487,10.898,-4.7443,-10.249,5.0954,-6.0876,-10.664,12.214,-2.9981,-18.851,13.489,16.713,-5.4577,8.2969,11.588,-9.8405,-10.952,-4.0454,-1.47,2.9686,6.7233,15.728,7.2508,-22.577,-24.971,-11.367,-15.125,-8.4687,9.2288,16.617,18.257,4.2985,-6.2017,15.527,21.692,-5.396,-7.1013,15.163,14.691,-3.4403,-11.935,-8.4863,-9.9488,-16.53,-6.6216,10.47,7.2891,-5.4161,-9.7878,-11.033,-7.4701,2.9612,2.5274,-10.255,-8.2425,7.2353,10.146,7.9785,9.6792,6.9185,11.321,12.266,-1.0732,9.1431,15.358,-19.711,-15.203,16.01,-20.706,-35.263,20.352,19.428,-16.538,-8.0453,-8.7757,-10.327,8.5344,0.61176,6.352,24.268,-13.352,-27.138,16.395,20.317,8.1593,12.647,-7.1291,-6.1855,12.484,-15.416,-29.388,-2.8767,1.7621,1.6957,5.4671,-8.0945,-1.4045,14.979,6.6154,0.31138,-4.5399,-6.3556,13.937,13.48,-6.0825,0.14359,-2.3573,-13.747,4.6775,12.2,5.0577,14.797,2.4383,-20.773,-10.448,-4.6113,-12.957,-9.7126,-10.16,-4.8606,5.758,-1.9466,6.8533,22.461,-2.6842,-9.5084,18.794,6.7906,-13.62,0.76234,0.41652,-3.1547,12.731,6.0752,-3.2271,13.371,13.014,-2.6538,-1.5703,-0.93454,-10.259,-17.34,-17.982,-9.5757,2.7353,13.524,10.077,-16.547,-20.617,13.866,18.994,-4.2904,1.0837,6.7508,-10.178,-13.259,-2.3397,10.672,17.411,-2.5685,-14.307,6.7524,6.4388,-14.121,-6.3272,4.9423,2.6483,17.344,28.776,4.6704,-19.727,-9.04,7.6378,5.0759,10.692,18.581,-8.8591,-29.978,-8.7713,-2.6819,-19.278,-13.524,-5.4259,-3.773,10.809,9.0121,-12.283,-17.115,-9.4044,3.0707,17.732,13.004,-4.2202,-6.0481,16.031,38.261,19.437,-11.452,2.0018,13.475,-4.7635,3.593,13.683,-11.482,-14.189,5.4502,5.148,8.3553,7.7303,-19.035,-28.903,-13.196,-10.656,-19.577,-19.075,-7.4728,-6.7589,-26.52,-24.338,5.476,5.952,-10.86,6.3213,31.049,27.551,20.734,41.515,71.543,56.283,1.2754,-16.066,11.614,20.487,4.8213,-8.7384,-19.19,-22.231,-26.915,-44.611,-46.859,-34.467,-43.228,-50.089,-36.347,-39.795,-45.485,-21.069,1.54,27.467,77.539,98.431,83.296,77.744,64.633,44.098,35.606,4.0415,-28.2,-19.569,-22.739,-36.959,-20.242,-29.249,-66.048,-52.581,-16.168,-14.828,-27.341,-22.47,-2.2347,-1.7115,-18.311,3.3433,30.405,8.1878,0.32106,31.018,38.153,21.979,8.3511,5.4961,24.78,34.153,14.107,1.3374,5.8699,10.592,1.6808,-15.535,-6.9912,3.5403,-18.766,-19.164,-1.8568,-23.994,-36.13,-21.128,-25.095,-13.605,4.5684,-20.114,-24.283,12.207,18.923,9.2556,15.343,13.657,6.0617,10.271,22.536,26.668,22.278,28.028,22.944,0.54248,4.3089,-0.2215,-36.244,-22.534,11.723,-10.946,-24.111,-8.5519,-14.682,-12.026,-7.6893,-22.203,-5.6025,12.848,-6.161,-5.1862,11.279,3.1226,-2.0802,6.8815,17.337,17.358,2.5054,4.7093,8.3483,-14.422,-5.9098,19.654,-1.9016,-9.2244,14.53,4.8369,-1.048,10.04,-7.6286,-7.4764,17.677,3.48,-17.265,-8.1051,-8.0357,-15.576,-5.7167,4.7163,-5.2456,-21.421,-10.934,10.996,3.7578,-9.3453,2.86,19.179,22.544,9.7679,-11.422,-12.705,7.6351,21.219,9.176,-13.776,-6.5676,12.323,-6.4817,-18.522,2.3695,-1.464,-3.8529,28.354,22.024,-12.828,-4.5366,6.6455,-9.3733,-17.611,-22.084,-15.963,13.534,20.043,-6.9842,-22.427,-14.516,4.5077,15.147,5.1825,2.7552,13.022,4.8978,-2.6924,11.55,7.7923,-18.023,-14.967,11.043,11.42,-4.3292,0.69329,14.771,15.822,8.6457,-5.9941,-16.411,-4.4925,0.20308,-18.38,-19.899,-8.9421,-15.818,-11.043,14.712,27.032,22.484,4.0754,-16.385,-7.046,9.3716,3.7818,3.0329,3.4465,-9.1599,-8.1809,-1.7224,-2.1908,9.1022,9.6887,-3.6173,8.0109,15.698,-5.4684,-10.63,-0.76101,-7.3764,-15.894,-11.503,4.9378,21.99,13.978,-12.284,-19.741,3.9944,25.624,8.2835,-17.048,-12.781,-10.06,-7.8394,14.071,7.7897,-15.3,3.6917,19.283,-0.39259,-8.1768,0.32156,11.405,14.696,-9.2183,-23.694,-7.1427,2.4641,4.6043,2.8576,-7.7141,1.7873,13.021,6.8989,17.815,15.559,-15.53,-12.631,0.35818,-16.017,-14.616,1.3705,7.0699,15.112,2.0841,-23.015,-14.588,5.7299,11.817,8.9363,-0.15144,0.9225,2.3053,-11.379,-12.787,-1.7775,8.2438,16.794,3.7187,0.42547,25.755,7.8837,-27.282,-7.2866,4.4336,-10.07,3.5809,10.793,0.62142,1.7897,-5.9735,-10.945,-6.9145,-16.256,-5.7734,17.399,10.365,1.2832,-1.6035,-6.391,0.92967,-10.83,-19.17,18.894,25.944,-6.6839,-1.3267,7.2272,-2.3838,1.0408,-1.0289,11.862,25.136,-18.756,-30.679,18.328,6.6705,-27.144,-8.7282,-2.8833,2.1061,25.305,3.8799,-17.717,4.5412,8.4347,-0.35554,4.0095,-8.2645,-15.523,0.33072,1.801,-5.7077,5.0751,16.474,8.9453,-2.8393,-4.6964,-7.4386,-8.9026,0.085615,-2.8558,-10.701,7.9633,18.679,-1.8147,-7.0704,10.522,16.647,5.9668,-6.245,-3.0128,3.2695,-8.4789,-10.727,3.5327,-1.1383,-9.0397,0.84576,-0.47156,-11.271,-4.4771,7.2638,0.47502,-16.281,-12.326,13.859,22.56,4.2663,-5.4044,5.6455,10.108,-5.3819,-10.264,7.8909,10.127,-3.6887,-0.47754,0.75862,-5.8724,4.4015,5.4426,-10.723,-4.7582,8.6215,1.1445,-4.4561,2.4811,2.3876,-11.939,-19.397,-3.9049,10.11,8.7746,6.096,-1.9134,-2.589,11.14,-1.9141,-23.86,-9.6637,2.8073,4.726,16.474,0.80344,-17.46,5.3832,16.224,11.903,21.886,3.9566,-17.84,-1.0903,0.065248,-12.593,-2.4326,-3.8434,-6.0468,14.313,12.512,-10.395,-19.479,-13.638,5.8631,11.464,-6.4567,-4.7719,2.2076,-9.2113,-2.2839,7.8568,-0.67178,6.6915,10.373,-5.3,1.2108,6.2384,-10.022,0.73145,17.82,1.331,-8.5066,0.83685,-1.5136,-9.0225,-2.7918,12.031,14.001,3.3596,5.6773,6.1034,-9.1854,-1.4251,12.123,-13.306,-28.184,-4.8553,1.6193,-13.532,-15.767,-2.5611,14.187,8.4022,-16.409,-11.627,15.201,17.291,1.5591,-8.9634,-6.7975,10.248,18.389,4.7544,-4.536,3.6693,18.299,26.174,15.907,-5.0104,-14.439,-5.6283,3.6974,-3.3078,-10.844,-4.5299,-3.131,-7.6314,-9.8276,-24.705,-30.359,-4.3558,6.4507,-12.054,-18.636,-11.867,1.4661,18.487,10.704,-2.5799,15.138,29.571,19.351,11.611,11.616,17.711,24.559,14.638,9.671,24.835,17.557,-13.313,-13.224,6.151,-13.696,-53.874,-53.33,-29.29,-32.42,-46.237,-40.378,-25.428,-9.1967,6.1826,16.19,30.345,41.447,34.846,31.89,46.366,54.998,40.909,13.488,0.31944,10.239,8.8799,-13.653,-18.722,-5.8641,-14.121,-35.472,-34.879,-27.125,-35.585,-32.479,-12.852,-15.545,-22.69,-2.7249,10.822,13.581,24.517,9.2347,-12.164,16.868,37.301,6.4307,4.8988,42.969,40.987,7.3185,-2.3248,2.4136,0.2367,1.2722,-0.76381,-18.787,-26.043,-7.0713,-1.1109,-19.459,-19.931,-2.3882,-5.2689,-19.475,-16.281,-7.4754,-3.3212,6.4447,7.445,0.35492,18.598,28.034,-10.354,-22.444,11.431,6.7746,-8.4407,22.941,31.067,0.31985,-4.3717,5.1425,7.3121,10.31,-2.1537,-14.399,-4.7514,-0.70125,-6.3233,-5.2927,-3.3511,-1.3104,-2.9765,-8.6469,-5.9037,-2.2272,-1.8646,-6.5027,-24.421,-16.514,24.736,27.213,-1.1854,-2.5529,-4.1203,-12.464,4.0471,9.2541,-11.555,-5.1383,27.513,26.968,-6.24,-8.8709,11.386,-2.9657,-12.126,14.317,10.86,-6.4458,7.1334,1.5919,-11.74,-0.57236,-13.091,-17.202,19.471,13.256,-22.5,-13.218,3.1031,-1.4323,-9.8269,-18.641,-6.5424,9.3592,4.0313,7.4819,2.6019,-20.511,-4.6313,24.868,17.34,3.4289,-4.5963,-2.4432,14.12,10.186,10.234,26.687,-6.1378,-34.122,16.45,39.018,-10.171,-25.624,-0.39563,-8.1123,-33.087,-15.569,14.243,-5.9037,-18.367,17.9,9.4721,-31.407,-7.9772,17.592,-8.31,-14.956,6.309,13.41,-1.6876,-16.372,7.9206,29.02,4.2116,5.4206,26.42,6.2413,3.1502,14.143,-11.46,-6.7315,17.434,-1.5178,1.7304,21.532,-6.7757,-20.695,2.1302,4.268,-13.024,-33.898,-32.145,-4.423,-14.974,-35.341,-3.484,9.1944,-13.208,-0.40598,12.02,-5.0807,-1.1969,16.472,17.162,13.69,20.023,35.305,37.944,21.472,19.307,31.182,21.931,-2.3957,-3.8394,14.751,-0.94849,-39.556,-27.757,-12.932,-54.089,-57.512,-28.057,-71.89,-94.446,-22.611,0.80486,-30.362,10.489,70.584,69.74,64.425,76.511,67.935,49.62,46.227,42.592,18.318,-12.422,-25.897,-29.077,-30.635,-25.273,-30.192,-50.348,-50.953,-35.628,-37.858,-37.299,-16.287,-1.2048,11.528,22.944,7.1121,0.36073,24.325,19.01,2.7895,30.316,40.283,10.844,9.3332,21.809,14.953,11.571,7.6743,1.6985,1.6198,-12.571,-21.906,-10.56,-12.177,-14.799,-8.8547,-22.953,-20.966,7.6761,1.2976,-16.183,-0.58464,7.955,-0.78982,-7.9691,-15.957,-5.3448,9.4353,-4.2733,-1.3259,30.078,25.68,0.4654,6.3764,16.159,12.372,14.53,3.5542,-16.268,-2.6696,9.6782,-14.265,-7.6761,25.265,-1.6119,-34.152,-0.39686,14.364,-19.943,-27.131,-9.9077,1.3378,5.5375,-11.84,-16.144,13.185,11.149,-11.805,5.4578,16.76,-5.5277,-3.3145,21.477,23.856,7.322,-3.3189,1.8074,7.3838,2.0873,1.6313,0.47159,-11.932,-11.735,-3.6941,-8.6442,-5.7554,2.0576,-7.3235,-7.1493,6.7966,0.5988,-7.9802,4.3687,10.045,-2.0034,-11.708,-7.9637,5.5666,10.176,0.54598,-3.6099,0.46934,9.5722,22.604,9.7815,-18.609,-5.7232,14.859,-12.639,-23.471,13.651,17.388,-14.002,-14.365,-0.55717,3.2306,12.838,4.9116,-15.334,3.3675,18.526,-16.463,-20.766,19.381,11.03,-15.891,1.5644,5.2586,-13.834,-5.1824,7.1887,10.202,11.272,-7.3898,-7.5065,16.38,0.89111,-14.383,8.8038,7.0833,-5.3186,0.20515,-14.91,-10.496,21.635,2.2874,-24.478,-0.37582,13.331,0.99807,-10.521,-10.407,18.191,22.401,-18.586,-14.143,23.373,13.375,-14.733,-22.96,-6.1841,24.215,11.849,-18.558,-1.3575,15.912,4.5583,-4.3811,-14.326,-2.6529,21.033,0.83099,-15.143,1.5959,-6.6084,-10.405,8.5003,-1.0822,-8.2113,4.4621,0.36009,6.0517,15.877,-5.4436,-16.891,-4.3471,6.2467,12.143,-0.89613,-8.5355,12.428,4.239,-24.284,-9.8583,11.882,9.5672,5.5744,-2.0564,-1.7247,7.3255,1.3686,3.7435,16.306,8.121,0.036008,-4.9941,-25.943,-32.314,-15.274,4.4292,18.902,9.1833,-1.6543,18.837,14.706,-27.345,-29.603,0.032256,1.6792,-0.70412,15.566,10.784,-9.8118,4.4515,23.776,-1.8716,-16.05,9.2553,9.7798,1.4185,18.334,3.3632,-26.758,-8.4177,13.367,8.2098,8.7837,7.8934,-3.729,-17.3,-22.668,-2.9684,5.4034,-20.316,-22.484,-8.3526,-15.955,-3.1798,13.94,-1.3655,9.1485,28.188,0.91427,-2.8074,22.002,1.2616,-9.8455,22.785,21.188,0.99029,13.682,13.148,-7.5892,0.98575,18.741,7.3438,-15.121,-24.581,-25.646,-25.964,-15.529,1.6069,-5.5844,-22.63,-7.8231,5.3557,-12.93,-11.498,10.203,1.9285,-10.333,0.11623,0.059991,-9.9848,-2.8852,19.52,36.331,31.648,34.145,57.823,47.583,18.812,32.665,30.234,-17.087,-31.665,-28.818,-46.41,-41.819,-38.896,-67.848,-74.245,-60.811,-56.776,-35.236,-8.0429,7.2475,38.401,69.04,71.999,69.927,69.949,59.22,45.476,34.383,14.901,-9.4388,-12.684,-5.3182,-22.228,-37.103,-26.381,-24.698,-27.675,-23.3,-36.981,-38.409,-11.674,-11.366,-23.709,-11.675,-4.8017,-0.67876,17.124,24.783,18.942,7.9752,8.8768,33.268,33.806,12.854,22.987,20.22,-6.0101,8.963,15.225,-18.252,-10.383,13.821,-4.1116,-15.267,-10.618,-14.728,-5.8809,2.0219,-14.229,-31.159,-28.228,-8.0266,-3.8746,-25.144,-15.052,20.455,16.81,-0.89728,5.3614,8.1242,7.0492,17.518,23.965,18.422,7.3204,6.8878,21.574,17.963,-9.895,-19.361,-0.63568,13.983,6.8172,-8.6889,-16.1,-16.597,-11.443,-10.417,-27.069,-28.187,1.011,6.691,-9.5303,0.2035,15.921,15.154,7.8418,-3.8359,3.8914,20.741,2.3351,-9.8919,10.161,-0.68384,-22.994,2.6542,28.756,14.785,-4.6815,-4.334,4.8774,-1.8909,-9.506,7.6394,2.1593,-31.483,-15.935,23.47,16.081,0.76725,2.301,-11.169,-21.84,-8.9169,5.5029,3.0032,-11.297,-9.7647,7.2849,7.3372,4.6651,11.767,-0.53918,-10.578,3.2432,2.3924,-3.6035,10.235,10.496,2.7487,11.201,5.5485,-8.8359,1.401,9.1979,-9.3744,-25.79,-13.46,14.074,17.167,-4.1842,-10.581,-1.0186,9.092,13.835,-12.215,-41.628,-13.907,21.059,4.286,-5.4396,13.873,10.526,-1.4229,2.5241,-5.4719,-10.259,12.903,20.07,0.43522,-1.8262,-0.46615,-12.024,3.5302,22.21,-5.1581,-26,-9.9898,-0.16757,9.7965,15.857,-9.5573,-10.62,20.957,9.6737,-15.772,-9.3166,-9.151,-5.8713,6.0291,-14.214,-24.339,4.323,14.846,10.905,17.968,13.125,2.8932,-0.37882,1.6905,9.002,-7.6285,-23.106,11.102,21.45,-19.416,-16.989,9.8486,2.9785,5.9528,7.7862,-13.97,-6.4196,3.7164,-21.246,-17.568,10.405,5.1447,-3.3231,3.9971,2.4276,6.4961,15.854,1.9735,-12.96,6.0684,27.046,1.6201,-32.741,-11.91,19.789,4.0636,-4.5635,17.083,9.4684,-8.7078,4.5157,4.2318,-18.646,-22.941,-18.689,-10.081,8.4355,3.4725,-7.4007,12.276,19.627,0.7718,-8.2344,-12.271,-1.6547,24.253,16.142,-1.943,4.2669,-9.4634,-15.642,18.093,17.332,-6.9277,3.1755,-1.6484,-16.456,5.2136,12.135,-8.7647,-19.045,-22.062,-6.2928,6.7731,-12.379,1.1606,27.478,-14.787,-31.528,23.216,26.808,-2.0705,17.658,17.695,-16.06,-12.745,1.3195,-4.3521,8.6082,27.377,10.374,-14.944,-14.663,-10.139,-6.8315,11.032,14.282,-7.0154,-13.525,-11.887,-17.213,-8.5929,-7.2895,-17.98,2.8038,21.924,7.8044,14.555,27.052,1.7423,-2.4652,23.076,8.5779,-20.769,-15.254,-6.2826,-7.0793,-1.5354,-1.0453,-1.465,5.0454,4.5194,10.67,18.124,-10.577,-28.332,4.814,8.2699,-23.92,-9.2021,15.231,1.1991,-5.3517,-3.4518,-7.1172,1.2289,1.8378,1.8353,16.315,8.9266,5.1354,23.229,0.56689,-25.304,0.31319,7.2635,-9.5956,-2.1623,4.2639,8.7467,4.5539,-23.909,-11.5,19.818,-7.1603,-16.188,15.363,-0.12618,-18.616,2.4599,4.1257,-2.529,3.8493,1.9904,3.4688,-3.3158,-17.172,2.7139,18.62,-0.18885,-2.9503,10.191,12.774,12.867,3.3094,-2.5748,10.363,10.19,-3.2946,-11.978,-27.473,-30.357,-4.6307,13.334,4.5826,-12.465,-16.681,-5.8588,2.081,4.6695,5.8796,4.1781,13.695,21.727,9.0326,4.7091,6.1542,-6.7367,-4.7328,-0.62147,-11.843,3.139,15.055,-6.5487,0.38618,15.008,-11.599,-19.548,-5.4003,-8.7131,7.132,20.405,-14.238,-30.008,3.1012,15.203,-8.2327,-8.4886,21.05,13.163,-25.676,-12.093,18.845,-1.6817,-8.9811,18.391,18.312,6.7777,0.99434,-9.1138,6.195,18.506,-5.6467,-10.751,0.63709,-11.777,-12.514,-0.49579,-5.7518,-4.5588,2.0788,-2.6911,3.3786,16.019,10.062,-6.0378,-9.314,2.4461,0.035039,-18.562,-13.451,3.3411,-2.0292,-8.0499,-3.721,0.19277,9.6637,17.682,22.408,25.221,6.5613,-13.802,-6.819,4.7372,9.313,3.0631,-21.786,-27.29,-5.2434,6.146,10.313,7.7273,-3.0865,7.6662,11.648,-14.495,-18.701,-6.2262,-8.1436,-3.6869,-6.1202,-12.763,9.6758,18.948,-1.6287,-7.5553,-5.536,4.0354,18.653,-2.7102,-13.52,23.533,27.812,-3.2472,-5.868,1.1429,2.8712,7.0183,5.5153,9.2141,2.5623,-14.18,2.8246,10.529,-21.258,-17.346,4.2195,-14.21,-20.404,-9.7907,-22.138,-20.487,2.4568,10.864,1.4079,-19.478,-16.39,21.826,29.092,6.2481,14.721,30.528,22.065,17.49,22.806,23.513,16.307,2.9028,-1.5002,6.5892,2.1696,-25.185,-45.312,-34.451,-25.381,-37.906,-30.302,-10.084,-22.731,-31.298,-8.6302,1.3183,4.6188,26.003,34.986,30.389,39.077,44.565,32.826,24.431,23.131,10.309,-5.4516,-3.7582,-4.067,-19.038,-22.787,-17.294,-17.522,-17.322,-27.131,-33.12,-8.565,1.6768,-18.622,-15.078,4.3603,11.754,18.59,8.7056,-7.8041,4.3392,15.271,9.5613,7.1652,-1.8765,1.7539,27.375,24.508,3.3547,3.1972,7.4579,16.2,16.744,-18.36,-31.181,-0.36408,-0.89001,-22.979,-12.27,-4.4091,-23.852,-27.786,2.4463,24.564,0.68484,-22.032,5.6427,22.023,-8.4392,-16.805,4.9905,7.358,9.223,25.694,22.497,5.311,0.38848,-2.4639,-6.1695,1.0586,5.1102,-4.8622,-8.1554,3.2685,9.5329,4.9838,-0.78449,-11.235,-21.216,-9.834,5.0239,-7.8342,-12.617,12.697,7.1287,-24.915,-8.6062,19.914,0.4699,-13.666,1.9102,4.3928,-1.4034,5.0077,21.234,30.098,6.4696,-10.84,9.6892,3.64,-19.038,1.2142,-1.1101,-27.389,6.3093,21.539,-25.179,-18.581,12.155,-8.0663,4.6789,38.803,1.6605,-30.922,0.57643,12.838,-10.29,-16.183,-10.728,-7.4511,3.6313,12.746,10.801,8.7137,8.7004,5.9117,1.1732,-12.209,-21.254,5.0322,30.036,4.6509,-15.784,2.2601,0.11049,-10.406,12.736,16.214,-14.107,-16.396,3.225,3.6289,-7.987,-9.9393,3.3801,9.0754,-6.291,-8.2658,5.6586,-0.27628,-9.2879,-2.65,-0.00083418,7.7561,18.416,-0.85362,-21.045,-4.37,11.951,9.6121,13.405,8.6605,-9.9032,-2.8978,16.761,7.1367,-5.2807,2.0262,-3.1554,-17.764,-15.942,-8.2839,0.052064,2.9795,-13.12,-13.92,13.808,18.612,-0.094213,-4.2126,0.88174,7.9781,6.0155,-14.059,-10.296,12.074,-3.2278,-17.614,9.6252,20.955,3.404,-2.8722,-1.1759,2.2996,7.2545,5.6013,7.9729,8.0785,-3.2089,-3.4273,-0.19262,-6.8058,2.2792,12.892,-5.3686,-26.056,-28.794,-18.693,2.0525,7.5113,-10.625,-11.822,9.199,9.9128,-8.7254,-0.66312,24.604,11.015,-14.864,6.3095,24.676,-0.00073693,0.46221,32.61,25.859,-4.0056,-4.4243,5.6123,2.5424,3.5749,5.03,-12.693,-25.527,-18.566,-24.05,-25.811,1.1002,-2.7315,-34.125,-15.216,9.2601,-17.698,-26.508,0.67995,10.29,15.915,33.592,34.713,20.292,18.544,30.377,27.987,15.48,16.885,6.5059,-10.16,14.51,28.685,-5.3366,-12.126,-3.2451,-39.506,-68.434,-59.561,-47.878,-42.578,-49.841,-44.232,-9.6055,-5.6572,-8.7746,51.325,98.125,76.999,59.184,56.492,37.756,20.344,16.188,17.436,4.7764,-24.629,-36.06,-32.027,-36.572,-37.118,-37.928,-36.672,-9.8555,8.5584,-4.7351,-13.377,-10.251,-4.1077,1.4863,-3.4467,6.018,24.813,8.9198,-6.1851,11.19,17.574,13.139,16.03,15.442,23.109,18.703,-14.257,-10.612,28.174,22.987,-8.2604,-13.889,-12.374,-13.236,-3.7721,-4.1156,-28.027,-38.772,-13.221,5.8553,-5.6993,-12.972,-6.3984,-2.9198,-4.2776,-9.8423,-0.17375,27.178,27.395,6.8727,7.3753,15.12,22.696,32.629,14.86,-12.561,-7.6207,9.0547,10.126,-3.1472,-17.707,-16.849,-13.836,-18.717,-18.389,-25.023,-27.044,5.015,24.351,0.24163,-13.477,1.0671,11.625,7.3014,2.6895,15.708,25.982,10.275,-3.0381,-4.7656,-3.9919,11.8,11.493,-11.202,3.4089,19.321,-17.76,-32.242,-2.4807,-0.15572,-9.317,4.3455,6.188,-3.1681,4.8492,7.495,-12.611,-18.139,0.45982,1.3054,-5.6917,9.2918,7.0882,-11.353,4.1344,19.453,8.9279,10.457,8.763,-0.97061,7.3552,-4.683,-28.372,-13.523,-5.6507,-7.3147,25.104,20.102,-24.903,-5.8535,27.706,2.345,-11.492,0.21852,-3.7003,2.6479,4.5962,-20.01,-14.679,7.6974,-11.084,-19.317,11.108,12.546,-6.5654,6.543,20.769,8.7301,-3.5852,-5.0025,0.31186,1.8018,-5.536,0.061318,12.627,7.5676,3.2489,4.3584,0.749,15.361,24.889,-5.8232,-25.284,-15.487,-21.607,-23.548,-2.0936,-1.421,-21.421,-18.249,7.6544,17.235,2.4006,1.6633,13.834,5.2987,3.6704,17.406,1.4317,-16.222,0.21317,10.197,4.8361,1.4313,-0.17096,17.98,32.169,10.089,1.4998,19.006,13.93,-3.2782,-14.148,-26.764,-25.469,-15.746,-22.171,-36.865,-38.048,-17.905,-6.8903,-19.187,-4.9749,21.321,3.238,-3.0064,28.714,26.518,14.971,38.463,37.128,7.4236,11.115,37.558,42.235,19.741,1.7313,9.8393,14.508,-6.6145,-30.808,-37.063,-27.567,-31.296,-60.308,-74.682,-67.317,-67.287,-61.501,-39.847,-7.6334,41.134,76.334,82.469,92.758,96.276,70.003,39.686,25.225,20.648,0.81955,-29.475,-22.171,-10.797,-38.818,-36.922,-12.195,-28.476,-25.497,-7.1759,-40.84,-50.039,-14.804,-17.375,-19.852,3.3667,2.8921,3.4338,14.942,16.033,28.827,33.267,20.033,25.967,21.381,4.7898,24.679,32.301,-4.2514,-20.374,-3.3348,11.078,11.289,-0.59731,-11.237,-17.044,-19.082,-17.998,-28.337,-25.628,2.9507,0.16232,-21.24,-8.8967,-0.15177,-4.4854,-0.065974,-10.754,-8.0634,18.723,11.959,1.3766,15.481,10.698,11.011,21.929,7.3162,12.502,31.957,14.005,3.7209,4.7727,-16.708,-16.619,-3.0449,-9.9078,-9.5909,-15.547,-22.371,2.9899,0.75481,-27.58,-6.2078,9.662,-19.052,-15.588,13.323,12.698,1.6051,2.2393,6.5752,1.5044,-4.6192,9.6953,15.87,-0.12714,3.4073,5.7917,-10.611,17.226,56.739,24.195,-18.16,-11.441,-12.207,-25.432,-16.588,-16.68,-24.001,0.48759,13.721,-14.763,-17.099,16.599,20.296,4.3265,7.7927,8.9748,-4.5295,-11.963,-4.3816,3.2094,-7.0666,-9.7394,13.764,13.533,-15.792,-16.032,3.3629,9.5598,16.247,20.684,9.9801,-6.6923,-12.26,3.3325,11.137,-4.9893,-9.6584,-4.6125,0.88568,22.048,10.295,-33.66,-23.051,5.2759,-7.5488,-3.3522,6.3682,-15.624,-10.856,13.309,7.3692,-3.9326,-7.4898,1.037,23.015,16.453,-3.5791,1.0231,2.938,6.1929,14.826,-2.3056,-5.7446,9.8788,-13.941,-29.786,-4.7968,-1.0388,-0.14463,17.91,5.898,-0.50579,19.016,-0.69168,-27.707,-6.8928,4.8275,-10.046,-7.8768,-1.2828,0.80165,11.712,4.0911,-14.794,1.4671,18.789,-4.0256,-12.13,15.683,21.196,-0.11416,-8.1049,-1.6129,3.4782,-1.3368,-10.291,-6.0869,4.7522,5.3786,-3.5942,-10.682,1.9133,16.032,-3.8686,-20.273,2.1353,16.901,2.7424,-14.829,-15.709,14.545,29.481,-9.7856,-26.253,3.6931,4.8859,-5.4984,6.1189,-4.2348,-14.225,14.104,18.621,-15.344,-12.049,20.498,9.9776,-12.592,9.1357,16.604,-14.203,-12.825,1.9732,-7.4178,5.8141,13.375,-16.571,-11.221,11.128,-4.8122,-5.1248,9.1281,3.7292,9.2193,2.9158,-17.826,-3.2619,2.6037,-6.2658,20.484,15.646,-22.829,-4.2365,13.1,-14.313,-14.757,-7.7003,-13.54,13.128,27.882,0.28277,-7.2447,7.8778,7.8885,1.023,1.3099,6.7454,2.3871,-12.686,-12.07,-0.79215,-0.84851,-1.1615,3.8307,8.3262,11.744,0.51503,-17.543,-10.44,11.327,12.412,-4.8206,-15.398,-12.522,-4.405,0.47012,-6.5786,-13.946,-0.63283,10.326,2.6225,8.9365,17.132,2.1857,5.7229,21.165,2.953,-9.764,6.3568,14.138,13.72,1.6872,-21.096,-8.6368,10.054,-18.761,-33.542,-7.8978,-10.634,-24.055,4.1089,20.379,-3.2243,-2.366,20.076,6.1886,-13.752,0.66152,16.009,18.056,12.178,-5.0365,-1.8962,11.395,-8.6096,-14.076,11.16,-0.80903,-17.575,11.589,25.944,2.5883,-13.042,-3.6015,12.653,-2.2557,-28.791,-15.93,-2.6124,-8.3161,2.9174,-4.9238,-21.081,10.853,18.711,-17.856,-4.6456,28.921,19.122,-0.016153,-7.7147,1.6727,15.306,-0.6866,-8.7085,5.9782,-0.70163,-1.0585,8.1832,-13.841,-15.331,13.653,7.7503,-5.1097,4.3493,2.5646,-4.0011,-4.1221,0.7158,9.0778,-3.9314,-8.3583,21.071,9.3927,-35.611,-26.863,0.74012,0.98895,-2.438,-19.041,-25.932,14.208,33.403,-1.5636,-14.053,12.187,21.015,4.1198,-3.6827,13.432,27.793,11.716,0.401,22.766,21.846,-18.41,-17.185,16.351,-1.175,-32.338,-24.546,-21.231,-21.998,-7.3271,-8.267,-8.6239,1.1149,-11.62,-12.954,5.398,-3.7702,-6.9364,11.993,8.8965,6.5938,14.764,8.4851,18.221,36.763,32.459,29.741,20.786,1.4356,5.9125,5.4289,-10.61,-5.1965,-6.5758,-23.287,-23.832,-28.807,-34.066,-26.049,-33.596,-34.098,-19.375,-29.304,-23.724,13.801,17.884,5.9921,20.696,37.059,49.349,55.218,41.346,30.128,28.143,24.213,21.622,5.7741,-25.027,-38.518,-22.554,-4.689,-18.372,-38.436,-26.309,-25.591,-43.959,-20.527,4.8098,-11.35,-11.745,-3.0607,-11.723,1.6996,11.739,1.3982,28.46,56.442,29.232,10.237,32.44,41.121,14.297,-9.149,-0.27925,5.5111,-13.061,-15.276,-11.782,-29.715,-24.477,-4.0324,-14.366,-17.869,-1.9457,-1.2043,4.5913,10.22,-15.57,-26.38,-0.63986,6.1344,-6.9136,1.2677,18.446,20.756,13.284,1.3994,-3.7356,7.1609,9.2286,-2.65,7.8815,23.55,4.8738,-10.514,0.27307,-0.32806,-5.3042,4.5499,5.9782,0.14784,-2.4412,-12.976,-18.195,-8.1947,-4.5634,-10.88,-10.594,-2.2578,-2.4756,-12.225,-3.0901,16.823,8.7058,-2.5829,12.32,10.774,-15.515,-12.347,21.127,28.39,-2.6997,-17.838,4.5867,12.564,-4.8059,1.192,17.003,2.186,-7.1831,17.89,24.132,-10.498,-25.884,-13.798,-23.895,-27.683,2.5382,7.9513,-6.105,5.4873,2.6382,-15.338,-4.8985,5.3322,5.6498,9.8359,4.6387,16.659,23.761,-16.755,-16.445,23.321,-4.3191,-17.728,27.374,12.157,-12.02,22.251,11.761,-27.584,-22.114,-11.78,1.0595,8.3877,-13.865,-1.6526,19.704,-16.956,-25.966,9.036,6.3659,4.993,24.931,6.624,-25.751,-20.575,13.237,27.49,-1.8073,-11.175,14.345,4.0992,-11.891,1.5168,-7.2106,-8.1473,14.544,-4.1499,-18.327,9.6794,9.266,-2.5755,7.0844,-4.7114,-14.968,2.6483,11.326,9.1249,2.3762,-0.7122,16.432,10.989,-16.979,-5.6985,6.9977,-20.962,-34.004,-13.991,10.505,16.226,-10.164,-19.735,7.9902,14.06,13.328,33.504,12.91,-27.921,-9.745,21.57,7.7195,-10.799,-4.1932,6.8149,3.7732,-9.2938,-12.922,-2.1052,5.0565,-1.9674,-10.765,-6.6834,2.9682,6.0224,5.868,3.0591,-2.3398,-0.90549,3.737,0.16722,-8.1395,-8.3917,2.3417,8.5053,8.3389,12.483,-1.3414,-27.376,-12.649,17.018,5.6517,-10.763,-4.0237,1.4007,2.4284,-1.3721,-1.1421,14.544,12.511,-2.926,2.0145,1.2428,2.6249,25.401,8.0073,-32,-18.523,2.7333,-2.588,1.7703,-3.1101,-16.485,-7.2631,-2.1038,-2.0069,11.167,11.385,4.3407,1.6886,-10.893,-7.0867,9.6134,-4.587,-16.653,4.954,14.711,3.1824,6.1685,16.792,8.6091,-5.2142,-1.5227,4.9911,3.8343,6.4117,0.37751,-9.8633,-4.5391,-9.2203,-13.809,9.9774,8.1718,-17.247,-7.3872,-5.5888,-17.498,6.0258,2.5015,-28.077,-0.73156,22.779,-2.7053,-1.5907,9.7208,-5.8685,-5.2936,12.062,26.584,29.509,4.8075,-6.4122,14.206,16.504,6.4244,0.043561,-19.624,-21.062,-0.7962,-0.96531,-9.4156,-16.089,-25.754,-14.859,0.34443,-1.0195,0.0052622,-7.2982,-15.342,6.6019,17.136,-2.6861,-1.7391,11.852,5.8778,6.7812,24.399,25.675,2.9884,-8.7251,3.8509,3.0769,-12.62,-0.73256,18.768,7.6268,-3.034,9.2379,11.08,-12.318,-27.015,-15.672,-11.694,-19.488,-9.4169,-8.0198,-23.81,-7.338,12.569,-1.5848,1.3649,11.69,-6.854,-3.7895,14.959,7.5296,17.526,38.312,20.55,3.7348,4.4944,-4.5849,-1.4206,4.0715,-12.327,-9.0985,9.8406,4.4857,3.649,12.645,-2.1182,-13.828,-6.5809,-13.515,-26.519,-25.724,-26.087,-27.052,-20.743,-14.788,-6.9744,0.96335,5.4492,18.245,29.666,30.474,41.1,43.612,18.171,13.07,31.088,21.552,6.4256,3.8866,-15.74,-25.846,-17.85,-36.001,-48.403,-27.5,-23.257,-25.066,-2.7789,3.7073,-4.3398,6.9246,14.86,0.50679,-18.63,-14.587,21.125,39.466,21.757,20.638,26.768,4.4425,-3.9986,12.795,16.283,11.887,2.5287,-16.393,-19.651,-12.149,-8.7086,-1.232,-6.5104,-16.643,-3.3397,-7.1288,-31.225,-7.9944,24.87,-0.7753,-23.825,-1.4845,12.904,3.5681,-6.8945,-11.975,1.4026,24.837,24.831,8.405,5.9152,12.145,6.8235,0.31225,12.198,19.407,-1.4358,-14.666,-7.0588,-17.008,-28.049,-10.473,-1.118,-4.7259,2.7491,-5.7328,-15.673,11.724,23.227,-3.7455,-8.1443,4.9605,2.5444,0.33285,-6.0955,-13.414,1.137,12.868,15.371,23.315,1.4882,-29.872,-8.8495,15.676,0.97097,-1.4878,2.7327,-11.993,-0.62977,24.972,9.8992,-12.344,-7.218,-5.716,-8.1777,1.9028,0.4904,-10.453,-1.0409,8.9931,-1.6154,-4.8014,2.9428,-0.42741,-3.0461,0.79862,1.2748,7.4703,8.4446,-5.9728,-6.8213,0.88669,-3.3892,1.5128,2.2201,-16.504,-7.1921,17.148,5.6314,-3.3594,9.4213,7.5551,6.0177,10.242,-0.025346,0.78837,10.659,1.5554,-11.825,-29.364,-37.112,1.8508,27.629,-4.3138,-15.35,7.3105,8.8127,5.4746,-0.38775,-15.537,2.7785,23.59,0.81222,-5.3857,13.029,-3.4156,-20.099,1.0471,15.472,6.1919,-4.1427,-3.1333,11.316,11.602,-15.703,-25.49,-4.1915,7.0892,6.6084,10.483,0.35756,-10.338,7.7634,13.11,-14.816,-14.614,11.634,9.742,1.3256,-2.9122,-23.379,-16.345,9.7413,-7.7566,-15.342,19.887,20.95,-1.1106,0.36122,0.22819,13.522,27.565,-12.555,-30.499,16.961,19.213,-20.577,-11.557,9.2235,-0.6661,-6.5883,3.1678,9.8582,-6.17,-21.681,5.5673,25.063,-7.827,-26.088,-7.7569,2.2151,3.7574,-1.6892,-10.477,-1.1734,3.9347,1.8658,17.963,21.141,6.5712,4.4251,-7.2672,-16.342,4.4859,11.501,8.1288,15.727,-9.4339,-27.517,5.2107,-0.59572,-32.941,1.317,25.065,-13.857,-18.048,11.513,7.9589,-2.9533,0.33507,7.7991,17.626,-0.10366,-33.642,-17.568,24.696,23.681,2.9646,2.9155,-1.8004,-17.142,-11.762,2.982,4.2093,7.757,6.9409,-10.363,-3.4512,22.135,8.5989,-16.489,-11.069,-6.2654,-0.3098,15.912,2.8976,-17.342,-4.0827,8.5298,7.2555,4.717,-6.1506,-3.6699,5.8182,-8.3925,-6.8838,9.5391,-10.552,-20.272,4.7174,4.4477,-1.4215,13.788,11.354,4.2298,3.2778,-8.5816,-1.0303,7.639,-12.634,-1.2396,22.051,-10.542,-24.421,12.489,18.825,11.173,19.504,-3.3256,-24.547,-1.5002,2.9474,-23.562,-18.345,10.797,15.013,-7.1491,-24.538,-11.579,12.554,5.9003,-10.572,1.1336,5.8973,-10.423,-1.5683,17.785,13.759,12.267,12.013,6.1661,18.891,16.955,-5.5182,3.0737,-1.4287,-31.433,-8.6348,4.2512,-37.281,-14.865,30.554,-7.506,-24.487,11.804,4.3263,-10.985,-2.497,-8.9059,3.7817,22.093,-6.9836,-19.073,17.998,29.088,1.9781,-11.158,-0.4294,5.2869,-2.4575,-2.1363,1.5235,-4.4799,1.1541,13.179,10.949,7.3715,0.22802,-5.2354,10.145,11.361,-6.305,0.049693,0.80574,-21.144,-19.608,-8.9484,-12.668,-9.7829,-10.473,-13.815,-4.6662,-8.1305,-14.386,3.0729,15.223,11.618,8.0296,4.4838,10.521,15.085,6.7511,17.19,34.428,24.524,18.366,26.06,19.557,4.5072,-12.883,-22.7,-10.561,-9.5026,-29.55,-38.629,-46.323,-52.334,-41.009,-47.567,-57.399,-14.893,31.301,33.457,38.751,55.235,57.779,65.356,68.18,41.946,17.373,7.0753,-10.896,-21.152,-14,-19.501,-35.367,-32.061,-16.539,-11.897,-21.846,-32.012,-21.647,-4.8844,-15.266,-23.875,5.5314,22.222,-0.85661,-3.843,16.884,14.701,14.611,29.76,16.262,-0.80432,16.073,16.288,-2.1724,17.001,29.883,-8.8996,-30.609,-8.9912,4.1278,3.9885,-0.76254,-17.031,-14.547,8.5375,4.6938,-20.972,-32.371,-29.766,-14.646,6.5077,8.166,-0.0016316,4.4499,5.6534,1.7601,11.49,14.723,-1.4371,0.037632,25.864,32.362,8.8908,-10.215,-5.0609,8.4322,6.8232,-6.1718,-9.9947,-5.6732,-10.267,-22.22,-18.852,5.3837,17.454,0.81041,-10.471,0.99532,13.69,13.958,-3.1821,-22.095,-14.763,-5.6954,-11.069,7.8955,20.901,-13.075,-15.465,25.579,11.793,-19.534,10.986,30.459,0.13115,-12.52,-5.2281,-1.647,16.125,24.419,0.76927,-17.107,-15.295,-10.303,-3.0085,-2.242,-4.0236,8.3578,8.701,-7.9544,1.1049,11.143,-15.194,-22.242,5.5078,6.5625,-11.589,-12.174,-6.8055,7.7767,25.83,13.621,-3.7612,5.8264,5.8447,-10.588,-3.8347,9.5374,-1.6243,-5.5662,13.526,16.162,1.1196,-3.3151,-12.258,-20.298,2.7126,14.529,-12.265,-20.135,-5.8746,-8.6032,-1.0377,20.983,14.763,-3.4694,0.30672,8.3516,-0.90936,-11.412,-0.97399,7.8711,-5.0956,-3.6527,9.9543,-4.792,-12.169,9.4558,7.434,-8.322,2.0679,10.431,1.3604,-5.6101,-5.6206,2.5154,5.7532,-6.5203,-10.08,3.0461,10.756,4.5019,-5.1037,-1.2431,7.8417,0.17068,-4.9895,7.1662,8.0204,-9.1156,-23.918,-21.027,1.5884,9.6398,-7.8785,-3.618,19.289,13.321,-6.3447,-5.3603,7.9016,17.205,17.4,7.4833,-7.6877,-11.912,-2.2846,-6.7099,-17.687,-3.8349,2.7958,-7.9811,6.9894,15.25,-8.0118,-6.1178,6.4667,-6.6871,-4.1111,6.5453,-5.4081,-6.0264,4.7726,7.0391,13.811,9.6973,-5.168,-0.72494,4.2159,-3.6733,-6.9815,-11.375,-8.0248,8.9237,7.569,-5.5952,-4.6151,-4.3287,-6.5475,-0.095021,4.5347,6.7156,7.2488,-1.5337,-5.8498,2.3386,4.0846,-1.4247,5.9482,15.619,2.959,-9.9623,-1.6863,-1.9188,-8.4115,4.8067,2.7836,-17.196,-5.4407,8.2113,-5.9471,-1.5423,7.6233,-12.506,-13.3,11.68,11.534,-1.5425,-1.6327,-0.17608,4.7395,14.446,12.728,-0.60024,-10.169,-6.1437,2.0466,-1.9444,-7.1977,0.65558,3.9138,-5.3214,-6.5911,3.2765,9.0055,6.0946,-2.5196,-9.5254,-5.5693,4.8216,7.754,-1.4979,-9.8862,-1.4929,7.6586,-3.7177,-9.7535,4.5861,8.3575,1.3509,-0.73375,-8.498,-6.3698,9.1465,0.09009,-16.313,-7.0968,7.0037,20.673,21.999,-5.2261,-7.1727,17.225,3.9243,-13.024,-6.3614,-12.915,-2.6401,15.542,-8.9954,-12.305,14.843,-1.796,-10.794,13.042,0.49332,-10.513,9.181,-0.42559,-19.176,-14.032,-8.7865,1.9069,9.2647,2.3983,6.3283,3.6844,-6.4636,9.8623,14.478,-4.1587,2.4638,10.089,3.8806,17.688,17.809,-12.485,-19.178,1.2232,12.189,3.4672,-12.572,-11.604,0.48958,-2.3273,-16.115,-27.547,-20.414,6.3898,11.595,-8.2227,-13.764,-8.9367,-2.9365,9.1517,13.392,13.09,11.143,6.02,22.96,34.798,7.385,0.56724,20.441,7.8122,-3.3922,7.4316,-3.5562,-15.205,-12.061,-22.738,-26.181,-13.737,-13.859,-19.995,-23.44,-25.472,-19.161,-8.0629,8.466,17.917,10.088,19.892,34.029,15.272,15.567,36.423,18.755,11.561,31.077,7.8569,-18.386,-2.8378,1.9988,-8.6728,-19.991,-35.937,-26.808,-14.713,-29,-20.458,0.1819,-7.2245,-1.6772,10.41,-5.8319,-5.6221,15.365,16.774,19.446,30.362,20.43,-0.74404,-10.344,-4.2587,7.978,10.581,4.6819,-1.3621,-0.42878,9.3867,1.86,-21.02,-13.466,7.3973,-2.8208,-15.225,-6.2921,-0.83863,-3.7279,-6.294,-6.2476,-2.3545,-5.8303,-10.886,1.5779,11.447,0.73731,-3.9262,7.6166,14.223,11.382,5.5543,0.87459,5.7724,7.1532,-10.926,-14.129,10.798,10.351,-8.507,7.491,19.181,-5.2706,-13.234,-3.93,-3.9558,4.2778,-0.47618,-23.746,-12.841,7.4048,-5.9423,-9.3683,4.3076,1.8662,-1.6687,-2.1845,-3.7365,12.372,23.911,7.0204,-7.5791,-0.93259,12.093,11.076,-9.4013,-17.615,-1.0566,3.35,-6.9577,-2.7577,5.3967,1.9036,0.50592,4.8311,6.8862,9.7953,7.4143,-10.692,-20.834,-7.548,-2.747,-7.5348,4.4669,5.5066,-11.786,-4.7762,8.584,1.4859,5.1342,14.602,8.193,3.2241,-3.6806,-10.648,3.085,7.7931,-11.746,-15.94,-2.5652,3.4197,-0.85025,-8.3516,1.1375,22.729,18.921,-0.10543,-0.81606,5.0218,-0.69259,-10.063,-5.2957,10.756,3.7324,-22.476,-20.275,2.9635,4.3096,-12.086,-14.017,8.1622,22.538,6.39,-4.0113,4.7814,-2.3025,-12.657,-1.2194,7.9649,7.8786,10.577,9.6719,6.273,-0.42665,-12.082,-10.538,-1.3052,-4.2125,-4.7617,3.6307,4.4722,0.9134,-2.4153,-12.196,-14.594,7.1245,30.239,19.602,-10.47,-18.198,-6.8562,-3.9938,-5.7952,-2.1747,-0.12678,-1.3607,-0.2754,4.0988,8.4559,10.188,6.8254,-4.7299,-12.688,-2.1724,10.318,9.0277,7.5212,4.0419,-10.154,-12.508,3.6151,9.2977,-0.11762,-3.4726,-4.4761,-15.802,-18.463,-3.4215,-1.5068,-11.634,1.4245,22.918,22.962,16.028,12.665,5.0701,-6.0401,-13.891,-6.0715,7.7085,0.64905,-12.034,-10.611,-10.298,-9.2107,-2.5297,0.93917,9.2144,10.496,-5.0397,-5.0098,2.5237,-6.3349,-0.31006,14.79,7.0965,2.2195,6.8979,1.927,0.10774,1.5333,2.205,5.6258,-4.7653,-11.221,1.6846,-4.7173,-13.926,5.465,6.3638,-9.52,-3.2195,-6.8097,-18.67,-5.7964,2.6999,6.8941,23.737,9.7559,-18.737,2.0491,27.16,1.295,-14.971,12.679,17.743,-10.771,-11.233,2.3498,-6.5446,-2.0418,12.07,-0.46937,-6.4098,-1.2166,-14.906,-12.034,7.3642,1.3153,0.41446,11.694,-3.0401,-11.849,7.341,13.927,-0.60687,-15.113,-12.505,6.5172,9.4742,-5.8107,-10.005,-1.5124,13.498,16.071,-5.9095,-11.321,1.4834,1.0416,13.224,15.904,-20.005,-10.222,31.875,4.7493,-19.767,13.778,9.4644,-19.506,-6.9077,2.9607,-1.2119,2.8608,-4.2185,-6.5212,0.094645,-16.397,-28.67,-13.592,0.5275,7.4357,7.0708,-0.52753,-0.097352,1.2573,10.702,34.604,21.516,-13.979,4.2306,30.522,4.4042,-10.969,9.332,14.349,2.3537,-9.4257,-20.651,-16.909,0.6503,8.3406,-6.0447,-30.04,-32.569,-14.228,-9.0258,-11.32,-0.74475,5.4,0.7788,0.18764,6.3837,14.494,8.7735,-2.0981,20.085,41.443,12.615,-1.7106,26.865,16.039,-15.241,11.828,37.486,4.6185,-22.551,-16.098,-9.8632,-12.946,-29.029,-40.401,-20.649,-12.883,-36.547,-27.746,4.0442,-1.8877,-10.081,9.0201,15.121,12.578,18.914,18.918,25.776,34.833,22.345,22.572,36.914,19.457,1.3919,8.8471,2.3799,-8.4606,-9.5598,-24.536,-24.32,-3.5876,-18.335,-46.185,-39.979,-29.307,-30.217,-29.863,-29.766,-15.004,14.752,31.749,34.623,32.756,31.629,36.92,30.941,17.512,26.557,32.717,6.9917,-13.636,-9.12,-4.1305,-5.3334,-3.3156,-1.9728,-14.088,-32.5,-32.711,-23.317,-24.546,-22.228,-13.701,-5.2082,17.741,26.934,-7.2576,-25.555,2.8856,16.682,3.9194,9.253,22.53,16.701,10.976,15.067,7.9525,2.0841,20.929,24.077,-10.214,-16.877,9.7824,-0.93936,-22.575,-2.1358,4.676,-22.01,-21.215,-3.0398,-5.8673,-10.478,-12.052,-15.217,-6.6028,-6.269,-15.439,3.0285,22.81,12.23,10.283,16.84,4.1669,6.0324,23.703,12.786,-3.2911,7.7618,10.506,-9.1846,-8.1355,14.431,0.071945,-32.731,-7.3383,23.616,-11.21,-30.775,-11.766,-16.347,2.1572,30.786,-6.8626,-14.978,29.7,8.2957,-12.333,14.585,-17.796,-40.817,3.9435,0.89268,-9.9635,22.323,3.438,-9.6146,30.546,17.471,-0.10457,31.02,9.8287,-23.516,1.31,7.1478,-5.0802,7.6992,9.9934,-3.1371,-21.879,-29.433,-5.9522,-7.9303,-27.224,-0.25146,2.6415,-25.132,7.5448,24.684,-14.721,-1.5462,29.191,7.4332,2.6209,22.121,13.15,-6.7319,-3.9155,18.389,10.322,-24.984,-4.7349,27.661,-4.6982,-16.802,7.1767,-4.5735,-10.191,-10.324,-32.368,-4.6901,24.922,-11.436,-9.0852,22.203,-0.80866,-7.1519,-2.0404,-24.052,12.468,41.81,-24.456,-37.743,20.382,11.261,-7.8017,20.204,23.271,19.151,24.44,-2.8827,-18.565,-1.2988,-3.4821,-12.282,-9.6113,-19.968,-21.263,1.6701,9.1508,-2.7094,-1.9237,4.3545,-2.014,-1.1468,8.8835,-4.6148,-17.623,6.2558,17.013,-0.71765,10.483,22.958,-6.8761,-20.897,-0.49644,3.2955,-5.4122,1.9248,16.183,11.64,-12.241,-9.5542,17.692,3.7341,-20.781,7.1205,22.126,-14.653,-27.445,-1.1105,5.6246,-14.904,-17.305,13.829,21.167,-15.218,-16.788,19.3,11.734,-12.399,5.7376,24.319,12.371,-4.1047,-9.2173,-3.3723,-1.7974,-11.85,-17.113,-14.411,-2.6545,15.935,15.704,8.3985,15.662,7.367,-5.7111,6.8007,1.6389,-17.751,-0.54882,8.1967,-17.476,-16.74,3.8966,5.764,7.1568,6.6213,-7.2116,-15.357,-16.338,-11.928,-1.3142,-0.077149,4.8023,19.684,12.913,2.418,13.248,9.9069,0.9044,13.55,5.6559,-20.334,-17.264,-8.4433,-5.4415,10.002,4.232,-12.889,5.0989,17.421,5.3109,11.858,8.1487,-20.79,-17.326,1.0389,-7.7928,-10.617,-4.7455,-13.415,-9.0661,10.65,10.926,-2.7828,-3.817,7.7065,6.6842,-10.303,-5.8595,19.241,22.968,12.579,6.7735,-5.5082,-10.03,0.48058,6.0106,10.032,4.9738,-13.167,-3.7328,13.915,-8.8133,-22.335,-5.8812,-12.695,-15.863,7.8913,6.5933,0.74062,14.187,-6.9467,-29.841,-3.6208,2.7354,-17.316,0.26397,17.731,8.8236,10.164,6.2577,6.0413,30.399,15.82,-21.169,-1.6414,10.458,-15.783,5.9546,29.577,-7.9125,-10.377,27.926,13.561,-11.343,0.064068,-6.422,-27.663,-31.244,-35.906,-29.841,-2.9922,-0.55205,-19.118,-13.111,1.6879,0.70995,5.9817,21.787,28.03,23.868,19.149,19.848,18.185,8.6372,17.807,38.921,20.961,-6.8732,7.2706,15.23,-2.0888,-2.5366,-14.465,-48.267,-50.296,-40.644,-50.239,-44.395,-30.379,-34.495,-34.736,-17.146,15.476,48.794,58.819,58.215,56.062,38.577,31.046,41.401,29.452,1.2799,-5.4872,2.5806,-8.5792,-31.76,-14.572,12.246,-29.411,-64.752,-24.498,-13.313,-42.513,-22.261,-2.0559,-14.948,-1.8135,11.333,4.0435,18.754,31.411,17.812,11.316,16.239,10.423,-7.2189,-3.7701,26.728,24.459,-2.3898,5.2553,7.0396,-9.4178,5.2385,4.7657,-20,-2.3488,11.339,-15.477,-20.434,-6.6111,-4.4317,-9.2467,-21.868,-11.218,10.633,-12.596,-26.055,3.6576,-0.39067,-16.195,14.627,36.307,23.015,10.319,0.82139,-3.6312,1.564,5.7253,8.6481,14.344,18.914,2.9457,-25.797,-9.4481,30.242,10.887,-25.1,-11.085,3.6875,-5.7992,-6.6813,-7.3678,-17.189,-15.168,-3.5033,-7.9945,-18.516,0.56402,15.715,-11.928,-17.058,15.826,13.685,1.5955,18.775,19.675,9.5984,6.9002,-5.1102,5.5104,26.173,5.6015,-8.7043,4.6718,-4.278,-13.13,2.8431,7.1157,-8.9506,-23.11,-11.708,10.472,-3.2834,-23.301,-13.568,-16.738,-16.907,14.177,12.197,-16.212,-4.8563,17.625,18.347,10.366,-1.2401,2.7508,17.975,16.838,11.351,6.4269,5.7371,22.293,8.9586,-31.445,-16.351,14.135,-13.338,-35.205,-17.912,-3.4638,7.0895,2.0931,-20.365,-9.7966,15.369,8.5115,2.7325,6.8103,-3.5242,-0.027905,11.274,-9.9113,-21.94,7.4474,19.277,-0.1511,2.0038,17.78,11.047,6.0662,18.349,7.9195,-24.296,-20.537,14.834,19.138,-4.7503,-9.7308,-2.9598,-9.1022,-18.971,-25.985,-31.224,-22.172,5.2822,28.572,24.102,5.933,2.5615,6.5593,7.4954,10.685,4.5257,-0.15252,7.2432,-14.75,-30.893,25.657,48.929,-18.666,-28.972,21.591,4.2846,-23.034,-0.89162,-5.6676,-22.792,-4.6161,8.2683,10.63,14.016,4.0766,4.048,7.3781,-10.528,-10.401,1.1495,-16.136,-19.753,-1.8719,-8.2313,-9.8662,8.2954,9.8675,10.527,19.301,20.13,30.318,28.696,-3.0253,-13.406,-11.748,-29.838,-23.562,-5.7327,-6.7419,11.706,11.611,-23.079,-2.06,20.409,-21.206,-8.1146,33.294,-8.0477,-19.707,23.345,-0.58448,-21.993,12.335,13.826,9.4752,16.672,-19.739,-29.613,10.415,9.8261,-5.4683,6.8296,5.6904,-0.7528,-0.63473,-5.23,7.1273,14.949,-5.2326,-12.663,-7.8821,-8.7312,6.8362,16.492,-3.5448,-16.252,-8.706,3.3281,15.348,11.536,-8.7766,-17.693,-7.5549,3.0305,0.542,-6.6575,-3.5182,8.0951,17.162,11.113,-7.4484,-7.6861,10.779,12.374,3.0758,1.0028,-6.6917,-9.5715,5.2526,8.8632,-6.3463,-10.378,-1.3073,-4.4261,-16.017,-8.6717,10.6,12.949,0.89274,-10.892,-13.111,0.1203,8.3808,5.5437,12.528,12.728,0.17045,1.0809,-5.384,-16.425,4.2854,6.881,-21.913,-6.4877,21.135,6.2957,2.2597,10.666,-1.158,-3.3718,-2.5889,-6.3903,10.55,7.53,-21.965,-16.775,-0.29072,-1.4215,7.221,2.541,-10.021,11.942,16.26,-15.667,-12.16,7.9616,-1.2582,3.3449,22.871,6.0804,-21.252,-7.8894,14.355,-3.516,-21.808,1.215,13.061,-3.1638,3.3182,10.15,-2.2707,13.408,25.724,-5.2748,-18.599,-7.2783,-13.413,-13.273,-5.128,-6.6264,1.9865,4.8196,-2.0596,9.7572,2.5201,-20.757,6.0655,29.102,-3.6587,-9.5144,19.714,11.778,-9.1822,-5.3126,-0.47929,-2.6791,-1.9026,1.5794,-1.7537,-16.585,-15.029,12.639,23.305,5.7577,-6.5316,-5.7467,-2.446,0.086629,0.19585,-1.0655,-4.2989,-7.9594,-5.2017,2.9002,9.4597,7.2566,-2.7037,-4.322,2.4678,-0.0023824,-6.7981,-3.7368,4.2276,4.1566,-4.1885,-1.5385,9.677,2.9858,-3.0018,8.3898,-0.37874,-14.058,9.8695,22.985,-4.7965,-18.842,-5.2988,6.251,7.6007,-3.4511,-14.075,-7.0159,4.4177,4.3815,-6.7657,-14.977,-0.81386,17.233,5.8888,-15.042,-8.2261,14.125,13.866,-3.0182,0.18416,5.9167,-13.215,-14.842,10.74,12.898,3.1212,10.663,10.005,-1.2362,-0.71054,3.645,-4.4344,-19.53,-12.226,11.772,3.7751,-14.817,-1.6442,1.8217,-11.312,-5.1191,-2.4764,3.0763,23.57,3.8328,-24.864,-0.82035,10.914,-4.8608,8.2952,8.5755,-15.364,-2.2309,13.987,-5.653,-9.1985,15.835,23.785,2.8751,-9.7595,9.1777,14.511,-14.004,-14.834,11.314,4.695,-12.221,-6.8898,-8.1878,-17.277,-12.88,-5.172,-4.6534,-4.201,5.5983,15.424,7.5123,0.35046,6.3218,-2.51,-9.8733,11.886,15.692,-7.1221,-4.0127,3.1862,-7.3395,6.091,12.712,-16.217,-1.3954,42.16,13.206,-29.86,-1.9672,24.799,4.0237,-14.93,-14.912,-5.6032,-0.95028,-12.239,-9.5876,3.8905,-12.821,-22.14,7.3612,12.518,-17.846,-21.577,0.29621,4.7316,-6.1923,-2.7707,14.311,15.92,5.236,9.0093,22.565,32.341,31.591,16.233,7.5207,10.881,5.5088,-0.73536,-7.2088,-19.582,-14.401,-14.024,-34.317,-22.046,-9.0644,-43.429,-40.578,1.7777,-8.5191,-27.695,-7.8132,5.7534,10.449,8.5919,4.6367,28.873,33.422,12.758,42.386,62.054,24.541,24.988,44.251,23.43,20.233,17.042,-19.388,-27.727,-29.284,-54.432,-48.999,-43.688,-71.466,-67.451,-43.696,-52.222,-53.012,-20.855,8.0916,25.56,55.646,87.465,85.77,74.135,81.499,68.379,37.465,23.203,-2.042,-23.839,-14.243,-25.418,-44.078,-28.484,-33.721,-55.452,-43.298,-31.124,-29.716,-29.757,-38.67,-9.0788,36.601,20.837,-1.0568,11.495,9.1117,10.321,23.968,23.111,32.3,35.702,19.747,24.891,17.861,-8.0196,5.5198,5.6849,-30.625,-23.784,-5.179,-15.367,-0.69097,15.439,-5.0213,-21.412,-25.796,-25.157,-10.485,-4.3771,-11.812,-9.3701,6.147,14.97,2.4489,4.2185,29.8,15.479,-14.013,-0.90827,-4.467,-17.996,16.767,24.844,-0.24971,19.759,21.622,-13.216,1.8493,21.51,-0.15163,-4.9535,-2.0475,-12.181,-13.324,-18.545,-12.667,6.9772,-14.834,-37.285,-6.2275,8.2185,-8.7851,0.49042,16.768,19.461,19.77,5.1857,-7.5047,-2.2819,1.3328,14.013,22.329,-8.2149,-20.992,9.0704,4.561,-22.853,-8.6549,10.998,6.5635,-0.50029,-9.6877,-4.2023,11.435,-1.304,-1.7562,27.469,10.525,-20.064,3.6133,6.0899,-24.887,-5.8056,16.019,-11.501,-21.046,-3.0974,2.3781,6.0854,2.7655,-10.548,-5.8413,1.2736,-6.9868,-4.4984,9.4146,13.878,7.226,0.014495,10.807,25.834,10.789,-4.5574,10.267,11.432,-8.3,-7.7456,-4.6014,-18.043,-18.592,-8.7752,-6.4534,-3.4229,-7.694,-15.748,-2.0909,10.493,-0.48084,-2.5315,11.316,19.433,21.081,5.7563,-17.481,-6.2909,16.399,1.8268,-15.01,-2.5642,1.0887,-11.729,-8.3209,3.2675,1.6078,3.6733,17.297,16.629,5.3291,11.219,14.428,-8.2554,-18.559,0.75708,2.6026,-20.691,-22.114,-6.7899,-14.139,-20.619,-1.0354,4.3335,-4.3804,14.728,25.585,0.32229,-2.3828,20.42,13.551,-10.084,-12.962,5.6552,23.923,12.639,-9.8011,-5.001,3.5935,-3.6644,-6.422,-5.3817,-0.37354,6.4997,-4.8761,-10.6,3.9574,0.037777,-11.308,-4.903,-7.2223,-9.239,2.992,-0.18718,-4.4909,4.1862,-5.628,-11.532,8.5579,8.6031,-3.6937,16.147,31.653,9.0181,-9.2162,-0.25477,4.9944,-1.9717,1.6786,9.2422,-3.1015,-16.835,-5.4554,7.0671,-1.9862,-6.8764,2.6438,-0.38981,-8.3946,-0.94919,-5.9597,-24.223,-13.21,9.2666,8.3606,-0.75377,-10.553,-5.3382,21.983,10.957,-24.196,1.1388,32.545,7.1385,-5.47,2.6663,-4.4065,12.216,31.018,3.9679,-14.041,4.2236,10.074,-6.7734,-16.416,-3.5756,5.7954,-9.6378,-15.575,-8.0074,-17.092,-17.922,-9.8278,-22.402,-15.785,17.886,25.872,20.466,23.955,17.037,2.0277,-13.941,-17.381,5.3555,13.527,-7.2312,-7.8747,14.439,21.094,2.0156,-13.216,6.8228,21.531,-0.80021,-1.9229,9.0324,-20.459,-30.08,-5.0384,-13.032,-19.656,5.538,12.68,8.5192,5.313,-13.627,-17.034,-5.3024,-10.156,-6.2952,9.3328,5.9616,0.26783,11.246,23.377,19.156,4.6641,4.4035,7.5319,-0.11756,9.5523,15.204,-10.036,-7.6019,13.206,-12.654,-27.462,6.1587,9.9663,-17.562,-14.936,1.3955,-3.4484,-12.665,-5.0333,-2.499,-18.006,-12.2,2.994,-14.742,-5.0587,39.948,15.46,-30.001,10.417,48.656,19.632,4.0576,11.405,-2.1155,-13.805,-5.9153,3.5445,0.3149,-10.312,-3.308,14.441,8.2778,-9.2559,-9.792,-3.7611,-0.74162,3.4048,2.1208,-7.6025,-16.743,-20.282,-14.974,2.8083,13.255,-5.8748,-25.247,-15.81,-4.7803,0.52064,15.498,11.958,-6.2358,6.1742,19.784,0.74443,2.4855,38.887,45.262,15.769,9.3731,29.46,26.407,1.3451,-6.8395,-6.0193,-16.299,-25.433,-30.474,-35.721,-41.575,-55.847,-59.135,-37.734,-26.852,-26.53,-6.8483,12.064,23.324,46.588,60.115,59.793,72.696,75.652,44.634,18.549,21.331,12.413,-24.987,-36.356,-13.512,-19.254,-42.64,-38.547,-36.617,-43.965,-38.197,-35.191,-18.618,8.2472,-4.2955,-7.4858,24.995,9.6806,-11.854,27.999,37.102,10.361,23.727,23.171,3.3049,26.277,32.381,1.1596,5.486,18.432,-2.2557,-16.199,-11.574,-5.538,-0.92632,-5.4826,-16.701,-28.997,-33.679,-14.199,1.821,-10.597,-11.451,3.3731,-4.2371,-10.238,2.9001,-2.0133,-11.038,8.4676,21.78,16.383,21.19,14.473,-5.8175,11.474,32.359,4.3574,-7.6618,21.064,18.761,-8.6945,-16.24,-16.596,-12.758,-6.4329,-9.8571,-4.093,1.1017,-11.658,-7.7693,4.5599,-8.2467,-19.984,-17.601,-4.2175,16.539,0.38592,-20.154,21.557,38.254,-11.967,-18.176,9.6539,1.7929,3.083,12.733,4.6638,23.014,36.67,2.7471,-16.486,-10.331,-14.202,-1.5687,17.143,1.1815,-18.419,-9.3976,1.4515,-9.7971,-17.386,-0.99784,-4.049,-24.587,2.7316,24.171,-19.574,-22.336,25.647,8.9107,-19.405,1.8999,-5.5869,-9.0903,41.809,42.96,-4.5903,-0.95778,14.155,6.7366,17.388,7.7743,-32.22,-28.11,4.3489,4.6142,-6.0746,-3.8799,-4.1375,-8.7335,-8.451,-1.7311,1.3429,-8.8321,-17.89,-9.2053,5.1521,5.9765,2.3149,15.143,22.552,-5.2629,-24.924,-1.106,16.587,10.296,13.483,10.497,-5.7269,-2.5463,2.7131,-4.7713,7.9152,16.789,-14.003,-25.291,11.893,22.318,-12.686,-23.753,-1.5169,7.1895,-3.1174,-16.064
1.0202,2.6304,-14.158,-9.9956,15.483,11.552,-2.735,-6.4814,-10.701,0.43245,11.649,2.6325,1.6754,1.418,-11.796,-8.6368,0.40729,-1.7694,3.0784,3.7169,-2.5532,1.8075,-0.90338,-5.9004,0.99393,-8.4466,-14.502,10.417,12.254,-8.5865,6.1518,19.934,-1.88,-6.6845,11.271,14.001,12.285,11.711,-4.548,-18.439,-9.8235,5.4648,8.8086,-1.1856,-13.804,-18.22,-20.056,-28.248,-30.25,-7.9888,21.241,20.701,7.4637,21.566,29.508,6.0212,5.8925,20.73,-3.0792,-14.813,7.1604,-6.8065,-26.542,1.5964,14.462,-3.1698,1.1596,8.1597,-1.4878,-6.1785,-11.968,-16.261,-4.9458,2.7669,-3.8651,-7.9522,0.57238,8.4621,0.73824,-2.3484,7.0077,-1.3609,-8.7384,11.041,17.04,5.5715,7.3906,2.926,-2.4821,7.2796,-3.4387,-18.077,2.3539,10.962,-9.8992,-7.8013,11.962,9.019,-4.8453,-5.5778,-8.6824,-25.412,-22.286,4.8038,11.426,8.4278,20.893,11.967,-10.856,-4.6578,1.006,-9.3407,-1.2468,12.455,8.2341,-0.88585,-5.9677,0.69147,15.34,13.703,0.17521,-4.1432,-2.3799,-2.7283,-4.262,-3.8831,-5.5904,-13.712,-13.62,-5.6099,-9.5867,-9.302,4.2754,4.0217,3.5011,12.621,-3.4896,-14.031,20.791,37.976,17.077,15.007,9.6249,-20.088,-11.836,15.58,-5.3512,-24.755,-6.0185,-10.768,-29.063,-8.7978,8.7117,-2.182,-0.11768,9.9742,6.0805,4.5694,3.1709,-4.5791,0.50279,10.519,2.8976,-6.664,0.60242,8.0393,0.86453,-6.0712,-0.18573,9.0485,8.3644,-3.7909,-7.7889,6.2612,7.5015,-4.9836,4.4936,8.545,-15.461,-13.589,13.149,11.091,-9.3669,-17.241,-2.3744,15.021,-7.013,-25.023,5.0654,6.1463,-23.539,-11.388,-2.1218,-7.2636,17.25,17.14,2.8313,24.979,12.953,-9.2609,25.931,20.224,-17.768,11.6,17.707,-23.583,-4.8099,15.374,-16.519,-18.635,-4.2904,-18.896,-23.977,-15.867,-12.95,-5.9317,2.2754,9.8769,13.829,10.198,11.482,9.7878,-1.5347,-0.76665,10.948,16.672,7.924,-9.8465,-4.4777,10.671,-5.8312,-10.812,15.299,9.1867,-12.305,-2.7495,0.23721,-11.168,-5.8955,4.6129,8.9472,4.527,-9.7467,-14.434,-8.1906,2.397,16.433,6.9747,-15.86,-11.343,-6.0478,-17.152,-7.8511,7.1092,0.50152,-4.3943,1.4847,13.89,27.948,19.326,1.7416,9.5525,16.635,-0.62674,-8.9181,1.6803,0.49088,-12.165,-12.468,-6.8445,-4.6775,4.5881,6.7819,-5.7722,-0.56065,7.7184,-15.004,-22.529,2.3719,1.0212,-17.615,-8.1782,9.1564,11.763,2.8255,-8.3372,0.74708,13.591,-4.0265,-18.192,1.7339,17.782,11.868,10.636,16.311,8.1663,-4.4098,4.6852,20.278,14.441,2.1997,-4.0529,-13.792,-14.622,-2.6756,-1.8317,-15.075,-21.918,-9.8089,2.8011,-10.559,-23.179,-5.9947,8.1397,0.62413,-11.684,-14.856,5.129,11.861,-18.621,-7.7262,33.751,7.2152,-16.103,30.088,41.081,15.24,29.78,41.191,31.35,32.3,24.454,10.619,-9.5015,-45.615,-48.194,-35.871,-61.669,-66.099,-47.198,-61.231,-46.769,-6.3343,-24.265,-29.679,35.393,78.972,80.065,79.169,60.697,40.857,44.751,36.505,12.608,7.4459,1.0458,-29.872,-43.458,-22.825,-17.04,-29.77,-25.334,-23.938,-36.523,-32.091,-24.857,-31.823,-23.803,0.16577,14.872,18.087,21.138,26.565,15.4,0.52073,25.126,48.239,21.985,5.3682,13.853,0.99241,-7.604,2.0069,2.8279,4.3849,-5.1385,-23.201,-4.722,9.8527,-12.92,-12.374,-5.3033,-28.471,-24.283,-3.4087,-12.115,-8.5793,3.654,-4.6349,10.97,31.8,8.1228,-3.4633,13.788,-0.97115,-18.945,4.1715,20.881,9.8559,0.48563,-5.7806,-5.6497,7.0859,8.6501,-0.25513,1.8851,4.6358,4.3992,7.3649,-1.0526,-8.2859,1.4503,-3.9902,-22.932,-16.201,-0.52249,-1.8009,-3.9718,-3.0102,-2.8871,3.3558,3.9317,-6.8571,-3.3276,16.808,16.752,-6.7161,-16.218,-8.7106,-1.8606,6.611,6.5811,4.6579,23.05,22.678,1.5838,17.766,15.17,-34.72,-15.507,34.013,-7.167,-41.184,-7.9278,-7.5776,-23.322,-7.4053,-6.0494,-7.2254,9.5895,14.906,19.626,17.639,-6.1953,-7.0175,9.9719,5.1596,7.4619,18.18,1.0535,-15.581,-8.8425,-9.8581,-14.709,1.4923,12.611,0.069962,-7.047,-6.5782,-6.0995,11.511,9.8998,-18.908,6.3953,40.505,-5.8145,-28.227,10.042,0.23399,-14.252,10.221,-3.0481,-10.625,19.346,3.2227,-22.019,-4.167,3.2056,6.263,15.269,5.7124,5.4314,-0.62828,-25.34,-13.268,2.9377,-9.5654,5.3452,14.227,-11.534,-0.038589,25.26,13.276,4.6446,-3.7579,-21.99,-8.4862,11.529,-4.2104,-21.622,-7.6399,13.192,4.5613,-4.9378,21.196,23.169,-12.78,-2.5284,20.608,-11.791,-18.926,22.19,12.473,-27.454,-11.852,15.18,-6.1759,-26.741,-13.175,-6.1855,-9.775,-0.89528,5.0943,10.406,17.922,0.52717,-8.8393,16.148,14.377,-6.7503,14.588,41.336,33.042,9.557,-18.792,-29.112,-16.718,-18.564,-22.954,-10.985,-10.662,-16.499,-8.5622,-0.41414,3.7163,4.6429,3.2579,12.309,20.947,10.459,-3.9725,4.8638,29.939,25.038,-10.79,-19.926,-5.9636,-5.6221,-6.1332,-10.368,-13.392,13.733,20.346,-16.427,-16.354,10.942,-1.2943,-14.472,5.6303,18.063,2.175,-10.692,10.562,25.448,-5.8048,-23.592,-8.7973,-11.881,-9.0276,8.0786,2.4024,9.4221,22.735,-5.4966,-16.137,7.2169,0.76142,-6.7078,4.1453,-8.5524,-14.712,6.8467,15.969,11.163,4.9322,-2.0568,-2.839,-1.2143,11.776,20.141,-14.888,-35.252,2.8014,14.098,-12.259,-7.0083,-0.37837,-14.786,-3.6248,22.641,28.276,10.202,-15.184,-9.631,8.9534,-11.458,-24.812,2.9828,5.4734,-15.914,-8.5408,-1.5364,-7.1296,9.4836,26.525,21.161,14.469,8.399,5.6169,13.408,5.6846,-15.419,-15.607,-5.9618,-2.7181,2.3332,-6.8096,-24.335,-12.367,5.3277,-8.425,-17.69,0.30721,11.468,4.825,-3.2991,-5.5731,4.4347,14.924,4.8132,-3.0402,12.445,17.705,7.7014,11.861,2.512,-26.826,-13.938,20.066,9.5454,-4.9525,6.7178,2.9864,-4.4599,2.3725,-5.1887,-17.634,-17.029,-12.63,-4.9728,-6.2731,-3.8097,24.66,17.866,-27.493,-15.324,13.523,-13.017,-10.931,28.703,17.685,-6.8051,0.36654,2.3248,5.7259,21.314,26.042,16.047,-13.707,-34.858,-6.9319,18.269,4.5302,-3.1519,-10.087,-23.21,-0.12656,22.457,-1.8464,-18.703,-5.4511,-4.5854,-13.13,-4.021,8.2806,-5.3395,-21.592,3.1592,24.007,-1.4818,-0.28125,29.416,-1.4559,-33.755,9.5733,35.901,4.5319,-9.7799,4.2926,20.82,21.618,-7.7722,-19.975,3.5493,5.8905,-4.7876,0.97337,-6.2891,-17.654,-14.396,-12.899,0.14145,7.9065,-22.094,-32.615,-0.27648,9.6463,-6.3981,-1.7141,28.226,41.538,6.3664,-14.163,20.268,22.531,-8.0953,-1.3667,-18.623,-58.242,-20.265,26.616,8.5362,7.6168,31.922,27.376,16.611,15.312,14.007,5.1684,-13.65,-7.9251,8.3936,-17.052,-39.664,-25.733,-24.829,-31.753,-21.124,-10.696,0.80534,5.7525,-10.029,-21.522,-12.618,12.726,34.042,28.234,25.687,35.367,25.717,24.542,32.969,21.732,35.894,51.613,13.001,-6.8455,-6.1185,-36.667,-32.947,-30.747,-82.353,-61.405,-10.247,-62.56,-89.738,-47.233,-54.461,-40.276,35.008,60.632,63.048,92.878,100.25,82.344,63.5,62.991,69.285,15.067,-47.004,-24.563,-8.026,-45.061,-49.575,-35.443,-42.958,-47.393,-50.942,-40.554,-19.931,-35.093,-40.742,-1.5579,17.722,23.695,40.283,19.494,0.49734,35.916,48.626,19.026,28.337,51.594,16.349,-18.038,11.804,29.236,-8.6412,-23.96,-9.0463,-18.935,-21.915,-3.768,-20.908,-51.687,-32.424,7.6587,9.1909,-10.66,-4.7847,13.928,16.15,10.458,-6.4931,-17.708,12.373,18.219,-30.178,-23.815,24.007,16.847,11.378,28.158,6.4723,0.065797,22.653,3.1833,-18.968,-1.133,19.469,26.065,2.6866,-23.895,1.441,15.62,-23.627,-33.576,-8.0906,-7.2769,-23.211,-31.302,-19.861,0.55713,4.3459,7.8202,10.767,-3.0628,4.6348,26.715,19.332,10.095,10.96,11.372,23.572,12.275,-13.31,5.9182,11.934,-23.375,-16.156,10.345,-5.7478,-28.513,-28.952,3.4915,40.333,13.69,-23.833,-6.6696,-4.7046,-26.84,-13.062,6.5892,0.6385,-15.487,-20.49,6.006,22.855,9.404,26.769,49.351,24.504,14.181,24.701,-2.6777,-31.14,-27.417,-26.34,-32.032,-24.371,-5.579,1.4943,-10.44,-10.962,6.3031,22.264,33.25,20.835,0.75573,12.812,10.797,-15.093,1.3575,11.926,-19.769,-11.847,3.4849,-30.045,-23.661,17.37,4.565,-7.1913,21.291,19.017,-7.6836,-2.427,10.777,0.025637,-5.1625,5.2562,-7.7827,-27.04,-2.9264,15.253,-14.094,-16.925,23.696,30.013,-0.20691,-7.9335,14.07,23.249,-0.72347,-15.183,-0.61343,-3.4186,-21.168,-15.636,-5.3365,-2.0661,3.0667,-3.723,-5.1888,11.302,5.2174,-15.784,-6.6866,13.377,12.78,4.7875,10.131,22.462,12.913,-8.6189,-4.9208,-2.9653,-23.078,-15.524,7.796,-3.5457,-12.168,2.6633,2.8853,4.9836,17.099,0.67641,-13.688,7.7982,12.031,-13.762,-19.433,-2.6381,13.11,15.132,-4.5628,-11.102,14.786,15.479,-15.517,-12.254,10.735,4.8763,-8.4963,-20.359,-26.442,11.959,42.493,0.71788,-20.144,19.705,14.006,-16.581,9.951,22.199,-12.556,-18.882,-5.5224,-6.8345,-5.2785,-8.3076,-8.5438,6.9648,3.5223,-5.4485,7.8205,5.5545,-0.42687,17.357,8.656,-13.363,7.8416,21.79,-7.2629,-24.379,-12.735,-0.83853,-0.54343,-4.6343,4.4714,17.266,8.8754,-7.7009,-8.8887,6.2561,17.125,0.91732,-15.682,-4.4115,-2.1053,-19.496,-20.929,-8.4088,11.875,33.401,18.747,-9.7812,2.4747,22.183,8.4613,-9.7804,-10.265,-1.3361,0.53659,-16.109,-25.815,-4.8367,12.601,-3.9879,-18.766,5.83,36.028,24.141,-7.8276,-13.508,3.3542,8.5562,-8.7286,-15.885,5.3789,11.223,-6.9939,1.5645,12.13,-17.191,-21.25,18.075,15.468,-17.381,-5.1571,14.584,-6.6466,-18.356,1.6833,9.7222,4.3714,5.111,-0.21649,-0.15009,14.851,7.8008,-9.7319,6.3525,16.414,-8.0772,-12.718,2.1314,-8.6768,-20.876,-13.554,-10.16,-1.2477,14.268,1.6014,-11.319,17.253,30.969,1.5107,-1.0296,16.538,-5.5906,-18.716,4.4783,0.12516,-14.622,0.61087,2.7457,-6.3879,-1.094,-7.7213,-2.9729,26.052,16.7,-12.605,-6.3225,1.3691,-4.5425,-5.9594,-11.87,-3.9254,12.615,0.84749,-4.2056,10.159,-3.0777,-14.403,4.3906,10.027,6.8195,8.9515,-4.7089,-8.9625,5.3604,2.7297,-4.1587,-3.3071,-5.9539,7.3934,18.255,-1.3501,-8.1348,-2.1746,-17.264,-10.151,13.972,-3.8074,-15.144,13.089,16.185,-0.25425,-2.1927,-13.914,-8.7741,24.805,16.132,-13.366,-0.43376,2.9242,-15.897,2.1594,17.226,-6.9913,-12.993,-2.6488,-11.69,-8.342,9.9996,9.5427,4.1992,4.3584,1.8827,8.6835,10.979,-5.7784,-2.9524,21.253,14.121,-15.674,-20.146,-7.1116,-7.4655,-20.38,-23.715,-4.751,13.532,8.0206,4.1493,17.377,14.221,-4.9737,0.31039,17.921,9.3836,-9.6392,-12.074,-7.3182,-2.8313,2.4129,1.7211,5.0458,18.062,12.294,-12.585,-16.366,-0.61291,2.4084,-6.8059,-13.214,-9.6569,-1.1613,-6.7611,-15.944,-1.2886,15.771,10.493,3.7972,7.9956,16.076,21.047,10.261,-1.1112,7.0666,2.3987,-24.647,-25.952,-3.0859,0.19431,-9.6444,-7.7787,1.0763,5.6587,0.21671,-5.3244,8.8194,22.923,3.7511,-17.475,-5.228,2.625,-9.304,1.2764,18.72,4.7189,-5.6723,5.8533,6.0626,-0.16207,1.1341,-2.9896,-5.7591,-3.8856,-8.6129,-7.7001,-0.376,-2.3686,0.33454,12.079,4.3583,-16.413,-8.4548,19.738,17.052,-6.6506,-5.9988,-1.9829,-11.641,0.46162,15.255,3.3483,0.94111,2.2828,-13.514,-2.4408,19.948,-0.46881,-18.75,0.76163,11.082,-1.3758,-4.633,8.9273,11.645,-12.171,-24.621,-7.6485,0.13859,-2.7867,2.8422,3.6536,8.6337,21.958,13.784,-4.5898,-6.8319,-5.7413,-10.235,-10.961,2.6222,13.511,-9.7679,-22.951,17.333,36.053,0.99753,-14.626,-4.6135,-3.9555,-0.76659,3.8311,1.9277,-1.5095,-8.9714,-6.4322,4.463,2.5356,4.2847,8.631,-6.1482,-10.634,2.5424,0.43445,-9.577,-15.704,-10.377,20.382,32.209,-0.11482,-14.847,4.2297,13.334,7.0522,-4.244,-13.519,-9.8618,-3.7699,-2.5413,3.9073,13.3,13.968,0.94195,-11.253,-4.2262,9.1675,9.0252,-8.6429,-31.462,-23.511,6.8197,9.0831,3.6138,15.436,6.6275,-8.6472,-2.253,-0.91286,5.7991,15.387,-7.5643,-11.321,18.831,3.5031,-23.003,4.0593,20.547,-0.090436,-6.0131,2.011,0.63791,-8.9528,-12.22,2.267,12.177,6.1079,-1.1195,-16.145,-19.125,9.745,15.473,-8.5683,-4.2698,6.2056,-5.1694,-2.7428,8.0783,5.5744,2.7027,-1.6643,-2.6263,9.338,10.943,-3.1404,-15.267,-19.399,-1.9783,21.957,6.5998,-25.351,-15.685,15.476,19.223,6.853,7.1004,12.099,6.6377,-5.8664,-11.507,1.0948,7.2341,-21.384,-35.161,1.0052,18.931,-0.66925,-1.8245,3.4541,-1.6045,8.4096,9.2852,-7.5247,-6.2271,0.79187,1.7826,3.3608,-5.8871,0.57888,15.1,-17.214,-33.345,14.098,25.693,-3.0165,5.8078,15.104,3.5617,8.4822,10.51,4.5655,5.4722,-5.142,-10.866,0.69646,-6.0296,-29.064,-33.699,-7.9578,17.502,0.7722,-13.648,13.092,7.3362,-21.72,3.1809,16.115,-13.459,0.70519,26.28,5.6699,-5.1012,4.759,6.4316,11.67,12.549,11.569,21.514,10.853,-17.194,-23.199,-11.916,3.0724,12.369,-0.69778,-21.093,-26.181,-19.094,-11.242,-5.8071,8.2338,13.757,-11.737,-15.265,16.813,7.8622,-15.844,14.395,36.142,14.644,3.1872,-2.8672,-13.925,-9.5054,-10.517,-14.555,8.1204,30.518,27.356,10.237,-11.4,-8.4251,25.913,30.515,-12.534,-38.072,-19.462,1.2092,-4.89,-23.179,-24.345,-7.8755,-6.5816,-15.046,5.3901,23.336,-2.8327,-15.527,15.374,22.993,-6.3632,-19.279,1.9981,30.23,18.533,-18.576,-4.993,30.929,16.512,2.0009,18.539,16.544,10.134,15.035,3.9279,-4.2594,-10.857,-34.386,-28.569,-3.8197,-20.515,-35.458,-12.538,-6.5848,-19.989,-8.8861,11.193,5.5086,-14.993,-14.653,5.2589,11.333,4.5792,1.9817,5.1385,25.491,44.24,30.68,25.268,43.543,36.651,28.461,41.484,12.352,-33.184,-20.496,-7.6203,-34.725,-44.195,-49.65,-74.239,-63.828,-34.982,-43.481,-54.654,-39.669,-11.927,33.62,67.602,63.177,61.613,65.45,47.53,41.879,47.142,27.526,18.818,26.757,5.3849,-14.3,-12.313,-32.583,-48.995,-32.551,-31.587,-41.506,-33.617,-36.351,-33.518,-5.6828,-6.0186,-22.387,-3.3002,10.476,1.2538,11.479,25.936,24.879,25.986,26.016,28.074,29.922,11.421,7.5567,33.974,27.243,-8.455,-9.2255,6.4929,-7.7306,-31.827,-22.105,3.6281,-14.515,-47.746,-26.955,3.4853,0.39675,0.35786,-7.7709,-24.765,-7.0673,6.6086,-5.9727,3.4983,11.131,0.3472,13.672,24.192,12.043,12.447,10.438,4.7005,19.786,14.556,-19.173,-19.271,12.425,15.141,-12.256,-7.6073,19.515,-2.0933,-20.407,19.864,14.8,-31.336,-7.1281,10.721,-29.564,-24.203,-2.8718,-22.07,-13.736,0.25835,-16.618,-0.22779,21.901,5.7831,15.258,35.658,7.8582,-9.3931,18.216,27.811,6.4779,-9.0301,-12.574,2.6892,22.016,-6.5048,-33.216,19.002,38.869,-36.182,-47.293,11.357,-0.32256,-21.728,4.834,2.4546,-0.89591,12.603,-12.909,-9.5608,35.02,4.5158,-49.638,-17.77,26.123,7.8221,-15.797,4.6775,28.485,14.287,1.5094,7.1492,-5.5519,-6.885,16.245,4.3622,-16.813,-0.77023,12.688,12.026,0.59947,-23.821,-6.3662,29.564,5.1741,-17.872,2.959,-8.606,-32.289,-13.382,-10.034,-31.843,-11.677,30.086,29.327,1.6032,-2.7929,12.379,15.065,10.726,14.347,10.401,-3.8962,-7.904,-3.3523,-4.7825,-10.269,-14.1,-8.1902,13.846,22.725,-3.6755,-15.027,13.761,16.205,-22.226,-31.738,-1.8979,15.548,-0.040476,-18.508,-4.2022,15.451,4.1686,-1.882,8.2633,4.2337,6.48,12.044,-6.5812,-11.068,3.2633,-0.53922,-2.0013,-2.691,-16.785,-4.3319,18.367,7.7003,-6.1146,-3.3702,6.0902,12.083,-2.2414,-5.2007,10.015,-7.2839,-15.804,10.234,-4.7471,-20.813,16.962,20.053,-6.6271,7.4859,8.5217,-16.24,-13.878,-4.7069,-1.7678,5.932,9.6291,17.664,11.695,-18.958,-25.248,-15.543,-21.894,-10.594,11.666,15.684,17.601,7.2487,-3.9264,22.13,32.038,-3.8237,-10.349,16.451,12.28,-13.591,-20.33,-10.723,-10.059,-19.287,-9.8684,13.68,14.457,-0.9742,-4.6708,-2.0334,-0.83215,1.465,-5.3019,-18.487,-14.072,3.3944,9.057,6.8417,4.3013,1.5459,9.5592,11.528,2.6428,20.737,28.429,-8.2497,-4.5995,18.353,-28.719,-40.832,21.064,14.861,-25.063,-7.9672,-5.3954,-15.798,-1.5934,-6.8731,3.3538,26.154,-13.319,-30.706,19.273,27.691,11.218,17.204,3.3779,4.9557,20.985,-14.201,-37.528,-12.956,-5.3148,-3.4297,-0.138,-14.792,-2.7029,20.599,11.505,5.9694,3.0352,-5.4869,12.061,16.626,-5.4796,-4.6346,-6.5727,-17.267,1.4168,9.0589,2.3602,16.982,6.4967,-20.621,-8.9297,2.7295,-2.1481,-1.1757,-12.235,-13.516,0.26965,-8.5635,-0.10183,22.765,-3.0192,-12.439,22.625,9.8758,-16.697,2.0133,4.6452,-1.9061,15.028,6.9367,-6.641,13.131,17.117,-0.2366,-1.2884,-0.80912,-10.537,-17.626,-17.25,-9.8557,0.45541,13.961,11.841,-19.123,-20.092,18.826,13.002,-15.92,1.4426,10.367,-11.502,-10.114,0.37757,4.8778,13.564,0.8917,-10.12,8.4255,5.6894,-14.541,-4.5526,6.3628,5.451,23.428,33.403,7.0109,-18.566,-12.634,-0.071757,-2.7973,6.2732,23.325,1.3069,-26.043,-11.034,-6.2641,-25.549,-19.267,-5.738,-1.8546,11.886,9.3314,-14.367,-21.434,-12.846,2.2649,20.216,19.231,2.2686,-5.3124,13.188,38.998,20.442,-14.896,0.10265,14.42,-4.0242,9.6791,23.896,-5.6828,-8.9694,12.649,6.9606,6.149,5.0125,-25.684,-36.597,-18.793,-19.131,-31.712,-31.159,-16.7,-10.514,-28.261,-27.257,7.839,14.862,-3.3322,12.388,40.586,38.285,29.511,51.844,85.552,65.543,-2.5172,-25.866,6.7303,20.26,6.4295,-6.9445,-21.999,-27.858,-29.056,-48.019,-56.992,-45.254,-52.172,-59.831,-42.624,-43.265,-54.83,-33.303,-4.2126,29.147,87.398,116.93,103.98,96.871,82.815,60.111,47.971,9.828,-28.349,-19.019,-24.798,-48.495,-33.51,-39.995,-80.385,-65.882,-22.52,-20.415,-33.783,-24.5,-1.2947,-3.3981,-22.244,2.6003,31.715,6.6452,1.5327,39.922,48.156,30.012,15.498,11.064,32.299,42.065,15.901,1.8751,10.025,13.923,2.1924,-18.641,-12.522,-0.72845,-25.555,-27.982,-6.5898,-30.95,-45.815,-23.492,-26.009,-16.758,7.5866,-17.79,-26.623,15.971,22.996,7.2551,19.842,23.097,7.4273,9.1254,27.303,32.026,24.496,30.257,24.39,-0.065578,7.9315,6.2575,-38.529,-29.742,9.086,-15.758,-31.814,-11.877,-18.801,-16.786,-6.3182,-20.986,-5.9963,17.609,-1.6414,-6.452,7.3554,-1.6986,-4.9832,9.847,26.821,27.111,2.0592,0.017742,12.112,-10.885,-7.7873,21.766,-0.73633,-12.03,14.688,0.36335,-8.9993,11.038,-7.5515,-11.902,21.607,7.3042,-19.135,-2.8004,-1.7147,-17.277,-5.0801,7.4061,-10.508,-30.807,-14.48,15.762,8.6694,-11.658,-1.0819,19.371,23.921,8.7575,-15.296,-14.024,11.551,21.942,6.1907,-11.415,-1.1798,15.455,-3.3732,-14.829,5.4943,-0.2695,-4.358,29.082,20.417,-18.306,-6.251,6.4873,-13.381,-20.68,-25.478,-20.789,12.66,16.989,-13.018,-19.388,-6.0653,12.283,26.179,11.519,-0.14014,9.2017,-1.4655,-9.61,14.257,13.156,-19.081,-17.643,8.5101,7.536,-7.1175,3.2839,24.614,23.418,6.3496,-8.1698,-12.144,-0.11006,1.7881,-19.913,-23.825,-13.398,-23.493,-20.297,9.3863,24.301,22.929,9.1335,-11.875,-3.8931,11.416,1.7251,2.3178,8.08,-3.6442,-2.8178,1.4366,-1.8927,13.057,13.497,-6.9733,4.0046,13.228,-9.1341,-11.61,-2.4257,-13.844,-19.377,-10.892,3.2628,19.772,14.08,-11.71,-19.645,5.2362,29.518,12.299,-15.206,-12.175,-11.694,-9.2762,16.929,8.9408,-17.308,8.4532,28.904,3.021,-12.024,-5.4405,8.4833,14.277,-12.007,-27.387,-8.2152,1.565,3.0699,1.7057,-8.1211,3.9992,16.175,9.0008,20.509,16.54,-17.933,-16.022,-4.3089,-19.052,-12.501,4.1988,9.2334,17.351,1.0291,-22.871,-8.616,11.095,13.759,9.3067,-1.1886,1.1552,3.4727,-10.731,-11.67,-5.3618,0.24929,12.169,-1.9242,-7.1091,25.273,7.9466,-30.998,-4.5216,9.6667,-9.0269,7.3874,15.715,3.5455,8.4928,0.98,-7.5919,-2.3913,-13.254,-7.8617,13.204,3.1779,-7.8897,-6.9075,-8.4132,-2.4791,-16.15,-21.679,23.476,32.677,-4.8451,-1.5757,9.4178,-0.48224,-0.63736,-2.5956,16.039,30.766,-20.189,-35.381,19.299,11.955,-24.444,-11.215,-6.4908,2.0512,25.341,-0.36095,-21.668,6.3084,15.581,7.6772,5.5674,-14.686,-21.688,-0.79219,1.3218,-8.4643,3.0654,16.595,8.4435,-4.0263,-3.7223,-4.0713,-3.9999,4.3797,-3.5288,-14.092,8.5144,20.985,-1.7451,-4.9625,14.807,15.06,-1.8741,-11.706,-2.6538,6.606,-4.4484,-8.8248,1.7276,-3.1653,-8.7364,2.5132,0.86923,-13.223,-7.1141,9.8839,1.0316,-24.599,-17.789,16.725,24.954,5.844,-2.4907,7.2956,13.184,-2.005,-10.7,9.7879,15.049,-4.3214,-4.4447,-1.2903,-8.5769,0.95762,2.327,-14.634,-6.4866,11.513,4.918,-3.8444,1.5703,4.4974,-8.2428,-18.561,-3.6052,12.173,9.9837,6.2922,-2.3112,-3.5222,11.918,-1.7526,-27.119,-12.622,1.4476,4.5257,17.695,-2.9132,-26.14,3.378,21.405,16.274,24.955,5.1878,-18.235,1.4871,3.9971,-9.8579,0.98263,-2.679,-8.043,14.364,13.631,-11.599,-21.21,-14.571,4.7495,8.1053,-11.254,-5.4543,4.9027,-9.3952,-6.1464,0.87689,-7.0281,8.5802,15.796,-3.8649,4.0548,10.745,-8.2188,5.4304,23.952,0.91717,-10.482,1.3407,-3.2554,-11.254,-1.8199,13.367,12.854,1.5232,7.323,9.4153,-9.0452,-0.46965,15.337,-15.011,-32.81,-6.7001,-0.86671,-19.18,-24.389,-11.051,13.521,11.453,-18.529,-11.542,22.863,25.226,6.8891,-5.8142,-3.63,17.903,24.5,4.2851,-4.7293,2.7995,13.386,24.653,15.931,-11.191,-19.035,-2.3195,6.169,-6.4257,-14.447,-6.526,-4.9079,-7.67,-8.7501,-25.875,-31.005,-3.9514,1.7989,-16.551,-16.332,-11.75,-0.95144,22.519,14.224,-2.8623,20.953,37.842,22.251,13.165,13.424,18.78,25.638,14.359,11.064,29.072,17.132,-18.297,-15.581,6.907,-12.873,-57.865,-64.25,-38.988,-36.702,-50.385,-43.965,-25.98,-11.256,0.26079,12.18,36.104,56.206,48.098,39.814,54.797,63.714,46.01,16.324,0.059154,5.0738,4.1582,-15.719,-23.625,-11.525,-13.611,-33.164,-37.095,-31.919,-43.499,-43.083,-17.793,-13.854,-21.049,-1.5948,11.553,13.415,27.08,12.678,-9.9484,24.456,47.699,7.8589,0.20468,42.534,42.801,5.6944,-4.2753,4.077,2.8951,2.9766,0.5676,-20.777,-31.012,-9.0747,-1.6163,-22.36,-20.851,-0.11015,-4.7802,-21.736,-19.857,-10.036,-0.84239,13.156,12.716,1.1044,17.368,26.388,-17.358,-32.679,9.5834,11.008,-7.2531,25.635,35.418,-0.22084,-3.7523,8.9799,6.6445,8.9863,0.6045,-11.516,0.50518,7.2634,-4.2972,-9.2305,-5.4794,-0.96498,-5.0411,-14.682,-12.135,-5.9383,-4.3588,-8.3164,-25.198,-14.949,29.702,29.144,-6.1194,-5.1353,-1.8303,-13.831,1.354,11.571,-9.5459,-5.9425,30.347,33.252,-2.342,-6.8404,12.761,-4.9122,-13.068,20.165,16.059,-8.7702,2.8395,-0.64425,-13.117,-2.6579,-17.008,-17.401,24.284,10.414,-33.124,-16.459,6.3356,-0.74023,-8.6558,-14.864,-3.5768,10.628,2.3366,2.0185,-2.2978,-19.267,1.882,29.76,17.904,1.2107,-8.8246,-2.5683,21.919,17.655,13.331,27.539,-9.5392,-36.865,19.623,40.084,-13.42,-27.363,-3.4029,-14.337,-38.117,-16.726,16.966,-3.0287,-15.701,23.296,10.012,-38.472,-11.707,15.592,-14.049,-14.918,13.494,17.92,-2.0453,-19.126,7.5936,33.74,8.7547,7.3658,24.389,-0.60553,1.0339,18.39,-9.3428,-2.2482,25.504,2.3678,6.2229,26.007,-11.367,-27.08,-2.1176,-4.2591,-19.208,-33.782,-33.188,-7.3125,-18.928,-39.767,-4.0255,10.121,-12.742,2.4651,13.687,-6.1393,-2.4259,14.336,19.325,22.254,26.106,39.681,43.808,21.822,19.4,40.928,31.274,-1.2955,-3.0033,15.252,-7.1983,-45.396,-26.247,-14.355,-65.59,-70.968,-39.928,-84.259,-103.43,-27.76,-2.8433,-29.698,14.689,76.022,77.746,74.189,89.236,82.129,57.73,53.613,54.679,22.571,-15.663,-24.261,-29.052,-37.037,-28.632,-29.788,-51.578,-57.525,-49.734,-53.094,-48.619,-24.858,-4.4735,11.032,19.901,7.1648,5.895,28.506,19.847,5.0728,40.988,56.062,18.213,10.433,28.066,23.046,15.925,7.0889,-4.3602,-2.158,-13.595,-29.534,-17.213,-8.6265,-11.693,-13.906,-30.998,-25.325,7.6022,-1.8854,-20.596,3.6704,13.422,-3.9527,-13.138,-17.42,-1.1867,16.91,-4.3694,-5.852,33.09,29.87,0.62921,9.8204,21.106,14.377,16.269,4.8354,-16.974,-5.7045,5.0682,-15.178,-3.4957,28.416,-4.5777,-42.727,-5.3299,19.677,-14.38,-28.645,-11.534,0.87119,1.6945,-15.673,-14.91,17.391,11.035,-17.438,3.2871,20.043,-3.9323,-2.0358,26.451,27.872,6.6919,-6.0946,0.49915,7.3998,0.24192,0.70586,5.7393,-4.8542,-9.911,-7.2262,-13.381,-7.262,3.0099,-6.9685,-5.7857,7.8806,-1.2889,-8.1034,5.921,7.1831,-6.0874,-12.515,-7.5215,6.9129,10.969,-2.4186,-8.6632,-3.8471,9.0821,28.301,15.656,-18.349,-5.9081,18.98,-8.2724,-21.707,16.737,21.718,-15.429,-20.13,-3.4186,0.66901,9.106,5.1081,-13.883,3.5749,19.248,-19.347,-23.075,25.187,13.145,-22.111,1.438,9.8666,-14.05,-6.4908,5.8264,8.1652,12.767,-5.2284,-7.634,15.182,-2.7081,-16.502,9.7964,5.3823,-3.8374,9.5311,-9.6067,-11.31,22.017,1.9697,-23.751,4.7441,15.804,-3.4657,-19.206,-16.501,22.704,29.906,-21.07,-21.006,19.656,10.14,-17.087,-23.481,-5.4495,26.778,11.308,-23,0.16142,24.709,10.992,-3.4025,-12.822,2.7246,24.588,-0.22309,-14.974,1.8212,-10.3,-12.433,9.1196,-2.069,-10.267,-1.1222,-6.2624,7.1048,17.145,-11.88,-20.867,-2.6034,7.8971,14.564,2.9013,-2.6303,18.473,1.5589,-32.053,-12.853,11.943,15.325,17.105,2.4128,-0.80882,13.383,1.1056,-2.5084,17.131,8.7112,-7.5634,-13.441,-33.079,-40.274,-22.401,0.63819,21.395,14.906,1.7335,23.726,24.062,-19.036,-24.922,3.213,4.7849,2.0986,16.021,7.7883,-15.546,-2.3222,18.612,-6.5058,-22.81,3.0504,6.2282,-0.364,20.376,9.5842,-19.697,-1.0419,21.138,13.583,10.253,8.3104,-0.99148,-14.061,-21.991,-5.4992,-2.5748,-29.951,-24.591,-8.6192,-22.624,-6.5948,15.874,-4.5801,5.6988,29.666,-1.0353,-3.5558,30.878,8.1044,-11.422,23.55,25.822,2.9087,14.69,15.321,-5.7754,4.9683,24.867,9.6854,-15.924,-22.438,-22.905,-29.398,-22.699,-2.6317,-9.4703,-31.242,-16.072,1.5276,-17.188,-14.828,11.625,0.25209,-17.348,-1.1909,5.791,-5.842,-0.75874,24.959,45.331,40.414,43.894,70.564,55.393,20.085,37.758,34.886,-19.819,-30.524,-25.784,-55.893,-56.848,-51.932,-83.711,-87.817,-70.722,-71.413,-49.907,-16.177,3.9099,44.965,88.421,93.824,86.236,84.307,76.1,60.271,42.91,21.179,-8.0172,-20.848,-13.406,-26.541,-47.135,-39.576,-32.492,-30.971,-24.023,-37.271,-40.439,-13.712,-14.77,-29.502,-16.118,-8.684,-5.611,14.856,26.774,22.68,11.599,17.357,51.17,46.715,7.5969,15.718,26.066,4.4178,16.268,18.544,-20.271,-14.363,10.5,-8.5709,-21.958,-20.549,-24.404,-8.1413,6.1269,-10.858,-31.907,-29.56,-4.4363,-0.58041,-30.872,-23.433,18.243,17.157,-1.382,6.3984,10.926,9.9512,21.88,31.773,24.877,8.5366,9.6862,28.064,21.172,-9.7469,-20.363,-3.744,13.04,6.1726,-16.404,-26.854,-24.181,-15.773,-11.864,-28.091,-28.144,3.9971,7.8603,-7.1599,9.5776,22.262,13.644,6.3598,-4.7408,4.4365,24.452,2.3566,-11.49,13.032,-0.64928,-27.11,3.4232,33.588,15.688,-10.728,-10.384,6.0783,-0.40475,-11.959,8.4261,2.3114,-35.697,-14.183,29.647,17.589,1.6417,3.8205,-12.048,-20.624,-5.9619,4.4747,-1.2905,-14.954,-10.732,6.1136,3.6951,4.3815,14.064,-2.2478,-9.6894,8.3899,1.3076,-4.0643,19.399,16.786,2.0187,11.25,1.8747,-16.262,0.61288,13.167,-8.2194,-29.518,-22.113,7.6067,18.326,-1.8787,-9.4453,2.6456,14.536,21.289,-5.6139,-40.994,-13.133,23.245,-1.7586,-14.928,9.5641,6.7922,-4.4607,1.8165,-7.5772,-7.0623,24.178,27.118,1.0901,-2.7696,-7.327,-23.138,-1.2244,27.032,1.8133,-24.782,-10.937,4.2138,17.298,22.972,-5.2685,-13.315,15.72,5.5043,-23.245,-15.791,-11.097,-8.4128,6.8809,-9.6666,-25.504,2.8735,19.454,14.687,20.506,13.594,-3.4169,-4.8515,4.3661,11.944,-4.4596,-18.793,12.891,22,-18.439,-15.223,11.109,-1.1916,-0.58562,3.9793,-18.478,-8.3928,7.2859,-20.735,-16.651,20.109,12.609,-4.6717,1.913,-1.0343,-1.4786,9.1366,-0.69365,-13.601,6.829,28.808,4.5573,-26.804,-3.3818,25.838,5.0275,-5.0188,15.58,4.8257,-11.934,5.3141,4.3553,-22.078,-29.178,-22.801,-6.6542,13.722,3.1528,-10.383,9.7042,20.067,8.1508,-1.6354,-15.153,-6.9799,21.889,12.869,-2.6512,11.094,-2.4161,-15.266,15.759,16.075,-7.1576,6.2363,3.402,-16.111,-0.019129,4.5741,-16.813,-22.485,-19.383,-3.875,7.9176,-9.8546,3.2692,30.368,-9.6837,-27.634,26.393,29.037,-6.4745,8.8412,11.89,-18.117,-11.755,4.6909,-1.1149,12.547,30.582,7.2304,-21.693,-18.654,-12.412,-7.5498,13.704,17.294,-4.6694,-11.178,-12.544,-18.021,-5.9603,-7.544,-18.914,10.093,27.573,4.3672,14.7,29.852,-4.1141,-8.7334,21.778,4.03,-24.532,-13.518,-6.7273,-8.2117,2.0443,0.59968,-4.1273,5.1235,9.4932,17.2,20.793,-14.986,-33.257,5.8069,9.6988,-26.221,-8.8647,20.241,3.8247,-6.0799,-1.2339,-2.4515,2.0571,-1.051,0.022954,14.717,3.6633,-1.0505,20.724,-0.80832,-28.26,-1.345,7.9736,-7.7756,2.3194,12.339,16.665,6.2853,-29.55,-17.985,17.781,-4.6526,-10.305,19.071,-3.0343,-22.174,2.3014,4.0369,-1.9786,6.2419,5.098,6.4659,-6.7782,-26.723,1.1385,23.937,-1.9796,-7.5378,10.274,10.853,9.0411,3.862,0.34119,15.216,18.907,3.7732,-10.627,-29.427,-34.773,-9.4969,12.792,5.7079,-15.189,-20.12,-7.2589,0.22611,3.4721,4.9358,1.4763,15.618,29.421,13.639,6.9018,9.6918,-4.7047,-2.1851,1.9756,-13.976,1.6396,14.932,-13.078,-7.7563,10.674,-15.16,-20.223,-5.575,-11.847,11.566,31.984,-10.433,-31.951,4.2823,16.188,-9.3718,-7.4808,24.678,11.938,-35.264,-18.344,19.807,-3.8177,-6.2159,34.987,29.783,4.7353,-2.085,-13.099,0.003321,14.482,-12.419,-18.015,1.9885,-6.6135,-8.2417,4.2998,-3.845,-3.6429,5.5042,-2.6343,0.47567,15.86,7.9342,-12.869,-14.182,1.0103,-0.81531,-16.994,-10.219,3.2186,-1.8874,-0.72284,5.5512,5.5063,12.798,14.884,13.957,23.011,9.4408,-15.56,-9.7776,2.0114,3.8544,2.1942,-17.131,-26.152,-6.46,6.9407,10.658,5.7927,-6.7713,6.1824,16.165,-8.2106,-14.78,-3.5145,-6.6492,-4.2005,-10.123,-19.352,6.7753,18.733,-4.9352,-10.256,-4.773,7.6336,27.141,3.3644,-15.024,24.326,29.117,-10.048,-11.799,-0.40189,-0.32969,8.508,12.204,12.404,7.3576,-4.2632,9.303,11.228,-24.436,-24.028,-4.6878,-27.063,-32.885,-11.496,-17.773,-20.848,1.3459,14.117,4.5262,-18.456,-12.842,30.398,36.985,7.4368,13.204,31.046,22.051,16.857,23.83,24.315,17.285,6.1124,1.5081,9.7875,7.5992,-24.813,-55.183,-46.081,-33.746,-47.22,-37.765,-12.144,-26.108,-35.753,-4.6158,11.293,11.287,29.869,39.386,35.913,46.441,50.353,32.879,22.469,23.052,8.1199,-12.069,-8.647,-2.1215,-13.693,-19.815,-17.274,-16.593,-13.107,-22.838,-33.268,-13.106,-5.389,-27.521,-24.359,-3.0012,8.6364,19.498,9.2443,-8.813,5.3764,17.582,10.939,10.828,6.1897,11.159,33.95,27.381,5.6504,4.2909,4.6181,15.741,21.856,-17.185,-35.052,-1.5305,-2.9889,-29.843,-16.114,-2.9377,-24.258,-31.783,-0.88713,21.467,-4.7977,-24.829,9.7274,25.669,-10.398,-20.794,1.3455,7.7302,15.815,32.129,27.435,11.611,3.3937,-0.75155,-0.019697,4.7484,4.7132,-4.2204,-12.89,-6.5043,5.136,3.3353,-2.4364,-8.8188,-20.047,-11.658,5.0846,-10.547,-16.347,17.465,12.866,-27.308,-12.493,16.826,-5.5183,-17.606,5.1528,9.9101,-0.037047,5.3068,25.575,33.494,7.1447,-4.8842,16.768,1.8188,-22.718,0.63593,-6.9698,-35.03,7.2139,25.846,-24.062,-17.19,13.196,-10.657,4.1153,44.484,6.1824,-33.122,-3.7115,8.9257,-16.363,-21.205,-10.218,-5.0339,4.6936,14.209,10.601,5.1689,8.5065,11.271,3.7263,-14.768,-22.331,7.7123,34.494,9.8911,-10.886,5.0524,-1.5269,-14.449,13.741,21.027,-14.57,-21.33,-0.96329,-0.925,-12.151,-10.695,5.6692,11.834,-7.7308,-13.781,2.0128,-2.6866,-12.119,-2.4646,0.85391,9.0077,25.252,5.3614,-19.824,0.36763,18.606,11.645,15.331,10.001,-13.151,-5.9213,14.668,2.9196,-8.102,1.6658,-4.281,-20.219,-18.511,-8.0356,3.4875,4.818,-13.252,-12.303,16.182,18.671,-3.186,-8.6369,-1.5933,6.4883,2.1452,-17.12,-7.2467,17.581,-1.8406,-16.979,15.15,27.054,5.8533,-1.3702,-0.026071,2.4299,6.3958,2.3873,6.6213,10.865,-4.6127,-8.2541,-0.38331,-8.6551,-4.4827,12.129,0.42469,-22.687,-29.456,-21.5,-1.0593,5.0487,-13.861,-13.506,12.005,13.534,-7.542,-0.093423,25.497,9.5184,-18.302,8.2289,32.006,2.4297,-0.86431,36.437,30.505,-2.7892,-0.30061,11.554,3.2796,0.56698,1.369,-17.991,-30.998,-22.253,-27.747,-28.905,0.92873,-4.2935,-39.474,-18.229,8.5163,-20.757,-28.194,1.5665,10.679,18.791,38.681,38.926,25.716,22.7,33.178,38.186,28.986,22.254,6.9744,-8.2449,16.355,25.705,-15.666,-22.388,-7.6139,-43.619,-72.712,-62.779,-57.277,-56.569,-60.628,-50.826,-10.588,-3.998,-8.8382,58.418,115.41,93.961,73.252,67.129,41.369,22.235,19.654,18.804,3.8332,-28.21,-39.849,-30.719,-36.696,-46.452,-50.745,-46.416,-13.694,10.478,-6.3911,-22.713,-16.97,-4.718,0.40186,-1.8365,16.909,37.536,13.862,-6.1928,11.802,19.269,13.898,13.592,13.387,26.124,22.054,-11.467,-2.0601,35.739,20.511,-13.911,-17.396,-16.517,-17.643,-8.7082,-9.7201,-30.578,-38.834,-13.28,7.3641,-4.5022,-16.787,-10.633,1.9652,5.3879,-7.7117,-3.111,26.06,25.651,8.963,15.955,16.722,16.574,31.03,13.812,-16.973,-7.3289,14.251,15.442,-0.35697,-19.812,-19.288,-12.411,-15.559,-13.882,-22.853,-30.699,1.1244,20.616,-6.4838,-18.239,-1.931,6.7638,5.1002,4.7631,20.191,33.855,18.439,1.1876,-5.4364,-9.084,7.6436,11.557,-11.356,2.1237,20.428,-14.497,-29.474,-0.34783,4.2775,-4.7094,3.3053,3.6814,-1.7687,5.5127,4.1134,-20.588,-28.265,-3.949,-0.31972,-10.127,9.8228,11.146,-10.332,10.389,29.658,13.466,13.441,11.037,-0.82356,8.7369,-10.409,-40.515,-16.788,-4.3682,-6.8713,31.506,22.705,-29.563,-2.0444,35.631,1.5134,-16.367,-3.3872,-3.2555,7.2526,5.4235,-21.765,-13.21,5.9593,-18.665,-25.589,8.7958,12.319,-6.7324,6.7441,23.596,13.212,0.90992,-2.0063,0.20437,3.0444,-1.6144,-0.11664,9.6615,6.4383,0.18086,0.64466,4.0096,25.467,34.799,-2.0548,-26.773,-18.651,-27.414,-29.595,-4.9735,-8.1643,-33.099,-23.127,9.5713,15.11,-2.6918,2.7535,21.547,13.163,9.8634,22.339,2.5047,-15.757,5.1168,13.464,2.3273,-0.96984,-0.15195,20.573,38.795,15.9,1.0391,13.287,7.5265,-6.6033,-17.265,-30.939,-22.968,-8.9005,-23.393,-43.456,-40.426,-19.541,-13.18,-25.601,-6.6502,18.918,-5.2342,-7.7871,35.658,34.55,17.245,43.618,47.423,16.281,21.105,53.829,54.702,17.921,-4.3789,9.3302,13.366,-9.584,-31.62,-40.825,-36.17,-42.171,-74.435,-87.991,-77.664,-79.893,-74.035,-48.034,-10.813,49.034,93.715,98.933,109.19,114.98,84.737,48.651,29.644,19.96,-2.005,-29.696,-19.632,-12.363,-47.022,-43.843,-17.684,-35.988,-27.856,-8.8892,-50.903,-54.908,-11.364,-22.091,-28.848,0.085737,1.3818,5.2608,19.779,17.702,31.159,37.964,24.14,31.312,24.88,7.8255,34.858,39.667,-8.0298,-22.446,-0.14479,11.075,10.882,2.7827,-9.3994,-21.764,-27.189,-23.286,-32.43,-30.961,0.53971,-1.5198,-25.02,-7.6379,4.7919,-3.7164,0.16339,-8.902,-8.3693,18.119,9.9192,-5.5136,10.599,14.117,18.495,28.003,11.103,15.069,33.83,16.408,8.2401,9.9069,-12.578,-14.598,-6.5346,-16.106,-11.983,-17.704,-27.012,0.77379,-2.008,-33.22,-6.3595,12.399,-25.001,-24.445,14.203,19.537,4.9302,3.4062,9.2712,1.7365,-8.3972,8.2864,18.405,2.2328,6.3942,10.68,-6.2433,21.436,61.562,27.417,-17.387,-14.087,-18.859,-31.126,-18.372,-19.098,-28.32,-1.388,14.589,-15.082,-20.187,13.802,21.003,6.091,7.8929,9.1925,-4.8282,-11.617,3.1258,12.213,-7.894,-12.395,18.05,14.839,-21.022,-18.47,4.6472,9.3459,14.414,19.58,9.1566,-9.631,-14.265,6.0031,12.597,-7.5179,-10.548,-3.6869,3.4359,26.917,10.76,-35.361,-19.07,6.7055,-11.701,-2.887,7.8449,-18.023,-10.316,14.359,4.7937,-5.8819,-10.796,-3.3527,23.689,17.485,-5.788,2.0347,6.7522,8.5348,16.662,-0.53654,-3.4466,12.372,-14.263,-31.399,-5.8289,-2.5511,1.6211,22.578,5.4337,-3.6656,19.193,-3.3854,-33.993,-7.1674,8.1978,-11.006,-9.1599,1.4987,3.9771,11.406,-0.85847,-18.901,6.0825,26.414,-3.7852,-16.395,12.288,18.809,0.15931,-6.3535,-0.80642,6.6337,4.0582,-7.6417,-6.3482,3.6682,3.8981,-5.727,-13.411,0.9619,15.317,-9.2184,-24.386,6.9755,24.009,4.3041,-16.937,-16.736,17.792,33.983,-9.13,-26.805,4.3378,3.2225,-10.64,-0.26181,-7.7001,-11.876,17.646,18.361,-17.587,-12.177,24.509,13.66,-12.958,10.562,18.74,-19.19,-18.173,3.3467,-3.6864,11.59,17.931,-18.385,-11.124,13.94,-8.3229,-8.1794,11.482,3.1704,5.8335,-1.187,-23.908,-6.3763,2.1484,-5.4919,28.22,23.01,-25.018,-5.7898,15.248,-17.564,-19.249,-7.7167,-13.617,13.691,32.497,4.9498,-5.2989,9.9441,9.9044,0.19934,1.7894,11.969,3.2794,-21.006,-20.055,-4.1733,-2.756,-0.88236,3.6638,5.1148,11.538,3.7385,-16.799,-9.0629,15.479,12.163,-8.736,-13.683,-5.2855,1.0753,1.2032,-9.5739,-15.991,1.497,9.8017,-3.7132,6.6069,19.788,0.78287,3.2371,23.272,5.2082,-10.131,4.02,11.485,14.705,2.9144,-23.996,-8.5805,15.587,-14.358,-30.755,-6.3852,-12.463,-25.657,3.9486,18.325,-5.2686,-1.5513,22.27,7.1718,-16.362,-5.0186,10.438,14.522,12.642,0.77614,6.2628,15.36,-12.898,-20.106,13.199,5.3166,-16.163,11.127,26.661,0.19232,-16.72,-0.61554,21.571,2.9131,-32.091,-22.73,-6.506,-7.5978,3.8268,-8.7777,-24.747,13.336,20.968,-20.379,-6.86,28.343,17.87,-2.9096,-10.78,5.2705,23.844,1.4246,-9.6817,9.5443,1.7073,0.50276,11.401,-17.38,-22.374,14.017,10.815,-4.6583,4.2285,1.0673,-4.8631,-2.5773,1.6207,10.787,-1.8065,-9.9924,20.266,11.811,-37.55,-33.466,-3.657,0.020496,-2.9245,-21.349,-27.639,17.564,37.141,-4.4172,-17.838,14.561,24.117,3.0622,-2.5903,20.65,35.166,15.413,3.4065,26.571,23.383,-22.983,-26.395,10.71,1.1762,-27.599,-22.847,-20.199,-19.903,-9.8515,-16.364,-13.444,-1.0805,-19.248,-19.64,5.6933,-4.4675,-8.4245,15.541,12.524,7.3822,14.673,8.6634,23.742,45.73,38.054,36.392,27.756,1.4516,7.4203,13.547,-6.0799,-5.9866,-9.8171,-30.24,-30.428,-33.792,-40.47,-32.09,-39.956,-40.898,-23.234,-35.085,-33.6,7.569,15.787,6.6729,28.75,49.137,59.793,66.518,53.051,38.143,33.706,29.478,25.109,7.3736,-23.54,-40.065,-29.683,-12.05,-24.27,-45.261,-29.809,-29.7,-57.098,-30.761,5.738,-11.125,-12.315,1.8343,-6.9875,6.8341,17.965,1.9583,27.949,57.382,24.356,5.669,34.942,44.505,17.458,-5.2524,2.852,11.033,-6.8483,-11.391,-7.6483,-28.495,-26.201,-2.787,-16.364,-27.325,-11.803,-11.154,-3.4484,8.8805,-18.474,-31.424,3.1629,12.809,-6.0709,3.2612,24.132,25.49,16.921,4.0428,-2.7321,6.8538,7.5007,-4.0764,8.6058,24.765,2.803,-15.711,-0.57417,5.2491,-1.6772,4.8587,6.9409,-0.35384,-1.8489,-8.0762,-16.698,-12.823,-9.9402,-15.812,-13.073,-1.889,-4.2331,-14.847,-3.5251,16.983,10.971,1.1619,13.449,10.609,-15.284,-10.272,26.271,29.832,-6.2238,-18.428,4.2665,9.1163,-6.0742,0.69026,16.837,6.0013,-4.8066,18.371,26.182,-13.371,-28.302,-6.3036,-20.065,-32.672,2.1597,9.5421,-8.7384,4.8222,3.0265,-17.22,-6.6217,3.032,2.3527,5.0543,-0.41798,19.814,31.564,-16.228,-16.24,28.501,-4.1851,-19.725,29.779,11.929,-13.14,27.319,16.195,-29.194,-24.573,-11.384,1.786,4.6015,-20.1,-3.0596,21.304,-17.019,-23.986,13.543,8.4341,6.5191,29.082,8.0267,-31.358,-27.126,10.96,25.05,-5.5365,-10.405,17.906,5.8912,-10.056,1.4831,-10.704,-8.0979,17.009,-7.3785,-21.957,12.945,14.79,2.6743,13.329,-1.4598,-15.301,3.6421,12.09,4.7677,-5.0836,-6.6931,13.011,9.7674,-16.926,-4.9648,9.4676,-18.268,-33.608,-12.67,14.099,16.677,-12.142,-18.723,9.787,14.4,14.215,31.93,6.0457,-35.882,-13.689,23.722,11.618,-11.02,-2.9337,13.897,6.9273,-10.817,-7.7151,6.4737,6.8451,-3.6144,-11.398,-8.814,-0.083356,4.5077,3.88,-1.9667,-8.1791,-3.8385,3.0126,-0.84585,-9.2373,-7.7437,6.961,16.144,13.821,13.516,-3.8858,-30.772,-10.157,22.746,1.9047,-20.296,-5.8171,4.0227,2.1548,-2.7024,-3.554,12.149,14.454,0.96518,3.767,2.1326,5.4745,31.458,14.449,-28.506,-17.084,2.3627,-4.9919,-1.7459,-9.1057,-21.754,-6.3664,-1.0885,-6.5123,6.9718,9.8355,2.3886,-1.3621,-15.928,-11.243,10.838,-1.6024,-14.578,9.9033,21.638,8.1904,10.254,22.534,15.145,-2.7338,-4.8127,1.8948,4.001,6.8744,2.5134,-4.9268,-4.487,-17.725,-22.548,5.7737,4.6796,-19.25,-6.193,-7.1075,-22.077,4.6888,2.2382,-30.01,-0.43307,23.575,-4.5439,-1.8213,12.46,-4.3379,-5.8488,14.099,35.031,39.599,11.707,1.6524,24.138,23.423,9.4497,-4.8265,-33.524,-32.753,-6.529,-6.4909,-14.138,-22.091,-35.374,-19.528,2.8344,2.013,3.3926,-3.8,-12.734,11.733,21.295,-4.7898,-4.5919,11.441,3.6764,5.8334,31.36,35.499,7.1272,-6.8484,7.2159,1.9427,-17.065,-0.95418,19.659,6.2414,-4.0701,6.4562,7.1654,-12.353,-24.902,-13.994,-11.81,-23.517,-12.354,-7.474,-25.775,-10.556,11.024,-4.7523,-1.6795,10.64,-6.5258,1.6145,20.576,4.8501,13.115,37.457,19.647,5.5024,9.8866,1.2059,8.511,16.83,-5.0258,-5.9417,12.331,2.4558,-3.385,5.5137,-7.3706,-19.351,-14.259,-20.92,-28.523,-22.347,-26.233,-37.067,-32.315,-18.709,-8.1974,-1.1341,8.2532,24.837,34.914,38.998,57.19,60.03,26.615,14.915,30.915,19.801,4.175,2.2085,-20.161,-32.943,-24.471,-42.135,-50.231,-24.091,-23.841,-29.164,-4.447,-2.0349,-11.64,9.7816,20.768,1.0597,-18.099,-14.526,19.367,39.227,21.957,25.877,39.031,10.047,-7.0899,11.314,13.776,7.6931,1.9763,-18.451,-23.63,-11.887,-6.3285,4.3008,3.0409,-11.236,-1.3315,-5.3393,-35.115,-13.311,22.298,-7.687,-29.668,0.20624,10.634,-4.1076,-9.8866,-12.601,0.088513,24.944,24.836,11.322,13.863,16.911,5.4741,-0.76869,14.796,24.973,4.5048,-10.595,-5.0773,-17.551,-29.631,-11.841,-3.6297,-4.4963,6.6224,-7.7665,-22.236,9.5889,19.199,-12.495,-11.212,6.4304,3.2859,4.263,-2.4814,-15.043,0.31717,13.926,15.458,25.937,4.6151,-30.137,-7.5867,18.028,-0.89416,-3.9198,1.4447,-14.85,0.51828,32.006,14.51,-11.051,-6.2233,-7.6298,-9.1628,6.5899,2.0098,-17.346,-7.0866,8.5854,-1.6837,-7.1697,0.63007,-1.0906,-2.7798,1.1688,1.2379,6.0554,7.0753,-4.7111,-4.7838,1.5514,-2.2736,2.9087,2.4998,-14.233,-1.0181,22.209,4.7651,-6.9957,8.8739,9.3763,6.1028,7.9917,-3.948,-4.0303,7.3261,0.30788,-12.632,-28.933,-31.739,11.313,31.95,-8.4879,-18.215,9.0608,8.109,2.018,-4.5258,-21.308,-0.78503,23.759,2.8512,1.4122,21.506,-0.99768,-22.171,-2.5219,12.792,9.1212,-0.71632,-4.0878,12.375,12.125,-22.087,-29.684,-0.93442,10.007,6.7234,9.2346,-3.2001,-11.971,12.541,17.586,-17.761,-17.52,15.093,11.98,2.059,1.9794,-22.743,-21.575,9.4184,-7.8737,-19.955,19.567,22.344,-3.4539,-2.6149,-6.4092,7.9333,33.501,-6.2661,-32.85,16.585,22.286,-18.032,-5.2327,16.022,-0.16085,-7.9578,6.739,15.6,-7.6732,-28.728,4.9722,27.085,-14.491,-34.601,-8.9943,3.6341,2.1075,-4.6629,-9.6035,1.078,1.021,-1.0124,18.921,19.998,7.3126,9.8769,-6.2641,-16.692,9.8593,17.065,13.772,21.022,-12.872,-34.176,3.3568,-3.9523,-36.134,7.0158,33.685,-12.924,-23.39,8.0108,7.4199,-5.0426,-0.30556,11.579,18.585,-5.3461,-41.287,-23.98,24.014,25.13,-0.78467,0.77175,3.2241,-11.903,-8.0319,7.7101,9.8911,13.549,6.399,-15.945,-1.6191,27.818,8.4355,-16.66,-9.6286,-6.8861,0.92567,17.036,0.23966,-21.762,-13.006,0.064673,7.9692,3.784,-12.127,0.34056,14.727,-7.5012,-7.5822,8.8356,-15.408,-21.788,7.6011,5.0619,-0.591,16.974,14.742,8.2552,6.2061,-6.4241,3.8348,9.683,-16.418,-0.90226,25.965,-15.158,-33.658,9.7983,19.196,9.8194,19.327,-3.3406,-25.691,-1.3229,1.7189,-27.882,-20.883,10.549,16.107,-2.6555,-20.486,-9.9029,16.095,7.6915,-11.599,5.2461,9.5099,-15.768,-7.6377,13.472,7.9411,13.55,20.286,10.941,20.931,16.473,-10.986,0.29073,0.88646,-28.089,-3.3183,5.9777,-43.038,-18.35,31.95,-5.1114,-19.295,14.481,0.059508,-14.562,-4.0583,-11.757,1.5508,18.032,-12.624,-20.168,18.499,27.561,1.5199,-11.041,1.0656,10.299,1.7857,1.1869,7.5048,0.77658,3.895,16.436,14.695,9.0527,-2.679,-10.611,7.7422,10.831,-6.51,2.9496,2.9791,-24.523,-26.229,-16.744,-17.883,-9.5716,-11.988,-20.846,-10.853,-10.653,-14.983,3.1654,16.61,17.689,17.245,11.55,15.482,18.07,8.4018,21.736,39.921,28.662,23.823,28.824,18.405,5.6452,-12.955,-26.018,-10.808,-11.25,-36.504,-45.011,-55.847,-65.961,-50.379,-57.442,-70.896,-20.819,32.793,36.609,48.379,68.641,66.176,72.028,79.392,56.558,30.995,15.474,-8.8324,-22.307,-13.768,-17.771,-38.41,-41.104,-25.324,-18.653,-27.138,-35.84,-28.726,-15.379,-23.811,-30.343,4.355,29.369,4.379,-4.3552,17.89,14.265,12.835,35.838,24.26,1.7022,19.61,18.489,-4.7181,21.953,43.128,-0.862,-27.952,-7.2149,1.9725,-0.26327,-3.6304,-20.963,-19.098,4.8815,-2.3322,-32.099,-40.846,-31.949,-12.248,11.556,11.905,-1.2321,2.2086,6.9383,4.4161,14.907,19.055,0.096876,2.073,33.13,36.321,5.995,-10.642,-4.6914,3.2756,2.048,-9.271,-14.701,-5.122,-4.4887,-20.855,-18.883,9.8059,21.083,1.0566,-11.43,0.59091,18.669,22.499,-1.1739,-26.525,-19.33,-12.57,-20.804,1.3769,17.311,-18.311,-19.611,26.499,13.713,-19.295,14.845,37.724,4.2765,-7.8939,5.2006,6.9191,17.741,23.873,-1.4096,-21.635,-17.763,-9.7595,-1.7325,-0.66004,-3.1865,7.0268,4.8182,-12.715,-1.7968,7.3852,-21.796,-24.851,7.6573,6.0737,-13.207,-12.321,-8.4272,9.9501,34.99,19.433,-4.7401,5.1361,6.4783,-9.9953,-2.0396,10.57,-2.7599,-5.7228,16.104,19.082,2.175,-3.3495,-12.524,-20.73,3.4849,15.355,-14.517,-23.444,-8.5715,-13.634,-6.0014,20.303,14.286,-5.7476,1.8319,13.736,1.7822,-12.208,-0.35906,10.364,-4.4011,-4.0711,11.493,-2.2974,-9.9799,11.264,6.3235,-11.864,0.80469,10.48,-1.0366,-7.0668,-3.0311,4.1147,3.7224,-7.041,-7.292,5.0625,10.592,3.3007,-6.5949,-1.8023,7.4717,-0.47362,-2.7032,11.208,8.3125,-11.696,-25.866,-22.593,0.013538,6.8863,-11.892,-4.1935,22.915,16.601,-3.3751,-1.8013,9.1226,16.803,18.484,7.6852,-12,-18.339,-6.3286,-7.4534,-14.7,2.5892,7.4116,-6.7389,10.741,20.995,-5.8011,-6.5079,4.0959,-12.197,-8.7506,3.8697,-8.9509,-8.8157,2.3822,2.0763,9.0445,8.0553,-2.9648,6.6873,11.903,-1.0575,-4.4986,-6.514,-5.4557,10.731,11.022,-5.295,-8.1895,-8.1237,-11.754,-6.6891,0.086466,4.441,7.4783,2.9349,-0.26176,6.6098,7.989,-0.093219,4.0237,13.297,0.068628,-12.285,-2.1849,-4.75,-11.356,6.9376,3.6852,-18.194,0.52445,14.832,-7.92,-4.5443,8.6694,-10.944,-11.483,11.944,8.0989,-5.573,-4.4481,-0.79395,7.0666,15.772,11.124,-3.2788,-12.686,-4.787,6.5045,-2.1257,-9.9503,2.9956,8.4726,-2.4134,-3.7542,5.61,11.178,9.5685,0.15968,-9.4039,-8.2979,-1.0463,-0.095562,-9.969,-15.377,-0.7166,8.823,-6.8322,-11.629,4.571,7.4444,4.9822,6.9627,-4.0502,-2.8859,13.293,0.43502,-16.035,-3.3263,9.8764,22.306,22.019,-9.6709,-10.589,17.919,2.5727,-17.536,-12.213,-18.263,-1.0117,21.048,-8.1767,-10.379,19.61,-3.5771,-14.043,14.92,-0.54807,-12.876,13.11,2.567,-23.382,-21.6,-16.014,-1.6537,8.8498,2.189,9.5055,9.7287,-2.6145,15.801,25.235,4.6686,8.1717,14.198,2.3173,11.597,12.987,-16.592,-24.369,-2.0265,11.351,0.10243,-19.434,-16.852,-1.3078,-2.505,-15.25,-26.885,-19.662,9.076,12.478,-11.793,-16.458,-7.4031,1.1586,12.951,13.658,12.847,16.358,15.064,32.58,43.276,11.519,1.8675,19.946,1.6012,-11.737,1.834,-9.6484,-19.912,-12.973,-26.612,-32.478,-15.995,-15.384,-23.174,-23.74,-23.584,-19.415,-10.032,7.6563,18.76,12.233,24.813,41.048,22.409,23.993,43.222,20.489,15.515,38.728,8.913,-22.238,-3.4424,0.1405,-17.406,-32.366,-44.764,-29.067,-18.034,-36.241,-22.611,2.0957,-7.1406,1.2153,15.06,-3.3206,-0.49203,18.685,12.271,16.781,31.987,19.79,2.0458,-1.7363,0.66136,8.1978,11.165,5.0248,-0.38458,4.7584,15.409,-0.11269,-32.119,-24.364,2.509,-4.8369,-16.402,-4.6141,3.2349,-1.1217,-5.7832,-4.5315,-1.1126,-9.0395,-14.537,1.7939,13.681,4.0583,-1.9369,5.0337,10.823,8.9635,1.4692,-0.11485,11.91,12.929,-12.772,-18.506,14.876,20.135,-6.3359,5.7209,23.407,-3.0624,-15.585,-1.8729,-3.4464,-2.7269,-6.9578,-27.924,-16.051,6.7818,-7.7859,-10.553,7.8698,3.3547,-2.3238,0.49299,-2.2814,12.993,25.088,0.33658,-15.964,1.6204,17.568,13.228,-4.6732,-12.107,2.769,7.5323,-4.0063,-0.56465,6.3545,-1.3628,-3.4464,-0.42407,-3.0155,4.5841,9.3474,-11.21,-20.912,-5.271,-5.9286,-9.4507,10.532,9.3273,-11.38,-1.5936,10.214,1.6032,7.2582,12.582,1.2001,-1.4134,-5.211,-10.633,4.5693,9.0735,-8.5666,-9.5208,1.425,4.6201,3.7587,-2.8073,0.80585,18.233,13.651,-6.9474,-6.5863,3.7353,-1.4562,-13.608,-7.6641,12.274,7.2677,-18.755,-17.752,3.9713,4.5734,-14.23,-18.852,7.2214,29.855,15.79,1.2297,6.781,-3.6446,-16.803,-1.9538,9.4178,3.2436,2.2202,2.6228,-0.51792,-1.3681,-4.6568,-5.0506,0.34551,-1.8761,-4.9124,4.7562,12.105,5.6727,-4.0918,-13.865,-18.638,-0.097457,26.527,19.143,-11.165,-19.013,-6.3936,0.54464,1.183,2.311,2.4878,-0.44346,-2.3904,2.7138,8.0909,6.7032,0.97506,-10.627,-15.821,-0.34268,11.707,7.3809,9.2812,8.9422,-8.4524,-12.889,5.2502,11.97,1.4272,-0.40768,1.0371,-16.535,-27.058,-6.9029,0.99584,-13.989,-2.6673,23.05,23.703,18.452,18.741,9.4044,-5.3784,-14.641,-8.2758,4.2771,-2.1946,-13.232,-12.811,-16.431,-15.725,-5.7384,1.5672,15.882,18.42,-3.5522,-3.7129,9.1722,-0.28697,4.0113,17.078,3.4119,-1.9247,6.3741,-0.83416,-5.2403,-2.199,2.5196,10.15,-4.3396,-17.268,0.93934,-0.64331,-15.263,2.5923,7.0273,-8.4373,-2.3124,-6.3152,-17.841,-3.5992,0.54949,1.7633,24.843,11.641,-23.815,-0.79582,32.741,8.2585,-11.096,15.653,21.586,-7.0904,-8.884,1.9246,-13.154,-12.103,7.3454,-0.13539,-6.3926,-0.80459,-14.919,-14.218,6.8458,4.7478,7.0195,17.823,-4.533,-17.588,7.0254,14.318,-5.5806,-19.355,-15.194,1.3896,6.5639,-3.3041,-6.2277,2.0524,18.418,22.214,0.82685,-5.1017,5.0563,2.6124,14.979,14.042,-28.833,-18.284,30.052,3.3997,-22.296,13.083,8.3959,-21.324,-7.4573,2.6839,-0.42271,4.1076,-5.2952,-6.4413,2.0912,-18.301,-32.117,-13.081,3.2347,11.306,11.844,2.1668,-0.68197,-2.5077,8.365,40.049,27.773,-15.095,3.5553,33.372,2.8013,-14.339,10.283,15.549,1.5025,-10.909,-23.215,-18.105,1.5318,7.7052,-6.0328,-27.625,-34.419,-20.947,-13.117,-12.729,-3.0731,3.5381,-1.0069,-2.7353,6.3455,19.097,13.712,1.3554,24.883,47.753,16.734,1.4368,33.203,19.668,-18.915,12.475,45.335,4.9802,-28.348,-15.689,-9.3254,-20.004,-38.276,-47.884,-24.344,-14.911,-45.708,-40.475,-2.8374,-6.2715,-10.564,18.035,24.95,19.742,28.906,25.454,27.496,41.28,30.509,26.983,40.253,19.775,-0.018798,11.244,4.9069,-7.1477,-7.421,-27.893,-31.909,-6.4532,-20.624,-54.413,-52.021,-43.687,-43.693,-38.461,-35.607,-18.255,17.204,39.913,47.646,47.64,44.282,48.156,41.761,25.93,30.547,30.301,0.26937,-20.239,-15.084,-7.387,-4.864,-4.2715,-2.2339,-8.5427,-29.284,-37.442,-29.093,-28.882,-27.477,-18.591,-8.7336,14.955,23.978,-9.0766,-22.473,7.9516,17.669,3.8226,11.956,25.114,16.535,7.9949,12.519,10.108,7.4662,28.472,34.814,-2.0541,-14.434,11.37,-0.54626,-24.171,-2.0044,2.0748,-30.457,-26.695,-5.5899,-14.893,-22.35,-18.493,-17.722,-6.951,-4.189,-12.966,6.7119,28.761,17.078,12.733,17.707,3.5284,8.4428,32.37,20.511,-2.2991,6.8409,10.846,-10.932,-10.642,14.52,-3.1565,-41.56,-10.973,25.866,-13.358,-33.252,-9.243,-15.046,4.4355,34.517,-10.981,-18.678,35.217,9.4906,-17.256,13.852,-17.303,-37.878,11.485,2.8681,-12.304,21.284,-1.4975,-12.934,34.501,19.436,-1.1542,30.11,4.8852,-30.7,-3.4952,9.6238,5.9571,14.135,11.189,4.78,-19.824,-37.083,-2.1654,-1.0433,-33.33,-6.4632,-2.4989,-32.952,9.7626,30.225,-15.872,2.8416,37.198,7.7948,-1.8344,12.909,2.5377,-9.814,-3.4351,20.28,15.383,-22.714,-1.3775,35.99,-1.5746,-17.318,9.197,-5.875,-12.938,-12.193,-37.548,-4.9952,31.12,-10.107,-7.7522,28.264,0.8969,-7.8149,-1.842,-27.891,8.7917,37.547,-36.194,-45.451,24.399,13.986,-9.4504,21.759,26.446,22.776,29.435,-1.4729,-19.927,1.715,2.0174,-10.277,-10.392,-22.623,-25.513,0.92313,11.914,-2.7392,-2.8388,4.6329,-6.9547,-8.09,8.608,-2.2029,-14.18,14.645,23.538,0.6141,12.597,23.327,-10.086,-23.507,-6.1417,-5.1756,-9.9065,-2.6903,9.5732,9.3189,-14.348,-11.966,26.449,19.308,-12.73,9.9253,26.466,-10.933,-25.125,1.2312,4.7394,-21.485,-23.396,14.858,23.879,-17.504,-18.447,22.009,11.996,-17.427,-1.7069,14.627,2.6705,-8.5523,-8.3392,-0.1109,4.1904,-2.7045,-7.0354,-5.4948,2.6151,15.989,15.487,11.27,12.705,-6.3384,-16.567,9.2924,8.4554,-15.721,0.1055,9.5608,-18.108,-16.465,7.7228,7.5801,4.0537,2.0427,-11.713,-17.699,-14.101,-9.0465,-1.5469,-1.7599,3.7624,20.481,13.746,0.45061,11.545,10.554,1.5859,15.753,9.2723,-18.886,-16.424,-7.5361,-6.02,9.8322,3.7004,-12.102,11.368,19.79,-1.6351,7.6258,7.9045,-22.681,-14.737,5.8073,-8.6355,-12.218,-6.0704,-17.14,-9.9998,11.675,9.6231,-4.7947,-6.1884,9.1851,14.586,-6.6154,-9.0167,16.862,18.967,8.4099,10.454,0.42079,-8.5004,-0.43546,1.5067,4.4382,4.5543,-9.8584,2.0239,21.836,-3.5232,-18.048,0.88521,-9.5552,-18.604,3.6863,0.31592,-6.3676,9.4681,-14.03,-38.946,-6.4607,1.6753,-23.573,-2.3663,22.431,12.862,14.54,12.89,8.7924,31.213,20.754,-13.657,5.1839,12.385,-18.071,8.3511,34.1,-9.0069,-9.8852,30.48,7.6914,-19.642,-2.2679,-8.5345,-30.987,-34.495,-41.387,-32.243,-0.14412,-0.85643,-22.243,-11.568,4.3292,-4.4239,-4.8005,16.047,29.974,27.16,22.84,26.232,25.226,16.625,28.914,50.734,29.557,-2.9484,10.083,20.412,-0.46336,-8.9732,-23.258,-57.214,-60.642,-49.396,-59.261,-57.147,-42.377,-43.205,-41.971,-20.966,17.395,56.149,69.222,67.507,64.687,49.96,43.848,53.921,39.881,3.1827,-10.277,3.9711,-0.95069,-30.902,-20.671,5.7519,-41.337,-80.875,-31.294,-12.343,-44.273,-23.561,-2.4108,-21.45,-8.6536,11.781,7.6239,22.823,34.626,16.894,10.936,21.544,17.568,-2.4038,-1.6594,29.041,30.344,2.6565,4.4462,4.2846,-11.766,1.6332,2.6958,-19.06,-1.9509,10.041,-17.137,-21.684,-6.5393,-4.167,-12.005,-27.186,-14.543,10.665,-11.919,-25.586,3.701,-1.1897,-13.426,22.523,40.516,18.947,4.9313,-0.43375,-1.6357,3.4502,4.1148,4.7276,12.555,21.243,7.7282,-22.99,-9.1223,32.927,13.679,-26.776,-10.481,9.8384,-1.8227,-5.8984,-8.2492,-23.842,-22.334,-4.2698,-10.838,-26.023,0.18565,20.475,-14.111,-21.702,17.357,16.131,0.7281,18.622,21.381,11.309,6.397,-9.4804,3.3257,31.682,11.852,-4.6882,13.954,6.5599,-10.881,0.8071,6.5857,-13.247,-31.839,-18.367,6.1785,-7.4423,-25.245,-14.1,-18.696,-16.65,18.715,14.554,-17.934,-5.1149,19.527,19.633,9.8766,-4.3682,0.50765,20.558,20.054,11.664,6.3426,7.1585,26.349,13.596,-30.253,-14.797,17.476,-16.167,-41.936,-19.424,-2.0991,7.9527,3.1863,-20.816,-9.2433,17.389,4.6238,-4.8131,2.0697,-8.6757,-3.39,14.447,-7.2415,-21.582,11.389,23.555,2.7451,7.8026,21.962,9.1596,4.0698,20.188,10.654,-24.482,-23.916,12.621,18.321,-8.5114,-12.276,0.81921,-6.3346,-22.563,-30.892,-35.017,-24.244,8.9253,35.608,27.77,7.2865,4.7079,6.3169,3.2548,6.8017,4.7317,3.62,10.009,-17.579,-36.13,23.854,47.367,-23.022,-29.092,28.488,12.071,-16.572,4.1061,-2.9745,-20.399,-6.5174,-1.6143,2.9614,10.829,-4.4493,-2.7475,9.632,-11.157,-12.398,9.6443,-5.9187,-15.46,2.6976,-4.8532,-9.5125,9.3767,8.9248,7.7218,19.168,19.928,28.277,25.485,-9.0493,-18.659,-14.094,-32.32,-23.165,-1.868,-3.692,17.11,17.601,-23.335,-1.7666,24.391,-22.945,-13.191,31.568,-10.783,-23.814,20.854,-3.6501,-22.946,17.75,22.823,18.687,22.337,-20.686,-32.622,8.3694,5.6098,-9.1886,7.0747,3.7746,-6.7851,-2.492,-2.1251,7.1893,11.908,-5.4605,-9.5311,-3.5231,-4.4403,9.1767,16.536,-5.0559,-18.68,-9.5761,3.604,11.414,3.1038,-14.867,-17.008,-1.3833,11.008,7.5982,-1.5162,-0.98331,9.0593,18.573,11.636,-8.8295,-8.5217,10.213,9.6999,-1.1468,-4.2368,-12.233,-12.531,4.1213,6.1325,-8.6733,-8.6025,1.9619,-3.8213,-16.327,-7.2067,11.773,13.956,5.4781,-5.1131,-10.038,3.5869,12.748,7.057,12.314,11.023,-5.0076,-3.6681,-7.0494,-16.647,6.2791,8.7411,-23.116,-6.9244,19.989,0.21126,-2.1808,10.814,-2.0609,-4.5023,-2.8183,-7.6814,10.908,8.3463,-23.718,-17,2.2302,3.991,16.803,7.9227,-9.691,18.136,21.414,-20.464,-15.486,7.8891,-6.175,-0.37724,22.528,2.3557,-26.186,-10.569,13.796,-1.9656,-21.861,-0.083756,14.626,-1.2614,4.4357,10.818,-5.1786,11.917,29.418,-5.1358,-22.384,-6.1649,-7.8859,-7.8549,-2.4511,-6.8757,3.1523,6.7317,-2.245,10.495,0.66617,-28.677,1.8724,30.427,-4.8023,-8.7702,25.779,14.145,-13.378,-10.709,-3.8119,-2.5734,0.58247,4.5323,0.60137,-17.972,-19.479,11.913,27.317,9.4363,-4.4185,-4.5449,-2.6076,0.1735,1.0358,-1.9643,-6.1068,-8.3085,-6.188,0.6824,8.7758,6.5158,-4.9227,-4.1999,5.2651,2.4665,-4.3485,-1.471,5.0941,3.9497,-6.0034,-3.8494,8.7399,0.86841,-5.7902,9.3891,1.2956,-14.904,11.668,26.942,-4.3664,-18.63,-3.4567,3.118,2.5081,-1.4657,-9.4739,-6.3667,3.621,1.6322,-11.343,-16.036,-0.38328,17.779,10.982,-12.427,-12.126,15.655,19.097,-4.7407,-1.6253,6.7798,-17.287,-18.576,11.781,12.877,3.3221,13.804,13.901,3.8353,2.9666,2.9395,-5.6528,-20.633,-15.209,9.1881,0.46923,-21.322,-7.5501,-0.04666,-10.063,-2.1842,1.9985,8.8372,27.467,3.9694,-24.907,0.48936,10.385,-7.2654,7.8651,10.343,-16.093,-4.7494,15.849,-3.1839,-11.521,17.118,29.894,2.0232,-15.429,7.8212,14.965,-14.063,-14.764,9.9943,3.8931,-12.569,-9.5753,-10.077,-16.878,-12.073,-2.0622,-1.0976,-3.8201,6.5097,17.815,7.3401,-1.8374,2.1443,-9.8565,-13.543,17.521,23.041,-5.3619,-3.1331,6.3068,-5.5598,7.7614,13.754,-21.896,-8.338,42.375,14.248,-31.907,-1.4275,28.395,8.1587,-12.468,-15.93,-6.154,-0.23141,-13.25,-8.9067,4.5409,-17.356,-25.381,7.8256,10.852,-20.969,-27.309,-8.1436,1.615,-5.2437,-0.59678,23.223,25.062,8.0672,14.119,29.304,34.019,31.614,16.489,9.3524,15.25,7.5034,1.1165,-5.7519,-26.996,-22.428,-17.019,-43.957,-30.426,-7.1881,-46.23,-44.683,7.1493,-7.5438,-31.457,-6.3643,1.4121,-0.12025,3.7633,3.5083,33.948,47.319,23.879,50.538,72.83,31.61,28.918,49.181,26.032,22.639,20.699,-17.861,-26.138,-30.436,-64.124,-61.775,-56.943,-87.415,-80.215,-53.182,-65.939,-66.972,-27.051,9.3263,34.248,72.65,106.1,98.989,84.746,94.289,81.281,46.524,26.28,-2.597,-21.862,-13.713,-33.811,-52.771,-31.558,-38.76,-60.78,-45.762,-35.775,-34.301,-36.454,-51.667,-13.154,42.49,15.989,-10.18,14.236,16.115,17.475,32.115,26.51,35.598,41.549,20.54,23.12,16.047,-12.179,6.9608,14.316,-25.599,-25.135,-8.8603,-15.94,5.2928,21.449,-2.7096,-17.861,-21.549,-24.127,-14.474,-12.899,-20.115,-17.81,-5.1269,5.0617,-7.0932,-5.3953,27.911,17.52,-10.7,13.128,10.742,-13.93,20.329,28.907,-0.92736,23.645,28.186,-9.4701,9.377,26.705,-1.9726,-3.7219,-2.7087,-20.509,-20.245,-26.137,-21.903,5.6257,-13.479,-37.743,-2.213,10.177,-13.624,-3.0184,12.976,11.483,13.67,3.4044,-7.6015,-2.3168,3.4371,23.647,35.664,0.36832,-13.788,17.725,9.2375,-21.041,-5.4154,13.483,5.0031,-7.6288,-21.001,-15.185,1.8799,-11.159,-9.3121,26.655,14.719,-15.623,9.3505,12.998,-22.799,-5.5907,21.045,-7.7936,-21.756,-1.9693,3.5614,4.8463,1.3021,-15.65,-13.254,-2.6995,-9.7698,-3.3615,18.562,21.548,10.343,5.0618,14.858,26.771,10.39,-9.8149,2.9248,7.1891,-13.261,-13.427,-7.0287,-17.669,-15.956,-7.3721,-6.6518,3.8879,4.9651,-9.4181,-1.1274,9.4551,-4.948,-8.0836,5.2851,14.542,19.911,0.97119,-25.477,-4.9172,24.458,8.5059,-7.2692,2.7246,1.375,-10.609,-9.8683,-2.8512,-0.18147,4.72,14.972,13.33,0.83503,6.7565,16.867,-1.9531,-16.159,1.9689,8.2739,-12.193,-16.675,-7.4783,-20.082,-29.403,-7.3821,2.5737,-7.1095,11.623,27.939,2.9341,-5.1017,17.01,12.19,-8.9299,-7.8625,11.432,26.979,12.892,-10.282,-1.6313,9.0257,-1.1874,-3.8557,-3.8142,-4.7434,2.1928,-6.9815,-15.72,-0.33057,-1.9503,-14.156,-4.5953,-6.1252,-11.025,5.9532,4.1275,-7.0158,3.1655,-3.2759,-11.69,11.043,11.245,-6.6213,18.743,41.24,11.395,-14.979,-6.8865,0.40359,-1.9808,4.8396,11.82,-2.8648,-19.171,-5.1971,11.198,-1.7973,-9.5646,3.2818,-0.2074,-10.574,-2.2015,-6.7434,-24.311,-12.687,9.6938,11.611,1.914,-13.649,-7.621,23.142,9.6282,-25.208,3.4392,32.754,4.6558,-7.6999,0.24201,-5.7848,14.545,36.725,8.937,-12.69,6.6555,14.913,-8.0448,-22.135,-2.6902,9.8002,-11.136,-19.516,-12.571,-22.894,-18.237,-5.527,-24.674,-22.467,17.592,29.739,22.693,26.444,19.669,1.9782,-16.353,-19.374,8.7061,20.916,-5.6495,-11.873,13.799,21.138,-2.6679,-16.309,10.727,27.626,1.8953,-1.2058,9.5296,-23.01,-31.831,-0.83103,-12.99,-27.185,3.9811,14.364,3.516,2.7781,-12.213,-20.753,-7.6239,-8.0548,-6.7955,11.312,11.753,0.6357,9.8539,26.447,21.438,5.126,7.0805,11.235,1.4672,7.8467,12.079,-11.492,-7.3115,13.396,-14.229,-29.663,7.2092,12.714,-16.979,-13.468,4.3796,-4.2308,-16.114,-7.9898,-8.1722,-25.925,-16.026,3.1317,-15.224,-3.5232,46.652,20.268,-31.816,9.7079,54.807,27.803,8.3038,12.26,-1.2144,-15.631,-13.17,-0.23578,3.1849,-11.288,-7.3241,14.87,8.274,-9.7785,-4.5985,1.0169,-1.6252,1.4161,0.063373,-9.9626,-17.766,-21.39,-16.289,3.3471,15.186,-6.1699,-30.128,-19.84,-4.8007,-1.8866,13.135,15.63,-4.6854,4.3579,21.929,1.7784,4.8177,51.46,54.261,11.584,5.8599,31.645,30.599,7.8902,-3.726,-6.2959,-11.876,-21.871,-34.76,-42.971,-51.269,-70.048,-73.169,-48.407,-34.938,-33.729,-12.687,13.297,32.485,55.779,66.774,68.671,86.118,90.987,56.334,25.139,27.117,17.172,-24.215,-36.731,-15.136,-27.408,-54.366,-47.199,-43.989,-51.775,-43.807,-41.587,-28.811,0.43293,-4.3029,-0.69115,34.205,12.668,-16.943,25.983,42.334,16.794,31.394,31.157,5.8648,26.569,34.938,3.0529,7.2398,21.646,-0.92202,-16.744,-11.638,-5.328,-1.2884,-8.943,-22.486,-31.824,-35.691,-19.257,-2.2932,-14.142,-16.194,3.4638,-2.3251,-14.676,-0.78529,0.022685,-9.5276,12.268,29.595,19.124,21.762,20.866,0.40822,15.28,36.95,2.8512,-16.031,16.037,18.037,-8.3944,-13.873,-14.845,-13.82,-8.8047,-13.023,-4.715,3.985,-10.796,-8.106,6.0307,-9.3837,-23.344,-18.433,-4.1639,14.514,-5.7974,-27.818,22.259,44.372,-12.457,-19.58,15.158,7.7604,8.0139,17.14,3.5747,20.61,36.564,0.40292,-15.485,-1.504,-8.1506,-2.3075,14.273,-4.6672,-24.868,-10.947,2.5127,-9.7974,-19.051,-5.3003,-9.4065,-27.124,3.6467,25.708,-17.727,-16.583,32.914,9.7994,-23.655,-1.8169,-9.3214,-9.9857,47.384,47.217,-6.4554,-2.6496,13.621,5.2963,20.878,17.54,-24.415,-25.346,4.7761,2.0756,-11.787,-10.876,-13.094,-17.11,-9.6309,2.4777,3.1607,-10.629,-19.412,-6.2744,11.861,8.1487,-0.35744,17.509,26.769,-8.3001,-28.742,0.3954,19.127,13.654,17.254,10.044,-8.6978,-5.1837,-0.20799,-6.1026,6.85,12.98,-15.582,-21.698,16.585,27.865,-6.9114,-23.005,-4.5497,6.0809,-2.9038,-17.409
